
1217281848.803565,-0.000009,0.000000,0.000000,0.000000,-0.009210,-0.523600,0.000000,0.000000,0.885565,1.088347,-1.871863,-0.276865,2.322621
1217281848.903301,-0.000017,-0.000001,0.000000,0.000000,-0.017481,-0.523602,0.000000,0.000000,0.885562,1.088347,-1.871863,-0.276865,2.322621
1217281849.003343,-0.000032,-0.000003,-0.000000,-0.000000,-0.037565,-0.523597,-0.000000,0.000000,0.885557,1.088347,-1.871863,-0.276865,2.322620
1217281849.103300,-0.000048,-0.000007,-0.000000,-0.000000,-0.064796,-0.523591,-0.000000,0.000000,0.885549,1.088348,-1.871862,-0.276865,2.322620
1217281849.203300,-0.000071,-0.000012,-0.000000,-0.000000,-0.097528,-0.523583,-0.000001,0.000000,0.885537,1.088348,-1.871861,-0.276865,2.322621
1217281849.303300,-0.000102,-0.000022,-0.000000,-0.000000,-0.129946,-0.523573,-0.000002,0.000001,0.885523,1.088349,-1.871858,-0.276865,2.322622
1217281849.403300,-0.000145,-0.000039,-0.000000,-0.000000,-0.161308,-0.523562,-0.000004,0.000003,0.885508,1.088349,-1.871855,-0.276865,2.322624
1217281849.503334,-0.000197,-0.000065,-0.000000,-0.000000,-0.187610,-0.523550,-0.000009,0.000005,0.885492,1.088348,-1.871851,-0.276865,2.322627
1217281849.603305,-0.000261,-0.000105,-0.000000,-0.000000,-0.208371,-0.523536,-0.000019,0.000011,0.885476,1.088350,-1.871846,-0.276865,2.322631
1217281849.703489,-0.000331,-0.000155,-0.000000,-0.000000,-0.228585,-0.523520,-0.000032,0.000019,0.885458,1.088354,-1.871841,-0.276866,2.322637
1217281849.803300,-0.000398,-0.000215,-0.000000,-0.000000,-0.239882,-0.523503,-0.000052,0.000030,0.885442,1.088364,-1.871837,-0.276866,2.322641
1217281849.903549,-0.000451,-0.000274,-0.000000,-0.000000,-0.246532,-0.523484,-0.000075,0.000043,0.885427,1.088376,-1.871832,-0.276865,2.322646
1217281850.003302,-0.000494,-0.000330,-0.000000,-0.000000,-0.253006,-0.523464,-0.000100,0.000058,0.885411,1.088395,-1.871827,-0.276865,2.322651
1217281850.103300,-0.000486,-0.000347,-0.000000,-0.000000,-0.254692,-0.523442,-0.000113,0.000065,0.885396,1.088418,-1.871823,-0.276865,2.322657
1217281850.203300,-0.000425,-0.000310,-0.000000,-0.000000,-0.255399,-0.523419,-0.000103,0.000059,0.885381,1.088444,-1.871819,-0.276865,2.322664
1217281850.303310,-0.000295,-0.000190,-0.000000,-0.000000,-0.254496,-0.523394,-0.000051,0.000030,0.885365,1.088467,-1.871815,-0.276865,2.322672
1217281850.403306,-0.000089,0.000039,-0.000000,-0.000000,-0.253775,-0.523367,0.000064,-0.000037,0.885350,1.088493,-1.871811,-0.276865,2.322681
1217281850.503307,0.000215,0.000411,-0.000000,-0.000000,-0.247027,-0.523384,0.000272,-0.000157,0.885337,1.088521,-1.871806,-0.276864,2.322690
1217281850.603483,0.000641,0.000991,-0.000000,-0.000000,-0.242951,-0.523402,0.000623,-0.000360,0.885322,1.088559,-1.871802,-0.276864,2.322699
1217281850.703333,0.001153,0.001751,-0.000000,-0.000000,-0.237245,-0.523420,0.001125,-0.000649,0.885309,1.088587,-1.871799,-0.276863,2.322708
1217281850.803551,0.001786,0.002761,-0.000000,-0.000000,-0.230176,-0.523440,0.001838,-0.001061,0.885296,1.088624,-1.871797,-0.276862,2.322718
1217281850.903300,0.002546,0.004058,-0.000000,-0.000000,-0.221195,-0.523461,0.002815,-0.001625,0.885285,1.088656,-1.871792,-0.276862,2.322726
1217281851.003302,0.003434,0.005680,-0.000000,-0.000000,-0.216025,-0.523482,0.004113,-0.002374,0.885271,1.088684,-1.871789,-0.276860,2.322730
1217281851.103301,0.004417,0.007593,-0.000000,-0.000000,-0.208627,-0.523504,0.005740,-0.003313,0.885259,1.088716,-1.871787,-0.276859,2.322733
1217281851.203300,0.005556,0.009928,-0.000000,-0.000000,-0.202463,-0.523528,0.007828,-0.004518,0.885245,1.088744,-1.871786,-0.276857,2.322737
1217281851.303306,0.006767,0.012584,-0.000000,-0.000000,-0.199646,-0.523552,0.010345,-0.005971,0.885229,1.088768,-1.871783,-0.276855,2.322734
1217281851.403301,0.008114,0.015684,-0.000000,-0.000000,-0.196536,-0.523577,0.013423,-0.007748,0.885213,1.088784,-1.871779,-0.276853,2.322732
1217281851.503334,0.009591,0.019254,-0.000000,-0.000000,-0.195502,-0.523603,0.017136,-0.009891,0.885195,1.088777,-1.871773,-0.276850,2.322724
1217281851.603305,0.011130,0.023180,-0.000000,-0.000000,-0.193103,-0.523630,0.021429,-0.012370,0.885178,1.088764,-1.871773,-0.276848,2.322719
1217281851.703489,0.012829,0.027672,-0.000000,-0.000000,-0.188798,-0.523658,0.026534,-0.015316,0.885162,1.088732,-1.871773,-0.276847,2.322706
1217281851.803300,0.014627,0.032647,-0.000000,-0.000000,-0.183677,-0.523687,0.032432,-0.018722,0.885147,1.088688,-1.871770,-0.276845,2.322692
1217281851.903348,0.016571,0.038233,-0.000000,-0.000000,-0.180964,-0.523717,0.039305,-0.022690,0.885130,1.088633,-1.871768,-0.276845,2.322680
1217281852.003302,0.018621,0.044364,-0.000000,-0.000000,-0.176404,-0.523747,0.047147,-0.027219,0.885114,1.088580,-1.871764,-0.276846,2.322668
1217281852.103300,0.020739,0.051007,-0.000000,-0.000000,-0.176477,-0.523779,0.055989,-0.032325,0.885094,1.088532,-1.871759,-0.276848,2.322665
1217281852.203300,0.022942,0.058201,0.000000,-0.000000,-0.178099,-0.523811,0.065926,-0.038063,0.885071,1.088505,-1.871757,-0.276850,2.322664
1217281852.303325,0.025151,0.065775,0.000000,-0.000000,-0.178710,-0.523843,0.076829,-0.044360,0.885048,1.088511,-1.871750,-0.276852,2.322667
1217281852.403306,0.027448,0.073924,-0.000000,-0.000000,-0.179225,-0.523877,0.088958,-0.051366,0.885025,1.088529,-1.871749,-0.276854,2.322671
1217281852.503308,0.029906,0.082843,-0.000000,-0.000000,-0.177371,-0.523911,0.102603,-0.059248,0.885004,1.088540,-1.871744,-0.276856,2.322683
1217281852.603490,0.032430,0.092342,-0.000000,-0.000000,-0.176615,-0.523946,0.117620,-0.067923,0.884981,1.088567,-1.871740,-0.276858,2.322697
1217281852.703333,0.035205,0.102898,-0.000000,-0.000000,-0.173698,-0.523981,0.134654,-0.077764,0.884961,1.088604,-1.871735,-0.276860,2.322716
1217281852.803378,0.037946,0.113817,-0.000000,-0.000000,-0.170509,-0.524017,0.152941,-0.088330,0.884942,1.088654,-1.871730,-0.276861,2.322735
1217281852.903300,0.040831,0.125581,-0.000000,-0.000000,-0.167873,-0.524053,0.173147,-0.100006,0.884921,1.088724,-1.871725,-0.276861,2.322750
1217281853.003303,0.043721,0.137860,-0.000000,-0.000000,-0.169573,-0.524089,0.194936,-0.112597,0.884894,1.088813,-1.871715,-0.276860,2.322768
1217281853.103300,0.046671,0.150759,-0.000000,-0.000000,-0.167911,-0.524125,0.218485,-0.126207,0.884872,1.088881,-1.871709,-0.276858,2.322781
1217281853.203300,0.049502,0.163821,-0.000000,-0.000000,-0.171937,-0.524162,0.243247,-0.140519,0.884840,1.088945,-1.871707,-0.276855,2.322795
1217281853.303306,0.052474,0.177742,-0.000000,-0.000000,-0.171485,-0.524198,0.270211,-0.156105,0.884814,1.088987,-1.871699,-0.276852,2.322803
1217281853.403301,0.055347,0.191829,-0.000000,-0.000000,-0.169561,-0.524235,0.298464,-0.172438,0.884790,1.089011,-1.871696,-0.276849,2.322812
1217281853.503482,0.058209,0.206342,-0.000000,-0.000000,-0.167212,-0.524270,0.328412,-0.189752,0.884767,1.089039,-1.871691,-0.276847,2.322818
1217281853.603333,0.061043,0.221231,-0.000000,-0.000000,-0.164523,-0.524305,0.360031,-0.208034,0.884744,1.089058,-1.871680,-0.276846,2.322806
1217281853.703548,0.063973,0.236873,-0.000000,-0.000000,-0.163027,-0.524340,0.393934,-0.227638,0.884718,1.089072,-1.871680,-0.276844,2.322795
1217281853.803300,0.066854,0.252829,-0.000000,-0.000000,-0.161067,-0.524374,0.429518,-0.248217,0.884694,1.089076,-1.871670,-0.276842,2.322788
1217281853.903341,0.069643,0.268984,-0.000000,-0.000000,-0.164854,-0.524406,0.466652,-0.269693,0.884660,1.089057,-1.871661,-0.276841,2.322783
1217281854.003302,0.072520,0.285852,-0.000000,-0.000000,-0.166465,-0.524437,0.506167,-0.292547,0.884628,1.089028,-1.871659,-0.276840,2.322775
1217281854.103300,0.075357,0.302998,-0.000000,-0.000000,-0.162449,-0.524467,0.547399,-0.316396,0.884605,1.088992,-1.871651,-0.276838,2.322761
1217281854.203300,0.078101,0.320286,-0.000000,-0.000000,-0.161431,-0.524493,0.590185,-0.341146,0.884577,1.088972,-1.871643,-0.276837,2.322753
1217281854.303311,0.080875,0.338131,-0.000000,-0.000000,-0.163665,-0.524518,0.635248,-0.367214,0.884543,1.088941,-1.871641,-0.276837,2.322745
1217281854.403335,0.083444,0.355628,-0.000000,-0.000000,-0.160930,-0.524539,0.681038,-0.393703,0.884517,1.088915,-1.871634,-0.276836,2.322724
1217281854.503305,0.086175,0.374130,-0.000000,-0.000000,-0.160212,-0.524558,0.729951,-0.421999,0.884488,1.088876,-1.871627,-0.276837,2.322715
1217281854.603485,0.088844,0.392755,-0.000000,-0.000000,-0.154182,-0.524573,0.780450,-0.451213,0.884468,1.088849,-1.871629,-0.276838,2.322696
1217281854.703301,0.091214,0.410718,-0.000000,-0.000000,-0.153056,-0.524585,0.831171,-0.480556,0.884440,1.088835,-1.871622,-0.276839,2.322681
1217281854.803561,0.093593,0.429088,-0.000000,-0.000000,-0.153694,-0.524593,0.884031,-0.511136,0.884408,1.088813,-1.871613,-0.276840,2.322679
1217281854.903300,0.095867,0.447399,-0.000000,-0.000000,-0.153425,-0.524597,0.938169,-0.542452,0.884377,1.088798,-1.871612,-0.276843,2.322676
1217281855.003302,0.098002,0.465516,-0.000000,-0.000000,-0.153262,-0.524596,0.993338,-0.574364,0.884345,1.088809,-1.871601,-0.276845,2.322674
1217281855.103300,0.099883,0.482927,-0.000000,-0.000000,-0.152314,-0.524588,1.048517,-0.606277,0.884315,1.088827,-1.871599,-0.276846,2.322679
1217281855.203300,0.101941,0.501300,-0.000000,-0.000000,-0.149967,-0.524576,1.106911,-0.640046,0.884287,1.088831,-1.871601,-0.276847,2.322680
1217281855.303306,0.103834,0.519360,-0.000000,-0.000000,-0.151152,-0.524557,1.166123,-0.674281,0.884252,1.088857,-1.871596,-0.276848,2.322682
1217281855.403309,0.105594,0.537134,-0.000000,-0.000000,-0.150637,-0.524532,1.226138,-0.708974,0.884220,1.088890,-1.871584,-0.276848,2.322679
1217281855.503483,0.107254,0.554697,-0.000000,-0.000000,-0.147044,-0.524498,1.287060,-0.744180,0.884195,1.088916,-1.871587,-0.276847,2.322681
1217281855.603333,0.108767,0.571890,-0.000000,-0.000000,-0.143342,-0.524458,1.348577,-0.779721,0.884170,1.088928,-1.871579,-0.276847,2.322678
1217281855.703553,0.110284,0.589320,-0.000000,-0.000000,-0.141026,-0.524411,1.411932,-0.816312,0.884142,1.088933,-1.871571,-0.276847,2.322688
1217281855.803300,0.111364,0.605115,-0.000000,-0.000000,-0.139831,-0.524354,1.473191,-0.851674,0.884112,1.088953,-1.871568,-0.276846,2.322685
1217281855.903300,0.112457,0.621125,-0.000000,-0.000001,-0.139614,-0.524289,1.536171,-0.888015,0.884080,1.088981,-1.871565,-0.276846,2.322699
1217281856.003302,0.113406,0.636719,-0.000000,-0.000001,-0.141778,-0.524210,1.599576,-0.924574,0.884042,1.089009,-1.871558,-0.276846,2.322704
1217281856.103300,0.114081,0.651231,-0.000000,-0.000001,-0.142818,-0.524122,1.661855,-0.960459,0.884006,1.089022,-1.871548,-0.276846,2.322714
1217281856.203305,0.114630,0.665306,-0.000000,-0.000001,-0.145204,-0.524021,1.724386,-0.996459,0.883965,1.089059,-1.871544,-0.276845,2.322724
1217281856.303311,0.114899,0.678233,-0.000000,-0.000001,-0.148016,-0.523910,1.785538,-1.031632,0.883923,1.089088,-1.871530,-0.276846,2.322743
1217281856.403334,0.115220,0.691426,-0.000000,-0.000001,-0.150323,-0.523786,1.848396,-1.067753,0.883880,1.089109,-1.871523,-0.276847,2.322770
1217281856.503305,0.115325,0.703594,-0.000000,-0.000001,-0.147535,-0.523651,1.909971,-1.103095,0.883849,1.089164,-1.871530,-0.276849,2.322802
1217281856.603488,0.115303,0.715270,-0.000000,-0.000001,-0.147600,-0.523500,1.971541,-1.138387,0.883812,1.089261,-1.871522,-0.276851,2.322839
1217281856.703300,0.115492,0.727878,-0.000000,-0.000001,-0.146864,-0.523338,2.036282,-1.175468,0.883776,1.089342,-1.871518,-0.276851,2.322868
1217281856.803357,0.115565,0.739999,-0.000000,-0.000002,-0.147763,-0.523163,2.100986,-1.212478,0.883735,1.089450,-1.871520,-0.276853,2.322910
1217281856.903300,0.115384,0.750985,-0.000000,-0.000002,-0.148584,-0.522972,2.164126,-1.248523,0.883694,1.089568,-1.871507,-0.276853,2.322958
1217281857.003302,0.115098,0.761488,-0.000000,-0.000002,-0.150819,-0.522768,2.227147,-1.284439,0.883649,1.089731,-1.871491,-0.276854,2.323006
1217281857.103300,0.114879,0.772278,-0.000000,-0.000003,-0.154159,-0.522545,2.291864,-1.321264,0.883599,1.089887,-1.871490,-0.276853,2.323064
1217281857.203300,0.114451,0.781992,-0.000000,-0.000003,-0.152337,-0.522308,2.354927,-1.357064,0.883562,1.090044,-1.871481,-0.276852,2.323113
1217281857.303332,0.113919,0.791231,-0.000001,-0.000003,-0.154653,-0.522051,2.417865,-1.392706,0.883514,1.090231,-1.871476,-0.276849,2.323168
1217281857.403307,0.113194,0.799419,-0.000001,-0.000004,-0.151220,-0.521779,2.479091,-1.427278,0.883481,1.090429,-1.871459,-0.276845,2.323213
1217281857.503489,0.112564,0.807956,-0.000001,-0.000004,-0.148278,-0.521486,2.542053,-1.462756,0.883447,1.090602,-1.871458,-0.276839,2.323244
1217281857.603333,0.111973,0.816689,-0.000001,-0.000005,-0.149744,-0.521178,2.606461,-1.498978,0.883401,1.090767,-1.871443,-0.276833,2.323281
1217281857.703377,0.111317,0.825019,-0.000001,-0.000005,-0.150916,-0.520854,2.670751,-1.535036,0.883355,1.090867,-1.871437,-0.276827,2.323303
1217281857.803300,0.110457,0.832280,-0.000001,-0.000005,-0.151064,-0.520508,2.733262,-1.569949,0.883311,1.090988,-1.871441,-0.276821,2.323315
1217281857.903300,0.109707,0.839911,-0.000001,-0.000006,-0.148104,-0.520146,2.797470,-1.605734,0.883275,1.091043,-1.871443,-0.276816,2.323317
1217281858.003302,0.108877,0.847163,-0.000001,-0.000006,-0.148019,-0.519757,2.861722,-1.641402,0.883232,1.091049,-1.871428,-0.276809,2.323318
1217281858.103300,0.107839,0.853314,-0.000001,-0.000006,-0.149408,-0.519351,2.924028,-1.675822,0.883183,1.091046,-1.871428,-0.276805,2.323304
1217281858.203301,0.106921,0.859904,-0.000001,-0.000006,-0.147526,-0.518921,2.988233,-1.711195,0.883144,1.091032,-1.871417,-0.276800,2.323285
1217281858.303310,0.105793,0.865388,-0.000001,-0.000006,-0.147466,-0.518474,3.050448,-1.745282,0.883100,1.090978,-1.871409,-0.276796,2.323260
1217281858.403481,0.104763,0.871254,-0.000001,-0.000006,-0.148209,-0.518002,3.114474,-1.780255,0.883052,1.090903,-1.871395,-0.276794,2.323251
1217281858.503333,0.103412,0.875393,-0.000001,-0.000006,-0.147203,-0.517512,3.174777,-1.812931,0.883010,1.090827,-1.871395,-0.276793,2.323220
1217281858.603550,0.102174,0.879924,-0.000001,-0.000005,-0.144895,-0.517002,3.236792,-1.846437,0.882971,1.090751,-1.871375,-0.276795,2.323205
1217281858.703300,0.100893,0.884161,-0.000001,-0.000005,-0.145981,-0.516463,3.298869,-1.879784,0.882922,1.090705,-1.871371,-0.276798,2.323207
1217281858.803338,0.099422,0.887349,-0.000001,-0.000005,-0.147674,-0.515903,3.358958,-1.911815,0.882871,1.090670,-1.871358,-0.276800,2.323198
1217281858.903300,0.098105,0.891090,-0.000001,-0.000005,-0.146741,-0.515313,3.421161,-1.944851,0.882826,1.090666,-1.871352,-0.276803,2.323211
1217281859.003302,0.096579,0.893747,-0.000001,-0.000006,-0.149822,-0.514703,3.481316,-1.976522,0.882769,1.090662,-1.871342,-0.276806,2.323225
1217281859.103300,0.094879,0.895444,-0.000001,-0.000006,-0.154693,-0.514063,3.539745,-2.006979,0.882704,1.090724,-1.871331,-0.276807,2.323233
1217281859.203300,0.092872,0.895454,-0.000001,-0.000006,-0.158765,-0.513401,3.594383,-2.035059,0.882640,1.090786,-1.871312,-0.276809,2.323258
1217281859.303334,0.090996,0.895943,-0.000001,-0.000006,-0.164444,-0.512712,3.650935,-2.064012,0.882568,1.090838,-1.871301,-0.276810,2.323290
1217281859.403306,0.088851,0.894842,-0.000001,-0.000007,-0.166813,-0.512001,3.703801,-2.090637,0.882505,1.090901,-1.871299,-0.276812,2.323328
1217281859.503485,0.086875,0.894350,-0.000001,-0.000007,-0.167996,-0.511264,3.758828,-2.118271,0.882444,1.091033,-1.871302,-0.276813,2.323378
1217281859.603300,0.084775,0.893027,-0.000001,-0.000008,-0.168219,-0.510504,3.812186,-2.144725,0.882386,1.091212,-1.871296,-0.276813,2.323429
1217281859.703551,0.083007,0.893033,-0.000001,-0.000009,-0.163788,-0.509722,3.869422,-2.173172,0.882344,1.091370,-1.871282,-0.276813,2.323486
1217281859.803300,0.081384,0.893579,-0.000001,-0.000009,-0.159306,-0.508912,3.928687,-2.202522,0.882303,1.091517,-1.871268,-0.276812,2.323538
1217281859.903300,0.079902,0.894642,-0.000001,-0.000010,-0.156290,-0.508080,3.989844,-2.232710,0.882257,1.091665,-1.871269,-0.276811,2.323602
1217281860.003302,0.078712,0.897042,-0.000001,-0.000011,-0.152284,-0.507221,4.055281,-2.265067,0.882217,1.091815,-1.871248,-0.276809,2.323661
1217281860.103300,0.077511,0.899232,-0.000001,-0.000011,-0.148129,-0.506338,4.120723,-2.297163,0.882177,1.092026,-1.871236,-0.276807,2.323714
1217281860.203305,0.076550,0.902545,-0.000001,-0.000012,-0.147732,-0.505423,4.189885,-2.331069,0.882125,1.092227,-1.871232,-0.276803,2.323761
1217281860.303319,0.075577,0.905650,-0.000002,-0.000013,-0.145081,-0.504487,4.259049,-2.364698,0.882081,1.092405,-1.871225,-0.276798,2.323795
1217281860.403483,0.074720,0.909250,-0.000002,-0.000014,-0.142887,-0.503513,4.330260,-2.399136,0.882036,1.092560,-1.871208,-0.276790,2.323830
1217281860.503334,0.073531,0.911147,-0.000002,-0.000015,-0.142573,-0.502519,4.397645,-2.431104,0.881984,1.092667,-1.871193,-0.276781,2.323865
1217281860.603378,0.072470,0.913546,-0.000002,-0.000015,-0.143050,-0.501503,4.466912,-2.463846,0.881929,1.092712,-1.871191,-0.276773,2.323874
1217281860.703300,0.071380,0.915734,-0.000002,-0.000015,-0.143496,-0.500448,4.536370,-2.496305,0.881874,1.092783,-1.871164,-0.276766,2.323869
1217281860.803300,0.070249,0.917657,-0.000002,-0.000015,-0.147688,-0.499373,4.605780,-2.528428,0.881804,1.092765,-1.871152,-0.276758,2.323824
1217281860.903300,0.068846,0.918051,-0.000002,-0.000015,-0.147287,-0.498260,4.671726,-2.558189,0.881749,1.092697,-1.871147,-0.276752,2.323799
1217281861.003302,0.067443,0.918281,-0.000002,-0.000015,-0.146174,-0.497127,4.737727,-2.587660,0.881697,1.092589,-1.871140,-0.276748,2.323753
1217281861.103306,0.066186,0.919104,-0.000002,-0.000015,-0.145996,-0.495955,4.805925,-2.617949,0.881641,1.092454,-1.871140,-0.276746,2.323707
1217281861.203307,0.064929,0.919766,-0.000002,-0.000015,-0.143563,-0.494759,4.874176,-2.647922,0.881593,1.092357,-1.871119,-0.276746,2.323675
1217281861.303334,0.063689,0.920359,-0.000002,-0.000014,-0.139954,-0.493520,4.942838,-2.677667,0.881551,1.092260,-1.871109,-0.276748,2.323635
1217281861.403305,0.062718,0.922180,-0.000001,-0.000014,-0.140744,-0.492258,5.015243,-2.709156,0.881492,1.092175,-1.871131,-0.276752,2.323609
1217281861.503488,0.061733,0.923845,-0.000001,-0.000014,-0.139164,-0.490954,5.087948,-2.740329,0.881442,1.092063,-1.871107,-0.276759,2.323597
1217281861.603300,0.060898,0.926092,-0.000001,-0.000014,-0.137020,-0.489625,5.162592,-2.772203,0.881395,1.092018,-1.871110,-0.276766,2.323600
1217281861.703347,0.060039,0.928131,-0.000001,-0.000014,-0.135989,-0.488271,5.237233,-2.803685,0.881343,1.092026,-1.871116,-0.276772,2.323624
1217281861.803300,0.058987,0.929259,-0.000001,-0.000015,-0.139755,-0.486869,5.310380,-2.833801,0.881272,1.092131,-1.871119,-0.276779,2.323655
1217281861.903300,0.057808,0.929566,-0.000002,-0.000016,-0.137534,-0.485444,5.381764,-2.862539,0.881224,1.092237,-1.871089,-0.276783,2.323680
1217281862.003303,0.056786,0.930563,-0.000002,-0.000017,-0.135653,-0.483941,5.455809,-2.892020,0.881174,1.092385,-1.871073,-0.276786,2.323712
1217281862.103300,0.055595,0.930651,-0.000002,-0.000018,-0.137865,-0.482415,5.528043,-2.920079,0.881108,1.092548,-1.871096,-0.276786,2.323759
1217281862.203305,0.054260,0.929935,-0.000002,-0.000019,-0.138194,-0.480842,5.598882,-2.946799,0.881049,1.092712,-1.871094,-0.276788,2.323814
1217281862.303334,0.052781,0.928373,-0.000002,-0.000020,-0.136954,-0.479248,5.667973,-2.972138,0.880996,1.092864,-1.871060,-0.276786,2.323869
1217281862.403491,0.051433,0.927378,-0.000002,-0.000021,-0.140500,-0.477606,5.739217,-2.998089,0.880922,1.093102,-1.871058,-0.276786,2.323925
1217281862.503333,0.050286,0.927090,-0.000002,-0.000022,-0.137292,-0.475950,5.812431,-3.024708,0.880876,1.093227,-1.871047,-0.276784,2.323943
1217281862.603376,0.048799,0.925139,-0.000002,-0.000024,-0.139249,-0.474267,5.882021,-3.048899,0.880808,1.093440,-1.871018,-0.276780,2.324022
1217281862.703300,0.047328,0.923152,-0.000002,-0.000025,-0.142401,-0.472540,5.952135,-3.072794,0.880734,1.093668,-1.871001,-0.276776,2.324063
1217281862.803300,0.045896,0.921131,-0.000003,-0.000026,-0.143447,-0.470800,6.022379,-3.096347,0.880666,1.093796,-1.871007,-0.276766,2.324089
1217281862.903300,0.044513,0.919146,-0.000003,-0.000027,-0.139695,-0.469015,6.093152,-3.119584,0.880620,1.093924,-1.870999,-0.276759,2.324092
1217281863.003302,0.043114,0.917011,-0.000003,-0.000028,-0.140410,-0.467214,6.163982,-3.142429,0.880555,1.094023,-1.870994,-0.276748,2.324094
1217281863.103301,0.041890,0.915567,-0.000003,-0.000029,-0.138699,-0.465373,6.237021,-3.165875,0.880500,1.094077,-1.870976,-0.276737,2.324089
1217281863.203301,0.040658,0.913995,-0.000003,-0.000030,-0.140333,-0.463517,6.310115,-3.188921,0.880430,1.094117,-1.870973,-0.276726,2.324067
1217281863.303486,0.039645,0.913230,-0.000003,-0.000030,-0.134741,-0.461627,6.385491,-3.212605,0.880391,1.094065,-1.870974,-0.276714,2.324013
1217281863.403333,0.038434,0.911528,-0.000003,-0.000029,-0.136245,-0.459729,6.459070,-3.234912,0.880323,1.093905,-1.870965,-0.276704,2.323959
1217281863.503545,0.037266,0.909822,-0.000002,-0.000028,-0.134390,-0.457821,6.532744,-3.256851,0.880269,1.093667,-1.870969,-0.276696,2.323888
1217281863.603300,0.036261,0.908811,-0.000002,-0.000027,-0.132084,-0.455873,6.608671,-3.279366,0.880217,1.093443,-1.870954,-0.276695,2.323808
1217281863.703337,0.035252,0.907692,-0.000002,-0.000026,-0.130935,-0.453911,6.684632,-3.301459,0.880161,1.093249,-1.870926,-0.276694,2.323719
1217281863.803300,0.034253,0.906549,-0.000002,-0.000025,-0.131489,-0.451913,6.761072,-3.323194,0.880097,1.093006,-1.870923,-0.276699,2.323655
1217281863.903300,0.033264,0.905332,-0.000002,-0.000024,-0.131944,-0.449901,6.837554,-3.344508,0.880032,1.092810,-1.870921,-0.276706,2.323607
1217281864.003302,0.032293,0.904157,-0.000002,-0.000024,-0.131555,-0.447821,6.914989,-3.365491,0.879972,1.092676,-1.870905,-0.276716,2.323568
1217281864.103300,0.031287,0.902813,-0.000002,-0.000024,-0.136630,-0.445726,6.992426,-3.386029,0.879884,1.092605,-1.870890,-0.276726,2.323562
1217281864.203335,0.030341,0.901562,-0.000002,-0.000024,-0.135459,-0.443587,7.070449,-3.406188,0.879824,1.092599,-1.870867,-0.276734,2.323548
1217281864.303318,0.029064,0.898709,-0.000002,-0.000025,-0.140623,-0.441436,7.144975,-3.424100,0.879733,1.092626,-1.870868,-0.276741,2.323542
1217281864.403491,0.027682,0.895192,-0.000002,-0.000025,-0.141845,-0.439246,7.218311,-3.440758,0.879658,1.092653,-1.870849,-0.276745,2.323545
1217281864.503301,0.026486,0.892402,-0.000002,-0.000027,-0.142853,-0.437044,7.293474,-3.457928,0.879584,1.092762,-1.870843,-0.276749,2.323557
1217281864.603566,0.024990,0.888086,-0.000002,-0.000028,-0.146761,-0.434832,7.365189,-3.472925,0.879494,1.092889,-1.870840,-0.276749,2.323595
1217281864.703300,0.023689,0.884564,-0.000002,-0.000029,-0.149248,-0.432589,7.439172,-3.488481,0.879409,1.092983,-1.870841,-0.276749,2.323615
1217281864.803300,0.022468,0.881146,-0.000002,-0.000030,-0.144374,-0.430341,7.513226,-3.503677,0.879359,1.093077,-1.870825,-0.276748,2.323654
1217281864.903300,0.021266,0.877748,-0.000002,-0.000031,-0.141066,-0.428066,7.587777,-3.518547,0.879303,1.093122,-1.870808,-0.276748,2.323657
1217281865.003302,0.020240,0.875066,-0.000003,-0.000032,-0.139067,-0.425784,7.664070,-3.533902,0.879242,1.093217,-1.870806,-0.276749,2.323714
1217281865.103305,0.019266,0.872481,-0.000003,-0.000034,-0.132000,-0.423475,7.740871,-3.548940,0.879207,1.093348,-1.870768,-0.276748,2.323662
1217281865.203307,0.018431,0.870536,-0.000003,-0.000035,-0.131486,-0.421171,7.819345,-3.564470,0.879142,1.093410,-1.870769,-0.276742,2.323638
1217281865.303483,0.017570,0.868508,-0.000003,-0.000035,-0.135689,-0.418848,7.898219,-3.579668,0.879052,1.093404,-1.870759,-0.276732,2.323641
1217281865.403333,0.016739,0.866486,-0.000003,-0.000035,-0.137650,-0.416529,7.977064,-3.594502,0.878972,1.093362,-1.870746,-0.276728,2.323681
1217281865.503381,0.015814,0.863806,-0.000003,-0.000036,-0.133873,-0.414206,8.054196,-3.608118,0.878920,1.093408,-1.870722,-0.276730,2.323647
1217281865.603300,0.014841,0.861002,-0.000003,-0.000037,-0.139208,-0.411857,8.131736,-3.621401,0.878821,1.093472,-1.870694,-0.276723,2.323622
1217281865.703300,0.014121,0.859102,-0.000003,-0.000037,-0.134393,-0.409534,8.210945,-3.635227,0.878773,1.093323,-1.870673,-0.276722,2.323569
1217281865.803300,0.013103,0.855793,-0.000003,-0.000037,-0.132666,-0.407151,8.287745,-3.647120,0.878711,1.093316,-1.870667,-0.276721,2.323544
1217281865.903300,0.012388,0.853895,-0.000003,-0.000037,-0.134317,-0.404782,8.367848,-3.660326,0.878631,1.093256,-1.870664,-0.276716,2.323480
1217281866.003308,0.011711,0.852066,-0.000003,-0.000037,-0.133371,-0.402402,8.448345,-3.673244,0.878564,1.093177,-1.870671,-0.276711,2.323388
1217281866.103301,0.011072,0.850275,-0.000002,-0.000035,-0.127953,-0.400048,8.528743,-3.685877,0.878521,1.092916,-1.870639,-0.276708,2.323315
1217281866.203334,0.010450,0.848529,-0.000002,-0.000034,-0.124190,-0.397681,8.609595,-3.698284,0.878472,1.092690,-1.870625,-0.276706,2.323280
1217281866.303317,0.010142,0.848224,-0.000002,-0.000033,-0.122591,-0.395319,8.693707,-3.711920,0.878413,1.092555,-1.870652,-0.276711,2.323157
1217281866.403559,0.009644,0.847058,-0.000002,-0.000032,-0.125115,-0.392972,8.775988,-3.724446,0.878331,1.092364,-1.870648,-0.276710,2.323063
1217281866.503300,0.009154,0.845904,-0.000002,-0.000030,-0.126454,-0.390637,8.858615,-3.736815,0.878254,1.092041,-1.870612,-0.276715,2.322998
1217281866.603347,0.008540,0.844040,-0.000002,-0.000028,-0.126014,-0.388305,8.939460,-3.748071,0.878186,1.091792,-1.870590,-0.276730,2.322942
1217281866.703300,0.007922,0.842189,-0.000002,-0.000028,-0.128728,-0.386071,9.020433,-3.760098,0.878100,1.091710,-1.870583,-0.276736,2.322886
1217281866.803300,0.007018,0.838875,-0.000002,-0.000028,-0.130209,-0.383846,9.097936,-3.770316,0.878020,1.091666,-1.870553,-0.276737,2.322790
1217281866.903300,0.006285,0.836347,-0.000002,-0.000027,-0.132991,-0.381648,9.177460,-3.781311,0.877930,1.091469,-1.870523,-0.276741,2.322724
1217281867.003302,0.005336,0.832517,-0.000001,-0.000025,-0.126802,-0.379470,9.253533,-3.790570,0.877890,1.091215,-1.870478,-0.276761,2.322657
1217281867.103305,0.004502,0.829346,-0.000001,-0.000025,-0.130128,-0.377278,9.331609,-3.800489,0.877799,1.091189,-1.870444,-0.276767,2.322641
1217281867.203307,0.003852,0.826948,-0.000002,-0.000027,-0.132903,-0.375088,9.411208,-3.810870,0.877708,1.091278,-1.870429,-0.276768,2.322604
1217281867.303493,0.003236,0.824636,-0.000002,-0.000028,-0.133673,-0.372916,9.491123,-3.821246,0.877626,1.091348,-1.870410,-0.276764,2.322546
1217281867.403300,0.002459,0.821539,-0.000002,-0.000027,-0.138166,-0.370782,9.569159,-3.830738,0.877522,1.091244,-1.870395,-0.276760,2.322478
1217281867.503552,0.001890,0.819272,-0.000001,-0.000027,-0.138058,-0.368665,9.648683,-3.840732,0.877442,1.091139,-1.870376,-0.276761,2.322451
1217281867.603300,0.001522,0.817853,-0.000001,-0.000026,-0.134108,-0.366569,9.730108,-3.851451,0.877384,1.091054,-1.870369,-0.276755,2.322403
1217281867.703300,0.000970,0.815604,-0.000001,-0.000025,-0.135434,-0.364497,9.809647,-3.861274,0.877297,1.090928,-1.870345,-0.276750,2.322282
1217281867.803300,0.000458,0.813498,-0.000001,-0.000024,-0.134221,-0.362470,9.889842,-3.871501,0.877224,1.090722,-1.870326,-0.276745,2.322192
1217281867.903300,-0.000188,0.810677,-0.000001,-0.000021,-0.133197,-0.360469,9.968169,-3.880863,0.877150,1.090455,-1.870311,-0.276744,2.322111
1217281868.003303,-0.000839,0.807850,-0.000001,-0.000019,-0.135426,-0.358497,10.046644,-3.890340,0.877056,1.090208,-1.870291,-0.276742,2.322042
1217281868.103301,-0.001475,0.805035,-0.000001,-0.000017,-0.138056,-0.356551,10.124889,-3.899670,0.876959,1.089938,-1.870263,-0.276742,2.321908
1217281868.203484,-0.002388,0.800828,-0.000000,-0.000014,-0.141007,-0.354639,10.199994,-3.907823,0.876857,1.089668,-1.870260,-0.276740,2.321784
1217281868.303333,-0.003255,0.796706,-0.000000,-0.000011,-0.141922,-0.352754,10.274877,-3.915854,0.876766,1.089355,-1.870248,-0.276739,2.321702
1217281868.403548,-0.004101,0.792616,0.000000,-0.000009,-0.144224,-0.350879,10.349544,-3.923727,0.876665,1.089102,-1.870233,-0.276743,2.321674
1217281868.503300,-0.005085,0.787842,0.000000,-0.000006,-0.148451,-0.349059,10.422656,-3.931285,0.876551,1.088828,-1.870209,-0.276746,2.321603
1217281868.603337,-0.005882,0.783870,0.000000,-0.000003,-0.152755,-0.347262,10.497171,-3.939402,0.876432,1.088552,-1.870188,-0.276751,2.321553
1217281868.703300,-0.006630,0.780038,0.000001,-0.000002,-0.154798,-0.345508,10.571801,-3.947901,0.876324,1.088379,-1.870160,-0.276757,2.321502
1217281868.803300,-0.007657,0.774791,0.000001,-0.000000,-0.158807,-0.343775,10.642907,-3.954995,0.876203,1.088184,-1.870161,-0.276761,2.321474
1217281868.903300,-0.008338,0.771119,0.000001,0.000001,-0.160613,-0.342100,10.717288,-3.963791,0.876092,1.088031,-1.870128,-0.276763,2.321423
1217281869.003302,-0.009123,0.766818,0.000001,0.000003,-0.161342,-0.340441,10.789790,-3.971834,0.875986,1.087897,-1.870124,-0.276764,2.321384
1217281869.103334,-0.009988,0.761981,0.000001,0.000004,-0.157304,-0.338837,10.860699,-3.979675,0.875910,1.087785,-1.870112,-0.276767,2.321344
1217281869.203305,-0.010697,0.757883,0.000001,0.000004,-0.157017,-0.337251,10.932972,-3.988072,0.875811,1.087714,-1.870074,-0.276768,2.321303
1217281869.303485,-0.011196,0.754687,0.000001,0.000006,-0.155242,-0.335744,11.006849,-3.997634,0.875722,1.087579,-1.870075,-0.276769,2.321252
1217281869.403300,-0.011830,0.750788,0.000001,0.000006,-0.154520,-0.334241,11.078809,-4.006437,0.875627,1.087529,-1.870071,-0.276768,2.321211
1217281869.503547,-0.012140,0.748405,0.000001,0.000007,-0.154698,-0.332773,11.153735,-4.016454,0.875525,1.087435,-1.870059,-0.276764,2.321171
1217281869.603300,-0.012561,0.745415,0.000001,0.000010,-0.152521,-0.331390,11.226966,-4.026418,0.875439,1.087212,-1.870051,-0.276758,2.321119
1217281869.703300,-0.012992,0.742405,0.000002,0.000012,-0.154559,-0.330031,11.299893,-4.036331,0.875326,1.086987,-1.870034,-0.276755,2.321066
1217281869.803300,-0.013392,0.739525,0.000002,0.000015,-0.154711,-0.328782,11.372956,-4.047346,0.875223,1.086761,-1.870004,-0.276753,2.320991
1217281869.903300,-0.013618,0.737431,0.000002,0.000019,-0.156395,-0.327566,11.447340,-4.058948,0.875110,1.086491,-1.870009,-0.276752,2.320915
1217281870.003307,-0.014128,0.733950,0.000002,0.000022,-0.157010,-0.326411,11.518370,-4.069894,0.875002,1.086241,-1.869997,-0.276749,2.320850
1217281870.103308,-0.014448,0.731293,0.000002,0.000024,-0.155202,-0.325268,11.590753,-4.081363,0.874910,1.086057,-1.869957,-0.276751,2.320774
1217281870.203487,-0.014768,0.728667,0.000003,0.000028,-0.157564,-0.324221,11.662912,-4.093515,0.874790,1.085760,-1.869962,-0.276753,2.320732
1217281870.303333,-0.015067,0.726089,0.000003,0.000030,-0.157976,-0.323162,11.734812,-4.105525,0.874681,1.085641,-1.869918,-0.276757,2.320643
1217281870.403376,-0.015359,0.723538,0.000003,0.000032,-0.160640,-0.322133,11.806392,-4.117529,0.874556,1.085477,-1.869891,-0.276757,2.320542
1217281870.503300,-0.015609,0.721114,0.000003,0.000035,-0.161324,-0.321179,11.877797,-4.130176,0.874442,1.085312,-1.869887,-0.276759,2.320476
1217281870.603300,-0.015994,0.718002,0.000003,0.000038,-0.161106,-0.320253,11.947257,-4.142239,0.874334,1.085102,-1.869851,-0.276761,2.320374
1217281870.703301,-0.016346,0.715006,0.000004,0.000042,-0.160928,-0.319414,12.016527,-4.155010,0.874224,1.084844,-1.869838,-0.276759,2.320248
1217281870.803300,-0.016530,0.712790,0.000004,0.000046,-0.162332,-0.318601,12.087108,-4.168349,0.874104,1.084563,-1.869839,-0.276757,2.320146
1217281870.903306,-0.016840,0.709934,0.000004,0.000050,-0.161170,-0.317856,12.155861,-4.181780,0.874000,1.084327,-1.869807,-0.276754,2.320030
1217281871.003303,-0.017105,0.707192,0.000004,0.000054,-0.157883,-0.317139,12.224305,-4.195219,0.873911,1.084043,-1.869785,-0.276750,2.319891
1217281871.103334,-0.017245,0.705156,0.000005,0.000060,-0.160547,-0.316518,12.294076,-4.209997,0.873782,1.083712,-1.869757,-0.276747,2.319763
1217281871.203305,-0.017358,0.703194,0.000005,0.000066,-0.162002,-0.315929,12.363522,-4.224795,0.873659,1.083310,-1.869739,-0.276746,2.319646
1217281871.303549,-0.017424,0.701351,0.000005,0.000073,-0.159354,-0.315369,12.432658,-4.239598,0.873563,1.082859,-1.869721,-0.276747,2.319518
1217281871.403300,-0.017320,0.700322,0.000006,0.000079,-0.156374,-0.314881,12.503199,-4.255670,0.873471,1.082477,-1.869698,-0.276748,2.319388
1217281871.503344,-0.017101,0.699958,0.000006,0.000086,-0.158522,-0.314407,12.575031,-4.272267,0.873344,1.082117,-1.869660,-0.276752,2.319258
1217281871.603300,-0.016999,0.698969,0.000007,0.000092,-0.156449,-0.314015,12.644968,-4.289052,0.873245,1.081756,-1.869623,-0.276759,2.319091
1217281871.703300,-0.016905,0.697976,0.000007,0.000096,-0.157039,-0.313607,12.714622,-4.305715,0.873129,1.081512,-1.869599,-0.276763,2.318985
1217281871.803300,-0.016812,0.697038,0.000007,0.000101,-0.159078,-0.313366,12.783964,-4.324088,0.873001,1.081268,-1.869581,-0.276762,2.318841
1217281871.903300,-0.016718,0.696114,0.000007,0.000107,-0.161553,-0.313158,12.852963,-4.342502,0.872867,1.080926,-1.869562,-0.276762,2.318709
1217281872.003311,-0.016438,0.696014,0.000008,0.000114,-0.159766,-0.313058,12.923111,-4.362353,0.872763,1.080559,-1.869543,-0.276763,2.318564
1217281872.103309,-0.016312,0.695188,0.000008,0.000121,-0.158266,-0.312970,12.991316,-4.381637,0.872657,1.080166,-1.869519,-0.276763,2.318457
1217281872.203491,-0.016171,0.694422,0.000009,0.000127,-0.157022,-0.312962,13.059055,-4.401798,0.872550,1.079869,-1.869525,-0.276764,2.318311
1217281872.303325,-0.015862,0.694434,0.000009,0.000135,-0.152891,-0.312999,13.128058,-4.422556,0.872464,1.079449,-1.869496,-0.276765,2.318165
1217281872.403551,-0.015568,0.694424,0.000009,0.000143,-0.151765,-0.313035,13.196756,-4.443245,0.872359,1.079077,-1.869487,-0.276769,2.318005
1217281872.503300,-0.015106,0.695210,0.000010,0.000151,-0.148514,-0.313182,13.266578,-4.465447,0.872270,1.078678,-1.869472,-0.276775,2.317884
1217281872.603301,-0.014684,0.695917,0.000010,0.000158,-0.150440,-0.313331,13.336078,-4.487592,0.872144,1.078303,-1.869478,-0.276781,2.317775
1217281872.703300,-0.014252,0.696664,0.000011,0.000166,-0.148175,-0.313580,13.405032,-4.510727,0.872048,1.077951,-1.869428,-0.276790,2.317665
1217281872.803300,-0.013680,0.698128,0.000011,0.000171,-0.147845,-0.313810,13.475335,-4.534252,0.871939,1.077722,-1.869414,-0.276798,2.317555
1217281872.903301,-0.013273,0.698848,0.000011,0.000176,-0.149119,-0.314142,13.543425,-4.558289,0.871817,1.077492,-1.869435,-0.276805,2.317471
1217281873.003303,-0.012889,0.699524,0.000011,0.000180,-0.151726,-0.314453,13.611234,-4.582189,0.871684,1.077361,-1.869441,-0.276808,2.317413
1217281873.103484,-0.012484,0.700260,0.000012,0.000185,-0.149261,-0.314887,13.678428,-4.607208,0.871587,1.077180,-1.869400,-0.276810,2.317329
1217281873.203333,-0.012099,0.700959,0.000012,0.000189,-0.150304,-0.315311,13.745329,-4.632130,0.871464,1.077049,-1.869406,-0.276806,2.317244
1217281873.303550,-0.011557,0.702410,0.000012,0.000192,-0.148861,-0.315739,13.813561,-4.657510,0.871359,1.076942,-1.869391,-0.276798,2.317119
1217281873.403300,-0.011324,0.702395,0.000012,0.000199,-0.147649,-0.316309,13.877880,-4.683079,0.871254,1.076682,-1.869392,-0.276787,2.317006
1217281873.503337,-0.010778,0.703874,0.000013,0.000206,-0.144330,-0.316905,13.945129,-4.709696,0.871165,1.076371,-1.869372,-0.276775,2.316867
1217281873.603300,-0.010088,0.706107,0.000013,0.000216,-0.142343,-0.317659,14.013370,-4.738212,0.871067,1.075956,-1.869367,-0.276765,2.316688
1217281873.703300,-0.009249,0.709069,0.000014,0.000227,-0.138376,-0.318441,14.082906,-4.767262,0.870986,1.075462,-1.869363,-0.276761,2.316507
1217281873.803300,-0.008449,0.711960,0.000014,0.000238,-0.135834,-0.319481,14.151190,-4.799062,0.870897,1.074992,-1.869327,-0.276757,2.316354
1217281873.903300,-0.007537,0.715492,0.000015,0.000249,-0.136042,-0.320519,14.220788,-4.831306,0.870787,1.074546,-1.869311,-0.276753,2.316159
1217281874.003336,-0.006671,0.718927,0.000016,0.000261,-0.137763,-0.321720,14.289501,-4.865067,0.870665,1.074021,-1.869275,-0.276755,2.315950
1217281874.103305,-0.005959,0.721614,0.000016,0.000274,-0.136109,-0.322914,14.356301,-4.898227,0.870569,1.073494,-1.869238,-0.276758,2.315726
1217281874.203490,-0.005448,0.723453,0.000017,0.000285,-0.138588,-0.324232,14.420579,-4.932314,0.870440,1.073018,-1.869223,-0.276762,2.315543
1217281874.303311,-0.004941,0.725282,0.000017,0.000298,-0.139115,-0.325561,14.484578,-4.966386,0.870325,1.072488,-1.869186,-0.276771,2.315332
1217281874.403351,-0.004441,0.727090,0.000018,0.000312,-0.138787,-0.326894,14.548278,-5.000402,0.870216,1.071929,-1.869165,-0.276782,2.315121
1217281874.503300,-0.004083,0.728192,0.000019,0.000324,-0.136191,-0.328338,14.609512,-5.035405,0.870124,1.071501,-1.869139,-0.276793,2.314922
1217281874.603300,-0.003616,0.729931,0.000019,0.000334,-0.138667,-0.329754,14.672094,-5.070765,0.869994,1.071151,-1.869145,-0.276802,2.314751
1217281874.703300,-0.003163,0.731638,0.000020,0.000345,-0.142284,-0.331345,14.733687,-5.107894,0.869852,1.070747,-1.869184,-0.276811,2.314621
1217281874.803300,-0.002856,0.732615,0.000020,0.000355,-0.140662,-0.332905,14.793409,-5.144337,0.869749,1.070395,-1.869141,-0.276820,2.314505
1217281874.903306,-0.002409,0.734307,0.000021,0.000366,-0.141634,-0.334645,14.853743,-5.183146,0.869626,1.070015,-1.869141,-0.276831,2.314402
1217281875.003309,-0.001820,0.736703,0.000021,0.000373,-0.140908,-0.336327,14.915485,-5.222214,0.869515,1.069796,-1.869109,-0.276841,2.314314
1217281875.103483,-0.001408,0.738311,0.000021,0.000382,-0.142617,-0.338188,14.974507,-5.262710,0.869385,1.069549,-1.869115,-0.276849,2.314253
1217281875.203333,-0.000998,0.739902,0.000022,0.000389,-0.141727,-0.340010,15.033295,-5.303002,0.869274,1.069382,-1.869083,-0.276859,2.314192
1217281875.303379,-0.000750,0.740729,0.000022,0.000393,-0.140980,-0.341767,15.090251,-5.342494,0.869163,1.069352,-1.869061,-0.276861,2.314131
1217281875.403300,-0.000355,0.742277,0.000022,0.000397,-0.139590,-0.343699,15.147718,-5.384440,0.869057,1.069349,-1.869011,-0.276858,2.314055
1217281875.503300,0.000172,0.744503,0.000022,0.000402,-0.140755,-0.345644,15.206494,-5.426874,0.868930,1.069264,-1.869023,-0.276848,2.313979
1217281875.603300,0.000531,0.745930,0.000022,0.000412,-0.140952,-0.348011,15.261493,-5.472880,0.868810,1.068985,-1.869030,-0.276832,2.313860