
1217281848.803565,-0.196759,2.473539,-3.898730,1.264453,-10.010254,-0.023814,0.131329,-1.699253,0.077500,0.736500,10S
1217281848.903301,-0.224867,2.276780,-1.896680,1.053711,-10.537109,-0.029806,0.147956,-1.699253,0.093333,0.932900,10S
1217281849.003343,-0.252976,2.220563,-4.109473,1.159082,-11.696191,-0.029806,0.147956,-1.699253,0.093333,1.620300,10S
1217281849.103300,-0.281084,2.276780,-5.268555,1.264453,-11.063965,-0.038763,0.168268,-1.699253,0.111389,1.620300,10S
1217281849.203300,-0.309192,2.389214,-6.322266,1.264453,-9.904883,-0.038763,0.168268,-1.699253,0.111389,1.374800,10S
1217281849.303300,-0.309192,2.445431,-6.638379,1.264453,-9.272656,-0.047720,0.188579,-1.699253,0.118889,0.982000,10S
1217281849.403300,-0.252976,2.473539,-6.954492,0.948340,-9.378027,-0.047720,0.188579,-1.699253,0.118889,0.687400,10S
1217281849.503334,-0.252976,2.501647,-6.743750,1.053711,-9.378027,-0.065561,0.218091,-1.699253,0.163333,0.441900,10S
1217281849.603305,-0.309192,2.529756,-6.427637,1.264453,-9.061914,-0.065561,0.218091,-1.699253,0.163333,0.245500,10S
1217281849.703489,-0.337301,2.614081,-6.743750,1.475195,-9.061914,-0.087863,0.254982,-1.699253,0.163333,0.245500,10S
1217281849.803300,-0.252976,2.529756,-5.900781,2.002051,-9.694141,-0.087863,0.254982,-1.699253,0.232222,0.147300,10S
1217281849.903549,-0.224867,2.501647,-5.479297,2.107422,-9.799512,-0.087863,0.254982,-1.699253,0.232222,0.196400,10S
1217281850.003302,-0.252976,2.529756,-5.584668,2.528906,-9.799512,-0.095422,0.286413,-1.699253,0.216667,0.245500,10S
1217281850.103300,-0.252976,2.529756,-5.057813,2.739648,-10.115625,-0.095422,0.286413,-1.699253,0.216667,0.392800,10S
1217281850.203300,-0.252976,2.557864,-4.952441,2.845020,-10.326367,-0.079781,0.367997,-1.699253,0.190833,0.540100,10S
1217281850.303310,-0.224867,2.585973,-4.741699,2.528906,-10.431738,-0.079781,0.367997,-1.699253,0.190833,0.687400,10S
1217281850.403306,-0.196759,2.585973,-4.741699,2.634277,-10.537109,-0.063885,0.410693,-1.699253,0.202222,0.834700,10S
1217281850.503307,-0.196759,2.557864,-3.898730,2.634277,-10.431738,-0.063885,0.410693,-1.699253,0.202222,0.932900,10S
1217281850.603483,-0.084325,2.557864,-4.109473,3.055762,-10.642480,-0.040636,0.453438,-1.699253,0.246389,1.129300,10S
1217281850.703333,-0.084325,2.557864,-3.793359,2.528906,-10.853223,-0.040636,0.453438,-1.699253,0.246389,1.178400,10S
1217281850.803551,-0.112434,2.557864,-3.477246,2.845020,-11.274707,-0.040636,0.453438,-1.699253,0.246389,1.276600,10S
1217281850.903300,-0.112434,2.501647,-3.055762,2.528906,-10.537109,-0.015928,0.498044,-1.699253,0.254722,1.374800,10S
1217281851.003302,-0.028108,2.417322,-3.371875,2.318164,-10.958594,-0.015928,0.498044,-1.699253,0.254722,1.473000,10S
1217281851.103301,0.056217,2.389214,-2.950391,2.423535,-11.380078,0.010250,0.542660,-1.699253,0.257778,1.473000,10S
1217281851.203300,0.112434,2.389214,-2.950391,2.212793,-11.485449,0.010250,0.542660,-1.699253,0.257778,1.571200,10S
1217281851.303306,0.140542,2.276780,-3.266504,2.002051,-10.958594,0.037911,0.585434,-1.699253,0.259444,1.571200,10S
1217281851.403301,0.112434,2.276780,-3.161133,1.685938,-11.063965,0.037911,0.585434,-1.699253,0.259444,1.620300,10S
1217281851.503334,0.112434,2.192455,-3.371875,0.842969,-10.642480,0.078782,0.631998,-1.699253,0.293056,1.669400,10S
1217281851.603305,0.056217,2.220563,-3.161133,0.632227,-11.590820,0.078782,0.631998,-1.699253,0.293056,1.620300,10S
1217281851.703489,0.028108,2.108130,-2.845020,0.000000,-11.696191,0.303813,0.627921,-1.699253,0.293056,1.669400,10S
1217281851.803300,-0.056217,2.108130,-2.634277,-0.316113,-11.274707,0.303813,0.627921,-1.699253,0.336111,1.669400,10S
1217281851.903348,-0.224867,2.136238,-2.845020,-0.632227,-11.380078,0.303813,0.627921,-1.699253,0.336111,1.718500,10S
1217281852.003302,-0.393518,2.136238,-2.528906,-0.526855,-10.958594,0.368249,0.669084,-1.699253,0.394722,1.718500,10S
1217281852.103300,-0.562168,2.276780,-3.055762,-0.316113,-11.063965,0.368249,0.669084,-1.699253,0.394722,1.718500,10S
1217281852.203300,-0.590276,2.304889,-3.266504,0.316113,-11.380078,0.516300,0.742278,-1.699253,0.415278,1.718500,10S
1217281852.303325,-0.562168,2.361105,-3.161133,1.264453,-10.642480,0.516300,0.742278,-1.699253,0.415278,1.669400,10S
1217281852.403306,-0.534060,2.389214,-3.161133,1.580566,-11.590820,0.605809,0.772495,-1.699253,0.458889,1.669400,10S
1217281852.503308,-0.562168,2.473539,-2.845020,1.369824,-11.063965,0.605809,0.772495,-1.699253,0.458889,1.718500,10S
1217281852.603490,-0.534060,2.501647,-2.950391,1.791309,-11.169336,0.707107,0.799086,-1.699253,0.514722,1.718500,10S
1217281852.703333,-0.477843,2.557864,-2.634277,2.002051,-11.063965,0.707107,0.799086,-1.699253,0.514722,1.816700,10S
1217281852.803378,-0.393518,2.557864,-2.528906,2.318164,-11.063965,0.707107,0.799086,-1.699253,0.514722,1.767600,10S
1217281852.903300,-0.337301,2.501647,-2.528906,2.739648,-11.063965,0.815770,0.823873,-1.699253,0.546667,1.816700,10S
1217281853.003303,-0.196759,2.529756,-3.055762,3.161133,-10.537109,0.815770,0.823873,-1.699253,0.546667,1.816700,10S
1217281853.103300,0.000000,2.473539,-2.634277,2.634277,-11.063965,0.931833,0.841302,-1.699253,0.578611,1.816700,10S
1217281853.203300,0.056217,2.473539,-3.371875,2.528906,-11.485449,0.931833,0.841302,-1.699253,0.578611,1.767600,10S
1217281853.303306,0.028108,2.417322,-2.845020,2.002051,-10.853223,1.052321,0.856908,-1.699253,0.607500,1.816700,10S
1217281853.403301,0.028108,2.417322,-2.634277,1.580566,-11.380078,1.052321,0.856908,-1.699253,0.607500,1.767600,10S
1217281853.503482,-0.084325,2.389214,-2.528906,1.685938,-11.169336,1.168397,0.872485,-1.699253,0.578333,1.767600,10S
1217281853.603333,-0.168650,2.192455,-2.423535,1.475195,-10.537109,1.168397,0.872485,-1.699253,0.578333,1.767600,10S
1217281853.703548,-0.028108,2.220563,-2.528906,1.369824,-11.696191,1.168397,0.872485,-1.699253,0.578333,1.816700,10S
1217281853.803300,-0.084325,2.248672,-2.423535,1.159082,-10.747852,1.281544,0.886190,-1.699253,0.564722,1.816700,10S
1217281853.903341,-0.196759,2.276780,-3.161133,0.737598,-10.853223,1.281544,0.886190,-1.699253,0.564722,1.816700,10S
1217281854.003302,-0.140542,2.248672,-2.950391,0.526855,-11.485449,1.391763,0.898025,-1.699253,0.533889,1.865800,10S
1217281854.103300,-0.140542,2.192455,-2.212793,0.421484,-10.958594,1.391763,0.898025,-1.699253,0.533889,1.865800,10S
1217281854.203300,-0.196759,2.248672,-2.528906,0.737598,-10.958594,1.601893,0.923479,-1.699253,0.532222,1.865800,10S
1217281854.303311,-0.224867,2.248672,-2.950391,0.526855,-11.485449,1.601893,0.923479,-1.699253,0.532222,1.914900,10S
1217281854.403335,-0.252976,2.136238,-2.318164,0.632227,-11.063965,1.700310,0.940792,-1.699253,0.497778,1.865800,10S
1217281854.503305,-0.309192,2.248672,-2.528906,0.421484,-11.169336,1.700310,0.940792,-1.699253,0.497778,1.964000,10S
1217281854.603485,-0.337301,2.164347,-1.791309,0.632227,-11.801563,1.803152,0.956282,-1.699253,0.497778,1.964000,10S
1217281854.703301,-0.365409,2.192455,-2.318164,0.842969,-11.169336,1.803152,0.956282,-1.699253,0.504722,1.914900,10S
1217281854.803561,-0.421626,2.304889,-2.528906,0.737598,-10.958594,1.803152,0.956282,-1.699253,0.504722,1.964000,10S
1217281854.903300,-0.505951,2.304889,-2.423535,0.842969,-11.590820,1.919276,0.964451,-1.699253,0.556944,1.964000,10S
1217281855.003302,-0.449734,2.304889,-2.423535,1.264453,-10.853223,1.919276,0.964451,-1.699253,0.556944,1.964000,10S
1217281855.103300,-0.365409,2.361105,-2.318164,1.369824,-11.485449,2.042802,0.965263,-1.699253,0.616667,1.914900,10S
1217281855.203300,-0.337301,2.332997,-2.107422,1.159082,-11.906934,2.042802,0.965263,-1.699253,0.616667,2.013100,10S
1217281855.303306,-0.309192,2.332997,-2.528906,1.475195,-11.274707,2.170777,0.960547,-1.699253,0.638333,2.013100,10S
1217281855.403309,-0.281084,2.304889,-2.318164,1.580566,-10.853223,2.170777,0.960547,-1.699253,0.638333,2.013100,10S
1217281855.503483,-0.224867,2.332997,-1.896680,1.475195,-11.906934,2.301741,0.948445,-1.699253,0.650556,2.013100,10S
1217281855.603333,-0.252976,2.304889,-1.791309,1.264453,-11.063965,2.301741,0.948445,-1.699253,0.650556,2.013100,10S
1217281855.703553,-0.281084,2.389214,-1.896680,1.159082,-11.169336,2.301741,0.948445,-1.699253,0.650556,2.062200,10S
1217281855.803300,-0.252976,2.304889,-2.002051,1.369824,-11.485449,2.435707,0.927102,-1.699253,0.675556,1.964000,10S
1217281855.903300,-0.252976,2.417322,-2.107422,1.475195,-11.485449,2.435707,0.927102,-1.699253,0.675556,2.013100,10S
1217281856.003302,-0.281084,2.361105,-2.423535,1.475195,-11.169336,2.703650,0.882566,-1.699253,0.675278,2.013100,10S
1217281856.103300,-0.252976,2.389214,-2.318164,1.264453,-11.063965,2.703650,0.882566,-1.699253,0.675278,1.964000,10S
1217281856.203305,-0.252976,2.389214,-2.528906,1.580566,-11.380078,2.837641,0.857520,-1.699253,0.666389,1.964000,10S
1217281856.303311,-0.337301,2.445431,-2.634277,1.475195,-10.747852,2.837641,0.857520,-1.699253,0.666389,1.914900,10S
1217281856.403334,-0.337301,2.501647,-2.634277,1.369824,-11.274707,2.967231,0.830594,-1.699253,0.656389,1.964000,10S
1217281856.503305,-0.365409,2.529756,-2.002051,1.791309,-12.117676,2.967231,0.830594,-1.699253,0.656389,1.914900,10S
1217281856.603488,-0.421626,2.557864,-2.318164,2.318164,-11.169336,3.095364,0.801806,-1.699253,0.656389,1.914900,10S
1217281856.703300,-0.309192,2.501647,-2.212793,2.107422,-11.485449,3.095364,0.801806,-1.699253,0.648889,2.013100,10S
1217281856.803357,-0.393518,2.585973,-2.423535,2.423535,-11.801563,3.095364,0.801806,-1.699253,0.648889,2.013100,10S
1217281856.903300,-0.281084,2.614081,-2.423535,2.528906,-10.853223,3.226461,0.769334,-1.699253,0.666389,1.964000,10S
1217281857.003302,-0.281084,2.614081,-2.634277,3.055762,-10.747852,3.226461,0.769334,-1.699253,0.666389,1.964000,10S
1217281857.103300,-0.252976,2.670298,-2.845020,2.950391,-11.590820,3.357559,0.736861,-1.699253,0.673333,2.013100,10S
1217281857.203300,-0.196759,2.614081,-2.212793,2.950391,-11.169336,3.357559,0.736861,-1.699253,0.673333,1.964000,10S
1217281857.303332,-0.112434,2.642189,-2.739648,3.266504,-11.380078,3.484221,0.708064,-1.699253,0.654722,1.964000,10S
1217281857.403307,-0.056217,2.585973,-2.002051,3.371875,-10.747852,3.484221,0.708064,-1.699253,0.654722,1.914900,10S
1217281857.503489,0.056217,2.501647,-2.002051,3.055762,-11.590820,3.610919,0.673711,-1.699253,0.652222,1.964000,10S
1217281857.603333,0.056217,2.529756,-2.528906,2.950391,-10.853223,3.610919,0.673711,-1.699253,0.652222,2.013100,10S
1217281857.703377,0.056217,2.445431,-2.528906,2.212793,-11.380078,3.610919,0.673711,-1.699253,0.652222,2.013100,10S
1217281857.803300,0.056217,2.389214,-2.423535,2.423535,-11.906934,3.731747,0.637468,-1.699253,0.615833,1.964000,10S
1217281857.903300,0.028108,2.332997,-2.002051,1.685938,-11.801563,3.731747,0.637468,-1.699253,0.615833,2.013100,10S
1217281858.003302,0.084325,2.332997,-2.318164,1.159082,-10.853223,3.973452,0.557574,-1.699253,0.630833,2.013100,10S
1217281858.103300,-0.056217,2.248672,-2.528906,1.053711,-11.696191,3.973452,0.557574,-1.699253,0.630833,1.964000,10S
1217281858.203301,0.000000,2.220563,-2.107422,0.948340,-11.063965,4.098753,0.512101,-1.699253,0.651667,2.013100,10S
1217281858.303310,-0.112434,2.192455,-2.318164,0.526855,-11.274707,4.098753,0.512101,-1.699253,0.651667,1.964000,10S
1217281858.403481,-0.168650,2.276780,-2.423535,0.316113,-10.958594,4.222583,0.466618,-1.699253,0.648611,2.013100,10S
1217281858.503333,-0.196759,2.164347,-2.212793,0.316113,-11.696191,4.222583,0.466618,-1.699253,0.648611,1.914900,10S
1217281858.603550,-0.393518,2.248672,-2.002051,0.316113,-10.642480,4.222583,0.466618,-1.699253,0.648611,1.964000,10S
1217281858.703300,-0.421626,2.332997,-2.423535,0.632227,-11.485449,4.356646,0.430462,-1.699253,0.677222,1.964000,10S
1217281858.803338,-0.393518,2.276780,-2.528906,0.737598,-11.063965,4.356646,0.430462,-1.699253,0.677222,1.914900,10S
1217281858.903300,-0.393518,2.389214,-2.212793,1.053711,-11.380078,4.499582,0.386957,-1.699253,0.731944,1.964000,10S
1217281859.003302,-0.421626,2.389214,-2.739648,1.053711,-11.169336,4.499582,0.386957,-1.699253,0.731944,1.914900,10S
1217281859.103300,-0.337301,2.361105,-3.055762,1.685938,-11.169336,4.642577,0.334192,-1.699253,0.760833,1.865800,10S
1217281859.203300,-0.365409,2.445431,-3.055762,1.685938,-10.747852,4.642577,0.334192,-1.699253,0.760833,1.767600,10S
1217281859.303334,-0.337301,2.473539,-3.371875,1.580566,-11.169336,4.772338,0.281341,-1.699253,0.682222,1.816700,10S
1217281859.403306,-0.365409,2.501647,-3.055762,1.685938,-11.590820,4.772338,0.281341,-1.699253,0.682222,1.718500,10S
1217281859.503485,-0.337301,2.557864,-2.950391,2.318164,-11.801563,4.918409,0.208227,-1.699253,0.682222,1.767600,10S
1217281859.603300,-0.281084,2.557864,-2.845020,2.739648,-11.380078,4.918409,0.208227,-1.699253,0.814444,1.718500,10S
1217281859.703551,-0.252976,2.585973,-2.212793,2.528906,-11.063965,4.918409,0.208227,-1.699253,0.814444,1.816700,10S
1217281859.803300,-0.252976,2.557864,-2.107422,2.423535,-11.063965,5.058525,0.146185,-1.699253,0.736667,1.865800,10S
1217281859.903300,-0.224867,2.614081,-2.212793,2.423535,-11.696191,5.058525,0.146185,-1.699253,0.736667,1.914900,10S
1217281860.003302,-0.196759,2.585973,-2.002051,2.423535,-10.747852,5.331501,0.007238,-1.699253,0.765833,2.013100,10S
1217281860.103300,-0.168650,2.557864,-1.896680,2.950391,-11.169336,5.331501,0.007238,-1.699253,0.765833,2.013100,10S
1217281860.203305,-0.112434,2.529756,-2.318164,2.845020,-11.485449,5.450883,-0.032718,-1.699253,0.633889,2.111300,10S
1217281860.303319,-0.056217,2.473539,-2.002051,2.634277,-11.380078,5.450883,-0.032718,-1.699253,0.633889,2.111300,10S
1217281860.403483,0.056217,2.473539,-2.002051,2.423535,-10.958594,5.573121,-0.059693,-1.699253,0.626111,2.160400,10S
1217281860.503334,0.112434,2.473539,-2.212793,2.002051,-11.063965,5.573121,-0.059693,-1.699253,0.626111,2.062200,10S
1217281860.603378,0.056217,2.361105,-2.318164,1.475195,-11.590820,5.573121,-0.059693,-1.699253,0.626111,2.111300,10S
1217281860.703300,0.028108,2.304889,-2.318164,1.685938,-10.537109,5.695346,-0.084816,-1.699253,0.621667,2.111300,10S
1217281860.803300,0.056217,2.136238,-2.845020,0.948340,-11.169336,5.695346,-0.084816,-1.699253,0.621667,2.111300,10S
1217281860.903300,-0.028108,2.220563,-2.318164,0.526855,-11.485449,5.814643,-0.111810,-1.699253,0.599722,2.013100,10S
1217281861.003302,-0.140542,2.136238,-2.212793,0.210742,-11.380078,5.814643,-0.111810,-1.699253,0.599722,2.013100,10S
1217281861.103306,-0.196759,2.136238,-2.318164,0.000000,-11.696191,5.936881,-0.138785,-1.699253,0.622222,2.062200,10S
1217281861.203307,-0.281084,2.192455,-2.002051,0.316113,-10.853223,5.936881,-0.138785,-1.699253,0.622222,2.062200,10S
1217281861.303334,-0.337301,2.164347,-1.791309,0.316113,-11.274707,6.069413,-0.165692,-1.699253,0.663611,2.062200,10S
1217281861.403305,-0.449734,2.220563,-2.318164,0.421484,-12.539160,6.069413,-0.165692,-1.699253,0.663611,2.160400,10S
1217281861.503488,-0.534060,2.276780,-2.002051,0.210742,-10.747852,6.204898,-0.194432,-1.699253,0.663611,2.160400,10S
1217281861.603300,-0.562168,2.332997,-1.896680,0.737598,-11.801563,6.204898,-0.194432,-1.699253,0.681944,2.209500,10S
1217281861.703347,-0.505951,2.417322,-2.002051,1.159082,-11.906934,6.204898,-0.194432,-1.699253,0.681944,2.209500,10S
1217281861.803300,-0.534060,2.445431,-2.634277,1.896680,-11.801563,6.343324,-0.223152,-1.699253,0.745278,2.160400,10S
1217281861.903300,-0.421626,2.417322,-1.896680,1.896680,-10.537109,6.343324,-0.223152,-1.699253,0.745278,2.111300,10S
1217281862.003303,-0.393518,2.445431,-1.896680,2.212793,-11.063965,6.645176,-0.280428,-1.699253,0.778333,2.160400,10S
1217281862.103300,-0.281084,2.501647,-2.423535,2.318164,-12.539160,6.645176,-0.280428,-1.699253,0.778333,2.111300,10S
1217281862.203305,-0.337301,2.529756,-2.212793,2.318164,-11.590820,6.798369,-0.318311,-1.699253,0.781944,2.062200,10S
1217281862.303334,-0.224867,2.529756,-2.002051,2.212793,-10.431738,6.798369,-0.318311,-1.699253,0.781944,2.013100,10S
1217281862.403491,-0.252976,2.529756,-2.634277,2.845020,-11.590820,6.938302,-0.352577,-1.699253,0.716111,2.062200,10S
1217281862.503333,-0.224867,2.389214,-1.791309,2.002051,-11.274707,6.938302,-0.352577,-1.699253,0.716111,2.111300,10S
1217281862.603376,-0.140542,2.614081,-2.423535,2.634277,-10.642480,6.938302,-0.352577,-1.699253,0.716111,2.013100,10S
1217281862.703300,-0.112434,2.473539,-2.634277,2.739648,-11.063965,7.085612,-0.390498,-1.699253,0.753611,2.013100,10S
1217281862.803300,0.056217,2.417322,-2.423535,2.002051,-11.906934,7.085612,-0.390498,-1.699253,0.753611,2.013100,10S
1217281862.903300,-0.028108,2.332997,-1.791309,2.002051,-11.380078,7.232910,-0.426567,-1.699253,0.758056,2.013100,10S
1217281863.003302,0.112434,2.332997,-2.318164,1.791309,-11.485449,7.232910,-0.426567,-1.699253,0.758056,2.013100,10S
1217281863.103301,0.112434,2.304889,-2.002051,1.475195,-11.063965,7.371373,-0.460843,-1.699253,0.709722,2.062200,10S
1217281863.203301,0.112434,2.248672,-2.423535,1.369824,-11.590820,7.371373,-0.460843,-1.699253,0.709722,2.062200,10S
1217281863.303486,0.112434,2.136238,-1.475195,0.737598,-11.696191,7.508377,-0.496980,-1.699253,0.702222,2.111300,10S
1217281863.403333,0.084325,2.136238,-2.318164,0.000000,-11.380078,7.508377,-0.496980,-1.699253,0.702222,2.062200,10S
1217281863.503545,0.000000,2.080021,-1.896680,-0.526855,-11.801563,7.508377,-0.496980,-1.699253,0.702222,2.062200,10S
1217281863.603300,-0.252976,2.051913,-1.791309,-0.421484,-11.169336,7.649781,-0.531236,-1.699253,0.715000,2.111300,10S
1217281863.703337,-0.252976,2.023805,-1.896680,-0.210742,-10.747852,7.649781,-0.531236,-1.699253,0.715000,2.111300,10S
1217281863.803300,-0.449734,2.108130,-2.107422,-0.526855,-11.590820,7.789726,-0.567354,-1.699253,0.744444,2.111300,10S
1217281863.903300,-0.477843,2.164347,-2.107422,-0.210742,-11.590820,7.789726,-0.567354,-1.699253,0.744444,2.111300,10S
1217281864.003302,-0.618385,2.192455,-2.002051,0.210742,-11.169336,8.085854,-0.648742,-1.699253,0.777500,2.111300,10S
1217281864.103300,-0.590276,2.304889,-2.739648,0.632227,-11.169336,8.085854,-0.648742,-1.699253,0.777500,2.111300,10S
1217281864.203335,-0.534060,2.276780,-2.002051,1.053711,-10.958594,8.243470,-0.688447,-1.699253,0.804444,2.111300,10S
1217281864.303318,-0.505951,2.304889,-2.845020,1.264453,-11.696191,8.243470,-0.688447,-1.699253,0.804444,2.013100,10S
1217281864.403491,-0.421626,2.332997,-2.423535,1.264453,-11.063965,8.402582,-0.731846,-1.699253,0.804444,1.964000,10S
1217281864.503301,-0.393518,2.361105,-2.423535,1.791309,-11.485449,8.402582,-0.731846,-1.699253,0.818889,2.013100,10S
1217281864.603566,-0.281084,2.445431,-2.845020,1.896680,-11.590820,8.402582,-0.731846,-1.699253,0.818889,1.914900,10S
1217281864.703300,-0.281084,2.389214,-2.739648,1.685938,-11.696191,8.558752,-0.775264,-1.699253,0.813611,1.964000,10S
1217281864.803300,-0.252976,2.445431,-1.791309,1.685938,-11.169336,8.558752,-0.775264,-1.699253,0.813611,1.964000,10S
1217281864.903300,-0.252976,2.332997,-1.896680,1.369824,-11.169336,8.714934,-0.820534,-1.699253,0.807500,1.964000,10S
1217281865.003302,-0.309192,2.501647,-2.002051,1.685938,-11.590820,8.714934,-0.820534,-1.699253,0.807500,2.013100,10S
1217281865.103305,-0.252976,2.164347,-1.264453,1.896680,-10.537109,8.869670,-0.869518,-1.699253,0.808333,2.013100,10S
1217281865.203307,-0.084325,2.248672,-2.002051,1.475195,-11.696191,8.869670,-0.869518,-1.699253,0.808333,2.062200,10S
1217281865.303483,0.028108,2.332997,-2.634277,1.053711,-11.380078,9.019982,-0.916678,-1.699253,0.790833,2.062200,10S
1217281865.403333,-0.168650,2.445431,-2.423535,0.842969,-11.274707,9.019982,-0.916678,-1.699253,0.790833,2.062200,10S
1217281865.503381,-0.337301,2.220563,-1.685938,1.369824,-10.958594,9.019982,-0.916678,-1.699253,0.790833,2.013100,10S
1217281865.603300,-0.056217,2.248672,-2.845020,1.475195,-10.853223,9.170282,-0.961987,-1.699253,0.783333,2.013100,10S
1217281865.703300,-0.252976,2.164347,-1.580566,0.210742,-11.063965,9.170282,-0.961987,-1.699253,0.783333,2.062200,10S
1217281865.803300,-0.252976,2.248672,-1.896680,1.053711,-11.485449,9.473860,-1.058141,-1.699253,0.792778,1.964000,10S
1217281865.903300,-0.140542,2.136238,-2.318164,0.737598,-11.590820,9.473860,-1.058141,-1.699253,0.792778,2.062200,10S
1217281866.003308,-0.112434,2.051913,-2.002051,0.632227,-11.906934,9.619773,-1.107182,-1.699253,0.771389,2.062200,10S
1217281866.103301,-0.196759,2.108130,-1.369824,-0.421484,-10.747852,9.619773,-1.107182,-1.699253,0.771389,2.062200,10S
1217281866.203334,-0.224867,2.220563,-1.475195,-0.210742,-11.274707,9.770146,-1.163601,-1.699253,0.801667,2.062200,10S
1217281866.303317,-0.421626,1.967588,-1.685938,0.316113,-12.433789,9.770146,-1.163601,-1.699253,0.801667,2.160400,10S
1217281866.403559,-0.252976,2.051913,-2.212793,0.000000,-11.590820,9.770146,-1.163601,-1.699253,0.801667,2.111300,10S
1217281866.503300,-0.421626,2.136238,-2.107422,-0.737598,-10.642480,9.919073,-1.223734,-1.699253,0.795278,2.111300,10S
1217281866.603347,-0.674602,2.164347,-1.896680,-0.316113,-11.063965,9.919073,-1.223734,-1.699253,0.795278,2.062200,10S
1217281866.703300,-0.449734,2.164347,-2.318164,0.632227,-11.485449,10.070419,-1.428293,-1.699253,0.799167,2.062200,10S
1217281866.803300,-0.309192,2.051913,-2.212793,0.842969,-10.853223,10.070419,-1.428293,-1.699253,0.799167,1.964000,10S
1217281866.903300,-0.393518,2.136238,-2.423535,0.000000,-10.853223,10.219418,-1.499536,-1.699253,0.821667,2.013100,10S
1217281867.003302,-0.815144,2.136238,-1.264453,-0.316113,-10.431738,10.219418,-1.499536,-1.699253,0.821667,1.914900,10S
1217281867.103305,-0.449734,2.276780,-2.423535,0.948340,-10.747852,10.366960,-1.572641,-1.699253,0.817222,1.964000,10S
1217281867.203307,-0.309192,2.220563,-2.423535,1.580566,-11.274707,10.366960,-1.572641,-1.699253,0.817222,2.013100,10S
1217281867.303493,-0.168650,2.164347,-2.212793,1.475195,-11.169336,10.513018,-1.643903,-1.699253,0.817222,2.013100,10S
1217281867.403300,-0.168650,2.136238,-2.739648,0.526855,-11.274707,10.513018,-1.643903,-1.699253,0.814167,1.964000,10S
1217281867.503552,-0.281084,2.248672,-2.212793,0.526855,-11.169336,10.513018,-1.643903,-1.699253,0.814167,2.013100,10S
1217281867.603300,-0.140542,2.192455,-1.685938,0.632227,-11.485449,10.654678,-1.717046,-1.699253,0.779722,2.062200,10S
1217281867.703300,-0.140542,1.995696,-2.318164,0.421484,-11.063965,10.654678,-1.717046,-1.699253,0.779722,2.013100,10S
1217281867.803300,-0.140542,2.080021,-2.002051,0.000000,-11.169336,10.926268,-1.868965,-1.699253,0.766944,2.013100,10S
1217281867.903300,-0.252976,2.108130,-2.002051,-0.316113,-11.274707,10.926268,-1.868965,-1.699253,0.766944,1.964000,10S
1217281868.003303,-0.224867,2.136238,-2.423535,-0.210742,-11.169336,11.053234,-1.944056,-1.699253,0.737222,1.964000,10S
1217281868.103301,-0.281084,1.967588,-2.528906,-0.316113,-10.958594,11.053234,-1.944056,-1.699253,0.737222,1.964000,10S
1217281868.203484,-0.224867,1.995696,-2.634277,-0.316113,-11.590820,11.178766,-2.024713,-1.699253,0.717222,1.865800,10S
1217281868.303333,-0.252976,2.108130,-2.423535,-0.526855,-11.380078,11.178766,-2.024713,-1.699253,0.717222,1.865800,10S
1217281868.403548,-0.365409,2.248672,-2.634277,-0.210742,-11.274707,11.178766,-2.024713,-1.699253,0.717222,1.865800,10S
1217281868.503300,-0.365409,2.136238,-2.950391,-0.316113,-11.063965,11.301430,-2.116499,-1.699253,0.699444,1.816700,10S
1217281868.603337,-0.393518,2.192455,-3.055762,-0.316113,-11.169336,11.301430,-2.116499,-1.699253,0.699444,1.865800,10S
1217281868.703300,-0.421626,2.192455,-2.845020,0.210742,-10.958594,11.413824,-2.212056,-1.699253,0.724722,1.865800,10S
1217281868.803300,-0.393518,2.248672,-3.161133,0.105371,-11.696191,11.413824,-2.212056,-1.699253,0.724722,1.767600,10S
1217281868.903300,-0.309192,2.192455,-2.950391,0.316113,-10.853223,11.521782,-2.303939,-1.699253,0.690000,1.865800,10S
1217281869.003302,-0.309192,2.220563,-2.845020,0.421484,-11.590820,11.521782,-2.303939,-1.699253,0.690000,1.816700,10S
1217281869.103334,-0.337301,2.220563,-2.212793,0.526855,-11.380078,11.625329,-2.395850,-1.699253,0.695833,1.767600,10S
1217281869.203305,-0.309192,2.220563,-2.634277,0.737598,-10.747852,11.625329,-2.395850,-1.699253,0.695833,1.816700,10S
1217281869.303485,-0.309192,2.192455,-2.423535,0.421484,-11.696191,11.724476,-2.489643,-1.699253,0.695833,1.865800,10S
1217281869.403300,-0.252976,2.220563,-2.528906,0.842969,-11.590820,11.724476,-2.489643,-1.699253,0.673333,1.816700,10S
1217281869.503547,-0.168650,2.220563,-2.634277,0.632227,-11.380078,11.724476,-2.489643,-1.699253,0.673333,1.914900,10S
1217281869.603300,-0.140542,2.192455,-2.318164,0.000000,-11.485449,11.822140,-2.581593,-1.699253,0.671389,1.865800,10S
1217281869.703300,-0.196759,2.192455,-2.845020,0.000000,-11.274707,11.822140,-2.581593,-1.699253,0.671389,1.865800,10S
1217281869.803300,-0.224867,2.136238,-2.634277,0.000000,-10.958594,12.010116,-2.765542,-1.699253,0.642778,1.865800,10S
1217281869.903300,-0.252976,2.136238,-2.845020,-0.210742,-11.801563,12.010116,-2.765542,-1.699253,0.642778,1.914900,10S
1217281870.003307,-0.224867,2.164347,-2.739648,-0.105371,-11.380078,12.097499,-2.859412,-1.699253,0.640000,1.816700,10S
1217281870.103308,-0.309192,2.136238,-2.423535,0.210742,-10.747852,12.097499,-2.859412,-1.699253,0.640000,1.865800,10S
1217281870.203487,-0.337301,2.220563,-2.950391,-0.316113,-11.801563,12.176070,-2.955191,-1.699253,0.610556,1.865800,10S
1217281870.303333,-0.365409,2.108130,-2.739648,0.526855,-10.642480,12.176070,-2.955191,-1.699253,0.610556,1.865800,10S
1217281870.403376,-0.281084,2.080021,-3.055762,0.316113,-11.063965,12.176070,-2.955191,-1.699253,0.610556,1.865800,10S
1217281870.503300,-0.309192,2.164347,-2.845020,0.316113,-11.590820,12.250230,-3.050999,-1.699253,0.603611,1.865800,10S
1217281870.603300,-0.337301,2.080021,-2.739648,0.105371,-10.853223,12.250230,-3.050999,-1.699253,0.603611,1.816700,10S
1217281870.703301,-0.224867,2.023805,-2.739648,-0.105371,-11.380078,12.322919,-3.146817,-1.699253,0.606667,1.816700,10S
1217281870.803300,-0.224867,2.080021,-2.950391,-0.210742,-11.696191,12.322919,-3.146817,-1.699253,0.606667,1.865800,10S
1217281870.903306,-0.224867,2.051913,-2.634277,0.000000,-10.958594,12.392680,-3.244507,-1.699253,0.596111,1.816700,10S
1217281871.003303,-0.168650,1.995696,-2.318164,-0.210742,-11.169336,12.392680,-3.244507,-1.699253,0.596111,1.816700,10S
1217281871.103334,-0.224867,2.023805,-3.055762,-0.421484,-11.063965,12.455088,-3.342244,-1.699253,0.580833,1.865800,10S
1217281871.203305,-0.252976,2.051913,-2.950391,-0.737598,-11.274707,12.455088,-3.342244,-1.699253,0.580833,1.865800,10S
1217281871.303549,-0.281084,2.023805,-2.423535,-0.948340,-11.274707,12.455088,-3.342244,-1.699253,0.580833,1.865800,10S
1217281871.403300,-0.309192,2.023805,-2.318164,-0.632227,-11.169336,12.518978,-3.441823,-1.699253,0.582778,1.914900,10S
1217281871.503344,-0.365409,2.023805,-2.950391,-0.526855,-10.853223,12.518978,-3.441823,-1.699253,0.582778,1.964000,10S
1217281871.603300,-0.421626,1.939479,-2.423535,-0.526855,-10.853223,12.576974,-3.539590,-1.699253,0.570556,1.914900,10S
1217281871.703300,-0.365409,2.080021,-2.739648,0.000000,-11.169336,12.576974,-3.539590,-1.699253,0.570556,1.914900,10S
1217281871.803300,-0.252976,1.995696,-2.950391,0.000000,-11.274707,12.681287,-3.748162,-1.699253,0.576944,1.914900,10S
1217281871.903300,-0.281084,2.023805,-3.055762,-0.421484,-11.274707,12.681287,-3.748162,-1.699253,0.576944,1.914900,10S
1217281872.003311,-0.309192,1.995696,-2.528906,-0.526855,-11.274707,12.709908,-3.851677,-1.699253,0.536389,1.964000,10S
1217281872.103309,-0.281084,2.080021,-2.528906,-0.632227,-11.169336,12.709908,-3.851677,-1.699253,0.536389,1.914900,10S
1217281872.203491,-0.281084,1.995696,-2.528906,-0.210742,-11.801563,12.725307,-3.957130,-1.699253,0.536389,1.914900,10S
1217281872.303325,-0.309192,1.995696,-2.107422,-0.737598,-11.063965,12.725307,-3.957130,-1.699253,0.523056,1.964000,10S
1217281872.403551,-0.365409,1.967588,-2.423535,-0.526855,-11.485449,12.725307,-3.957130,-1.699253,0.523056,1.964000,10S
1217281872.503300,-0.393518,2.051913,-2.107422,-0.632227,-11.380078,12.737765,-4.062603,-1.699253,0.536389,2.013100,10S
1217281872.603301,-0.393518,2.080021,-2.739648,-0.526855,-11.801563,12.737765,-4.062603,-1.699253,0.536389,2.013100,10S
1217281872.703300,-0.477843,2.080021,-2.212793,-0.421484,-10.642480,12.742894,-4.171828,-1.699253,0.537778,2.013100,10S
1217281872.803300,-0.449734,2.080021,-2.423535,0.105371,-11.380078,12.742894,-4.171828,-1.699253,0.537778,2.062200,10S
1217281872.903301,-0.421626,2.136238,-2.634277,0.105371,-12.117676,12.740683,-4.282952,-1.699253,0.549444,2.013100,10S
1217281873.003303,-0.337301,2.192455,-2.845020,0.526855,-11.801563,12.740683,-4.282952,-1.699253,0.549444,2.013100,10S
1217281873.103484,-0.309192,2.136238,-2.212793,0.316113,-10.853223,12.735542,-4.395948,-1.699253,0.557222,2.013100,10S
1217281873.203333,-0.196759,2.136238,-2.634277,0.526855,-11.801563,12.735542,-4.395948,-1.699253,0.557222,2.013100,10S
1217281873.303550,-0.112434,2.051913,-2.318164,0.632227,-11.380078,12.735542,-4.395948,-1.699253,0.557222,2.062200,10S
1217281873.403300,-0.056217,2.080021,-2.318164,0.000000,-11.696191,12.728956,-4.512657,-1.699253,0.570278,1.964000,10S
1217281873.503337,-0.028108,2.023805,-2.002051,-0.210742,-11.274707,12.728956,-4.512657,-1.699253,0.570278,2.062200,10S
1217281873.603300,-0.084325,1.939479,-2.107422,-0.632227,-11.590820,12.713607,-4.638683,-1.699253,0.662500,2.111300,10S
1217281873.703300,-0.196759,1.939479,-1.791309,-0.948340,-11.590820,12.713607,-4.638683,-1.699253,0.662500,2.160400,10S
1217281873.803300,-0.196759,1.995696,-1.896680,-0.842969,-10.958594,12.656548,-4.907573,-1.699253,0.692222,2.160400,10S
1217281873.903300,-0.196759,1.911371,-2.212793,-0.737598,-11.380078,12.656548,-4.907573,-1.699253,0.692222,2.209500,10S
1217281874.003336,-0.309192,1.883263,-2.423535,-1.053711,-10.958594,12.614814,-5.046735,-1.699253,0.719444,2.209500,10S
1217281874.103305,-0.337301,1.855154,-2.002051,-1.053711,-10.958594,12.614814,-5.046735,-1.699253,0.719444,2.160400,10S
1217281874.203490,-0.365409,1.939479,-2.528906,-0.842969,-11.380078,12.570188,-5.193323,-1.699253,0.719444,2.111300,10S
1217281874.303311,-0.449734,1.883263,-2.318164,-1.053711,-10.958594,12.570188,-5.193323,-1.699253,0.745000,2.111300,10S
1217281874.403351,-0.477843,1.883263,-2.212793,-1.159082,-11.274707,12.570188,-5.193323,-1.699253,0.745000,2.111300,10S
1217281874.503300,-0.505951,1.911371,-1.896680,-0.632227,-11.169336,12.516799,-5.349228,-1.699253,0.794722,2.062200,10S
1217281874.603300,-0.449734,1.967588,-2.528906,-0.316113,-11.801563,12.516799,-5.349228,-1.699253,0.794722,2.111300,10S
1217281874.703300,-0.449734,2.051913,-2.739648,-0.526855,-12.433789,12.457577,-5.512579,-1.699253,0.833889,2.111300,10S
1217281874.803300,-0.449734,2.080021,-2.107422,-0.316113,-10.853223,12.457577,-5.512579,-1.699253,0.833889,2.062200,10S
1217281874.903306,-0.477843,2.108130,-2.423535,-0.421484,-11.696191,12.389568,-5.681542,-1.699253,0.896389,2.111300,10S
1217281875.003309,-0.477843,2.136238,-2.212793,0.210742,-11.063965,12.389568,-5.681542,-1.699253,0.896389,2.160400,10S
1217281875.103483,-0.421626,2.192455,-2.528906,0.105371,-11.801563,12.312809,-5.861674,-1.699253,0.946944,2.111300,10S
1217281875.203333,-0.477843,2.192455,-2.212793,0.421484,-11.063965,12.312809,-5.861674,-1.699253,0.946944,2.111300,10S
1217281875.303379,-0.309192,2.192455,-2.212793,0.948340,-11.274707,12.312809,-5.861674,-1.699253,0.946944,2.062200,10S
1217281875.403300,-0.224867,2.164347,-2.107422,1.053711,-10.747852,12.230167,-6.041845,-1.699253,0.986944,2.111300,10S
1217281875.503300,-0.084325,2.164347,-2.423535,0.737598,-11.906934,12.230167,-6.041845,-1.699253,0.986944,2.160400,10S
1217281875.603300,0.028108,2.080021,-2.318164,0.000000,-11.801563,12.061882,-6.392947,-1.699253,0.975556,2.111300,10S