# Created by Octave 3.0.0, Sat Aug 09 23:56:06 2008 PDT <michael@michael-laptop>
# name: my_data
# type: matrix
# rows: 240
# columns: 10
 -0.737598 3.055762 -10.853223 -0.084325 2.445431 -0.057494 0.231019 0 0 0.1964
 -2.739648 2.739648 -10.431738 -0.084325 2.389214 -0.057494 0.231019 0 0 0.8347
 -0.842969 2.528906 -10.747852 -0.112434 2.389214 -0.057494 0.231019 0 0 1.1784
 -3.89873 2.739648 -11.063965 -0.056217 2.389214 -0.057494 0.231019 0 0 1.3257
 -4.741699 2.739648 -10.853223 -0.056217 2.389214 -0.072808 0.32351 0 0 1.3257
 -5.268555 2.739648 -10.326367 -0.056217 2.501647 -0.072808 0.32351 0 0 1.0311
 -5.900781 2.950391 -10.326367 -0.056217 2.501647 -0.072808 0.32351 0 0 0.7365
 -5.79541 2.739648 -9.799512 0.056217 2.501647 -0.072808 0.32351 0 0 0.3928
 -6.006152 2.950391 -9.904883 0.056217 2.642189 -0.072808 0.32351 0 0 0.1964
 -5.690039 2.84502 -10.220996 0.056217 2.614081 -0.072808 0.32351 0 0 0.1473
 -5.79541 2.950391 -10.64248 0.084325 2.585973 -0.072808 0.32351 0 0 0.0491
 -5.584668 2.739648 -9.904883 0.028108 2.529756 -0.072808 0.32351 0 0 0.0982
 -5.163184 3.055762 -10.64248 0.112434 2.501647 -0.072808 0.32351 0 0 0.0982
 -5.268555 3.266504 -10.64248 0.056217 2.501647 -0.072808 0.32351 0 0 0.0982
 -5.584668 3.266504 -10.958594 0.112434 2.501647 -0.072808 0.32351 0 0 0.1473
 -5.900781 2.950391 -10.326367 0.028108 2.585973 -0.072808 0.32351 0 0 0.1964
 -5.479297 3.266504 -10.431738 0.028108 2.473539 -0.101976 0.286282 0 0 0.1964
 -5.690039 2.528906 -10.431738 0.028108 2.557864 -0.101976 0.286282 0 0 0.2455
 -5.057813 3.055762 -11.063965 0.140542 2.557864 -0.101976 0.286282 0 0 0.2946
 -5.268555 3.161133 -10.958594 0.084325 2.529756 -0.101976 0.286282 0 0 0.2946
 -4.109473 2.84502 -10.747852 0.112434 2.529756 -0.101976 0.286282 0 0 0.3928
 -5.057813 2.739648 -10.747852 0.056217 2.614081 -0.101976 0.286282 0 0 0.491
 -4.425586 2.634277 -10.747852 0 2.585973 -0.101976 0.286282 0 0 0.5891999999999999
 -3.687988 2.634277 -11.274707 -0.028108 2.642189 -0.101976 0.286282 0 0 0.7365
 -3.582617 2.423535 -10.853223 -0.084325 2.529756 -0.101976 0.286282 0 0 0.7856
 -3.793359 2.634277 -11.063965 -0.084325 2.642189 -0.11583 0.156562 0 0 0.8838
 -3.371875 2.950391 -11.169336 -0.056217 2.698406 -0.11583 0.156562 0 0 1.0311
 -2.950391 3.055762 -11.696191 -0.056217 2.557864 -0.11583 0.156562 0 0 1.0311
 -2.739648 3.055762 -11.485449 -0.084325 2.585973 -0.11583 0.156562 0 0 1.1784
 -2.950391 3.266504 -11.169336 -0.028108 2.557864 -0.11583 0.156562 0 0 1.2275
 -2.739648 2.950391 -11.169336 0.084325 2.614081 -0.11583 0.156562 0 0 1.2275
 -3.161133 3.161133 -11.485449 0.140542 2.557864 -0.11583 0.156562 0 0 1.3257
 -3.161133 2.950391 -11.274707 0.084325 2.614081 -0.11583 0.156562 0 0 1.2766
 -2.84502 2.634277 -11.169336 0.112434 2.501647 -0.11583 0.156562 0 0 1.3257
 -3.055762 2.318164 -10.958594 0.084325 2.501647 -0.11583 0.156562 0 0 1.2766
 -2.950391 2.528906 -11.169336 0.140542 2.473539 -0.11583 0.156562 0 0 1.2766
 -3.161133 2.528906 -11.485449 0.16865 2.417322 0.032563 -0.046165 0 0 1.3257
 -2.84502 2.107422 -11.59082 0.112434 2.417322 0.032563 -0.046165 0 0 1.3257
 -3.055762 2.423535 -11.485449 0.112434 2.473539 0.032563 -0.046165 0 0 1.3257
 -3.687988 1.89668 -11.169336 0.028108 2.445431 0.032563 -0.046165 0 0 1.3748
 -3.582617 1.791309 -10.853223 0.028108 2.445431 0.032563 -0.046165 0 0 1.2766
 -3.371875 1.89668 -11.485449 0.112434 2.445431 0.032563 -0.046165 0 0 1.2275
 -2.950391 2.002051 -11.380078 0.084325 2.389214 0.032563 -0.046165 0 0 1.2275
 -3.371875 1.89668 -11.063965 0.084325 2.445431 0.032563 -0.046165 0 0 1.2275
 -2.84502 1.89668 -11.59082 0.140542 2.473539 0.032563 -0.046165 0 0 1.1784
 -3.793359 1.475195 -11.485449 0.112434 2.445431 0.446383 -0.35826 0 0 1.2766
 -3.371875 1.159082 -11.59082 0.056217 2.417322 0.446383 -0.35826 0 0 1.2275
 -3.477246 1.264453 -11.169336 0.084325 2.389214 0.446383 -0.35826 0 0 1.2766
 -3.055762 0.737598 -11.801563 0.112434 2.304889 0.446383 -0.35826 0 0 1.3257
 -2.634277 0.737598 -11.063965 0 2.248672 0.446383 -0.35826 0 0 1.3748
 -2.634277 0.737598 -11.696191 0.056217 2.27678 0.446383 -0.35826 0 0 1.3748
 -2.739648 0.526855 -11.169336 -0.084325 2.27678 0.446383 -0.35826 0 0 1.4239
 -2.634277 0.210742 -11.59082 -0.140542 2.248672 0.446383 -0.35826 0 0 1.5221
 -2.528906 0.105371 -11.485449 -0.140542 2.220563 0.446383 -0.35826 0 0 1.5221
 -2.634277 0.421484 -11.380078 -0.252976 2.27678 0.978091 -0.7066170000000001 0 0 1.5221
 -2.739648 0.526855 -11.59082 -0.281084 2.304889 0.978091 -0.7066170000000001 0 0 1.5221
 -2.84502 0.842969 -11.274707 -0.309192 2.417322 0.978091 -0.7066170000000001 0 0 1.5221
 -3.055762 1.053711 -11.169336 -0.365409 2.389214 0.978091 -0.7066170000000001 0 0 1.5221
 -2.84502 1.159082 -11.59082 -0.337301 2.417322 0.978091 -0.7066170000000001 0 0 1.473
 -2.634277 1.475195 -11.485449 -0.337301 2.473539 0.978091 -0.7066170000000001 0 0 1.5221
 -2.634277 1.580566 -11.274707 -0.365409 2.529756 0.978091 -0.7066170000000001 0 0 1.4239
 -2.739648 2.318164 -11.696191 -0.252976 2.557864 0.978091 -0.7066170000000001 0 0 1.473
 -2.528906 2.528906 -11.063965 -0.337301 2.557864 0.978091 -0.7066170000000001 0 0 1.473
 -2.528906 2.739648 -11.380078 -0.252976 2.501647 0.978091 -0.7066170000000001 0 0 1.5221
 -2.84502 2.739648 -11.59082 -0.16865 2.529756 0.978091 -0.7066170000000001 0 0 1.5221
 -2.634277 2.950391 -11.380078 -0.112434 2.529756 0.978091 -0.7066170000000001 0 0 1.5712
 -2.84502 2.950391 -11.274707 -0.084325 2.557864 1.627565 -1.072719 0 0 1.5712
 -1.791309 2.84502 -11.696191 -0.084325 2.585973 1.627565 -1.072719 0 0 1.5712
 -2.423535 2.739648 -11.063965 -0.056217 2.529756 1.627565 -1.072719 0 0 1.6694
 -2.423535 2.528906 -10.958594 -0.084325 2.529756 1.627565 -1.072719 0 0 1.7185
 -2.002051 3.161133 -11.380078 0.056217 2.529756 1.627565 -1.072719 0 0 1.6694
 -2.212793 2.634277 -11.380078 0.056217 2.501647 1.627565 -1.072719 0 0 1.7676
 -2.318164 2.107422 -10.958594 0.056217 2.473539 1.627565 -1.072719 0 0 1.6694
 -2.84502 2.318164 -11.485449 0 2.529756 1.627565 -1.072719 0 0 1.7185
 -2.318164 2.002051 -10.958594 -0.112434 2.529756 1.627565 -1.072719 0 0 1.7185
 -2.950391 2.423535 -11.063965 -0.112434 2.557864 2.409266 -1.419435 0 0 1.6203
 -2.423535 2.634277 -11.801563 -0.084325 2.529756 2.409266 -1.419435 0 0 1.6203
 -2.634277 2.739648 -11.274707 -0.084325 2.557864 2.409266 -1.419435 0 0 1.5712
 -2.634277 2.950391 -11.274707 0 2.557864 2.409266 -1.419435 0 0 1.6203
 -2.423535 2.634277 -11.274707 0 2.614081 2.409266 -1.419435 0 0 1.6694
 -2.212793 2.84502 -11.696191 0.056217 2.557864 2.409266 -1.419435 0 0 1.6203
 -2.212793 2.634277 -11.801563 0.056217 2.529756 2.409266 -1.419435 0 0 1.6203
 -1.89668 2.318164 -11.380078 0.028108 2.417322 2.409266 -1.419435 0 0 1.7185
 -2.318164 2.107422 -11.380078 0.056217 2.473539 2.409266 -1.419435 0 0 1.6694
 -2.634277 2.528906 -12.012305 0.084325 2.473539 2.409266 -1.419435 0 0 1.7185
 -2.423535 2.107422 -11.169336 0.056217 2.445431 2.409266 -1.419435 0 0 1.6203
 -2.950391 2.107422 -11.59082 0.112434 2.473539 3.250154 -1.821316 0 0 1.7185
 -2.528906 2.318164 -11.485449 0.084325 2.417322 3.250154 -1.821316 0 0 1.6203
 -2.423535 1.685938 -11.696191 0.084325 2.417322 3.250154 -1.821316 0 0 1.6203
 -2.84502 1.685938 -11.696191 0 2.445431 3.250154 -1.821316 0 0 1.6203
 -2.739648 1.685938 -11.59082 0 2.445431 3.250154 -1.821316 0 0 1.5712
 -2.634277 1.685938 -11.696191 0 2.417322 3.250154 -1.821316 0 0 1.6203
 -2.107422 1.685938 -11.169336 0.056217 2.389214 3.250154 -1.821316 0 0 1.6203
 -2.423535 1.369824 -11.801563 0.028108 2.389214 3.250154 -1.821316 0 0 1.6694
 -2.318164 1.159082 -12.117676 -0.028108 2.332997 3.250154 -1.821316 0 0 1.6694
 -2.212793 0.94834 -10.958594 -0.112434 2.361105 4.032099 -2.205067 0 0 1.6203
 -2.528906 1.475195 -11.801563 -0.056217 2.389214 4.032099 -2.205067 0 0 1.7676
 -2.634277 1.264453 -11.59082 -0.16865 2.473539 4.032099 -2.205067 0 0 1.7185
 -2.107422 1.685938 -11.906934 -0.224867 2.417322 4.032099 -2.205067 0 0 1.7676
 -2.002051 1.580566 -11.380078 -0.252976 2.417322 4.032099 -2.205067 0 0 1.8167
 -2.212793 1.791309 -11.169336 -0.224867 2.389214 4.032099 -2.205067 0 0 1.7676
 -2.528906 1.89668 -11.485449 -0.196759 2.473539 4.032099 -2.205067 0 0 1.8167
 -2.107422 1.791309 -11.485449 -0.224867 2.501647 4.032099 -2.205067 0 0 1.8167
 -2.107422 1.89668 -11.169336 -0.309192 2.557864 4.032099 -2.205067 0 0 1.7676
 -2.528906 2.318164 -11.906934 -0.281084 2.642189 4.7551 -2.570686 0 0 1.7676
 -1.89668 2.634277 -10.958594 -0.309192 2.670298 4.7551 -2.570686 0 0 1.7676
 -2.528906 2.950391 -11.485449 -0.252976 2.670298 4.7551 -2.570686 0 0 1.7676
 -2.107422 3.055762 -11.801563 -0.252976 2.642189 4.7551 -2.570686 0 0 1.7676
 -1.580566 3.371875 -10.747852 -0.140542 2.670298 4.7551 -2.570686 0 0 1.8658
 -2.107422 3.793359 -11.063965 -0.028108 2.670298 4.7551 -2.570686 0 0 1.8167
 -2.107422 3.89873 -11.485449 0.056217 2.614081 4.7551 -2.570686 0 0 1.9149
 -1.89668 3.371875 -10.958594 0.140542 2.585973 4.7551 -2.570686 0 0 1.8658
 -1.685938 3.161133 -11.696191 0.196759 2.529756 4.7551 -2.570686 0 0 1.9149
 -1.89668 2.84502 -10.747852 0.281084 2.473539 4.7551 -2.570686 0 0 1.8658
 -2.212793 2.423535 -11.485449 0.281084 2.417322 4.7551 -2.570686 0 0 1.9149
 -2.107422 2.212793 -12.012305 0.252976 2.389214 4.7551 -2.570686 0 0 1.8167
 -2.423535 2.107422 -11.274707 0.224867 2.389214 5.536559 -2.880366 0 0 1.8167
 -1.89668 1.475195 -11.59082 0.309192 2.332997 5.536559 -2.880366 0 0 1.8167
 -2.318164 1.264453 -11.485449 0.309192 2.304889 5.536559 -2.880366 0 0 1.7676
 -2.002051 0.632227 -11.169336 0.196759 2.164347 5.536559 -2.880366 0 0 1.7676
 -1.685938 0.105371 -11.485449 0.112434 2.192455 5.536559 -2.880366 0 0 1.8167
 -1.791309 -0.526855 -12.117676 -0.056217 2.136238 5.536559 -2.880366 0 0 1.7676
 -1.580566 -0.421484 -11.274707 -0.281084 2.220563 5.536559 -2.880366 0 0 1.7676
 -1.791309 0.210742 -11.380078 -0.421626 2.248672 5.536559 -2.880366 0 0 1.8167
 -1.89668 0.94834 -11.59082 -0.393518 2.27678 5.536559 -2.880366 0 0 1.8658
 -2.634277 1.369824 -11.485449 -0.309192 2.332997 6.361404 -3.078651 0 0 1.7676
 -2.528906 1.264453 -11.801563 -0.365409 2.361105 6.361404 -3.078651 0 0 1.8167
 -2.002051 1.791309 -10.747852 -0.365409 2.501647 6.361404 -3.078651 0 0 1.6694
 -2.739648 2.423535 -11.696191 -0.281084 2.585973 6.361404 -3.078651 0 0 1.6694
 -2.002051 2.528906 -11.063965 -0.196759 2.585973 6.361404 -3.078651 0 0 1.6203
 -2.423535 2.528906 -11.906934 -0.224867 2.614081 6.361404 -3.078651 0 0 1.6694
 -1.791309 3.477246 -11.169336 -0.196759 2.670298 6.361404 -3.078651 0 0 1.8167
 -2.107422 3.266504 -10.958594 -0.140542 2.670298 7.186492 -3.313971 0 0 1.8167
 -2.107422 3.582617 -11.801563 -0.028108 2.614081 7.186492 -3.313971 0 0 1.8658
 -1.89668 3.371875 -11.063965 0.028108 2.585973 7.186492 -3.313971 0 0 1.8658
 -2.002051 3.055762 -11.169336 0.056217 2.585973 7.186492 -3.313971 0 0 1.8167
 -2.528906 3.161133 -11.801563 0.112434 2.557864 7.186492 -3.313971 0 0 1.8658
 -2.212793 2.528906 -11.169336 0.056217 2.529756 7.186492 -3.313971 0 0 1.8167
 -2.107422 2.634277 -11.485449 0.084325 2.529756 7.186492 -3.313971 0 0 1.8167
 -2.423535 2.423535 -11.169336 0 2.557864 7.186492 -3.313971 0 0 1.8167
 -2.212793 2.423535 -11.59082 0.028108 2.529756 7.186492 -3.313971 0 0 1.8167
 -2.318164 2.107422 -11.696191 0.028108 2.529756 7.9671 -3.494028 0 0 1.7676
 -2.318164 2.107422 -11.380078 0 2.529756 7.9671 -3.494028 0 0 1.8167
 -1.89668 1.89668 -11.380078 0.084325 2.473539 7.9671 -3.494028 0 0 1.8167
 -2.318164 2.002051 -11.801563 0.112434 2.473539 7.9671 -3.494028 0 0 1.8167
 -2.002051 1.89668 -10.853223 0.196759 2.417322 7.9671 -3.494028 0 0 1.8167
 -2.423535 1.89668 -12.117676 0.252976 2.361105 7.9671 -3.494028 0 0 1.8658
 -1.685938 0.94834 -12.117676 0.140542 2.27678 7.9671 -3.494028 0 0 1.8167
 -2.002051 0.842969 -11.380078 0.084325 2.332997 8.658500999999999 -3.526524 0 0 1.8658
 -1.580566 0.632227 -11.696191 0 2.220563 8.658500999999999 -3.526524 0 0 1.9149
 -1.791309 0.632227 -11.274707 -0.084325 2.220563 8.658500999999999 -3.526524 0 0 1.9149
 -1.580566 0.842969 -11.59082 -0.140542 2.304889 8.658500999999999 -3.526524 0 0 1.9149
 -2.002051 0.842969 -12.223047 -0.224867 2.332997 8.658500999999999 -3.526524 0 0 1.8658
 -2.318164 0.842969 -11.380078 -0.281084 2.417322 8.658500999999999 -3.526524 0 0 1.9149
 -2.423535 1.159082 -11.696191 -0.337301 2.389214 8.658500999999999 -3.526524 0 0 1.8167
 -2.528906 1.475195 -11.274707 -0.309192 2.361105 8.658500999999999 -3.526524 0 0 1.8658
 -2.423535 1.685938 -11.59082 -0.309192 2.473539 8.658500999999999 -3.526524 0 0 1.8167
 -2.002051 1.475195 -11.169336 -0.309192 2.501647 8.658500999999999 -3.526524 0 0 1.8167
 -2.107422 1.685938 -11.485449 -0.309192 2.585973 8.658500999999999 -3.526524 0 0 1.8167
 -1.89668 2.528906 -11.801563 -0.281084 2.585973 9.423673000000001 -3.595572 0 0 1.9149
 -1.89668 2.423535 -11.696191 -0.337301 2.585973 9.423673000000001 -3.595572 0 0 1.9149
 -1.791309 3.266504 -11.906934 -0.337301 2.614081 9.423673000000001 -3.595572 0 0 1.9149
 -1.791309 3.055762 -10.326367 -0.252976 2.614081 9.423673000000001 -3.595572 0 0 2.0131
 -2.107422 3.477246 -11.485449 -0.140542 2.614081 9.423673000000001 -3.595572 0 0 1.964
 -2.107422 3.371875 -11.485449 -0.112434 2.698406 9.423673000000001 -3.595572 0 0 1.964
 -1.791309 3.687988 -11.485449 0.028108 2.642189 9.423673000000001 -3.595572 0 0 1.964
 -1.791309 3.266504 -11.169336 0.084325 2.642189 9.423673000000001 -3.595572 0 0 1.964
 -2.423535 3.161133 -11.274707 0.112434 2.557864 9.423673000000001 -3.595572 0 0 1.9149
 -2.423535 2.84502 -10.853223 0.16865 2.585973 10.290932 -3.534321 0 0 1.8658
 -2.212793 2.212793 -11.063965 0.16865 2.585973 10.290932 -3.534321 0 0 1.8658
 -2.318164 2.212793 -11.59082 0.16865 2.557864 10.290932 -3.534321 0 0 1.8658
 -1.791309 2.528906 -11.380078 0.16865 2.501647 10.290932 -3.534321 0 0 1.8167
 -1.791309 2.107422 -11.59082 0.16865 2.501647 10.290932 -3.534321 0 0 1.8658
 -2.002051 1.89668 -11.906934 0.112434 2.473539 10.290932 -3.534321 0 0 1.9149
 -1.685938 2.002051 -11.485449 0.112434 2.389214 10.290932 -3.534321 0 0 1.9149
 -2.002051 1.685938 -11.485449 0.140542 2.332997 10.290932 -3.534321 0 0 1.964
 -2.002051 1.685938 -11.906934 0.112434 2.332997 10.290932 -3.534321 0 0 1.964
 -2.212793 1.159082 -11.801563 0.112434 2.332997 10.290932 -3.534321 0 0 1.9149
 -2.212793 0.842969 -11.801563 0.056217 2.361105 10.290932 -3.534321 0 0 1.9149
 -1.791309 0.94834 -12.117676 -0.028108 2.304889 10.290932 -3.534321 0 0 1.964
 -1.685938 0.526855 -10.853223 -0.112434 2.332997 11.142513 -3.325026 0 0 1.9149
 -1.791309 0.526855 -12.328418 -0.196759 2.304889 11.142513 -3.325026 0 0 1.964
 -1.685938 0.94834 -11.801563 -0.252976 2.332997 11.142513 -3.325026 0 0 1.964
 -1.685938 1.264453 -11.063965 -0.309192 2.389214 11.142513 -3.325026 0 0 2.0131
 -1.580566 1.475195 -10.958594 -0.281084 2.417322 11.142513 -3.325026 0 0 1.964
 -2.107422 1.580566 -11.801563 -0.309192 2.445431 11.142513 -3.325026 0 0 1.964
 -1.791309 1.791309 -11.274707 -0.281084 2.445431 11.142513 -3.325026 0 0 2.0622
 -1.580566 1.685938 -11.380078 -0.337301 2.529756 11.142513 -3.325026 0 0 2.0131
 -1.685938 2.107422 -11.906934 -0.337301 2.529756 11.142513 -3.325026 0 0 2.0131
 -1.264453 2.739648 -11.485449 -0.309192 2.585973 11.949977 -3.116021 0 0 2.0131
 -1.159082 2.634277 -10.537109 -0.252976 2.642189 11.949977 -3.116021 0 0 2.0622
 -2.002051 3.371875 -11.906934 -0.224867 2.614081 11.949977 -3.116021 0 0 2.0131
 -1.053711 3.266504 -11.59082 -0.16865 2.614081 11.949977 -3.116021 0 0 2.0131
 -2.002051 3.266504 -11.380078 0 2.585973 11.949977 -3.116021 0 0 2.0131
 -1.791309 2.84502 -11.063965 0.028108 2.614081 11.949977 -3.116021 0 0 2.0131
 -2.107422 2.634277 -11.801563 0.056217 2.614081 11.949977 -3.116021 0 0 2.0131
 -1.89668 2.739648 -10.958594 0.140542 2.557864 11.949977 -3.116021 0 0 1.964
 -2.107422 2.739648 -11.274707 0.140542 2.501647 11.949977 -3.116021 0 0 1.964
 -1.791309 2.107422 -11.59082 0.056217 2.473539 11.949977 -3.116021 0 0 1.964
 -1.791309 2.002051 -11.063965 0.140542 2.473539 11.949977 -3.116021 0 0 1.964
 -1.475195 1.89668 -11.696191 0.140542 2.389214 12.771782 -2.851366 0 0 1.964
 -2.107422 1.475195 -11.274707 0.112434 2.417322 12.771782 -2.851366 0 0 1.9149
 -1.685938 1.264453 -12.012305 0.084325 2.332997 12.771782 -2.851366 0 0 2.0131
 -1.264453 1.159082 -10.537109 0.112434 2.332997 12.771782 -2.851366 0 0 1.964
 -2.002051 1.264453 -11.801563 0.056217 2.248672 12.771782 -2.851366 0 0 2.0131
 -1.580566 1.053711 -11.380078 0.084325 2.164347 12.771782 -2.851366 0 0 2.0131
 -1.685938 0.316113 -11.485449 0.028108 2.192455 12.771782 -2.851366 0 0 2.0131
 -1.264453 0.105371 -11.801563 -0.056217 2.220563 12.771782 -2.851366 0 0 2.0622
 -1.580566 0.316113 -12.012305 -0.16865 2.136238 12.771782 -2.851366 0 0 2.0131
 -1.685938 0.421484 -11.274707 -0.252976 2.192455 13.533306 -2.364887 0 0 2.0622
 -1.685938 0.105371 -10.958594 -0.393518 2.220563 13.533306 -2.364887 0 0 2.1604
 -1.791309 0.632227 -12.223047 -0.421626 2.332997 13.533306 -2.364887 0 0 2.1604
 -1.475195 1.264453 -12.223047 -0.421626 2.361105 13.533306 -2.364887 0 0 2.1113
 -2.002051 1.264453 -11.59082 -0.449734 2.445431 13.533306 -2.364887 0 0 2.1113
 -1.369824 2.002051 -10.853223 -0.421626 2.473539 13.533306 -2.364887 0 0 2.1604
 -1.791309 2.212793 -12.960645 -0.421626 2.557864 13.533306 -2.364887 0 0 2.1604
 -1.475195 2.212793 -12.012305 -0.393518 2.585973 13.533306 -2.364887 0 0 2.1113
 -1.369824 2.739648 -11.906934 -0.449734 2.642189 13.533306 -2.364887 0 0 2.1113
 -1.159082 3.055762 -10.853223 -0.309192 2.726515 14.191161 -1.767979 0 0 2.1604
 -1.053711 3.055762 -10.958594 -0.252976 2.670298 14.191161 -1.767979 0 0 2.2095
 -1.475195 3.371875 -10.747852 -0.140542 2.698406 14.191161 -1.767979 0 0 2.2095
 -1.580566 4.004102 -11.801563 0.028108 2.726515 14.191161 -1.767979 0 0 2.2095
 -1.369824 3.582617 -10.853223 0.112434 2.698406 14.191161 -1.767979 0 0 2.2586
 -1.580566 3.161133 -11.063965 0.224867 2.642189 14.191161 -1.767979 0 0 2.2586
 -1.89668 2.950391 -12.223047 0.281084 2.585973 14.191161 -1.767979 0 0 2.2095
 -1.791309 2.212793 -11.906934 0.224867 2.445431 14.191161 -1.767979 0 0 2.1604
 -1.369824 2.002051 -11.063965 0.224867 2.417322 14.191161 -1.767979 0 0 2.1113
 -2.002051 1.791309 -11.696191 0.196759 2.389214 14.191161 -1.767979 0 0 2.0622
 -1.580566 1.685938 -11.274707 0.196759 2.445431 14.191161 -1.767979 0 0 2.0131
 -1.159082 1.475195 -11.801563 0.196759 2.304889 14.191161 -1.767979 0 0 2.0622
 -1.475195 1.053711 -11.063965 0.196759 2.304889 14.967632 -1.318438 0 0 2.0622
 -1.369824 0.737598 -12.53916 0.140542 2.27678 14.967632 -1.318438 0 0 2.0622
 -1.369824 -0.105371 -12.328418 0 2.136238 14.967632 -1.318438 0 0 2.1113
 -1.053711 0.316113 -11.59082 -0.028108 2.10813 14.967632 -1.318438 0 0 2.2095
 -1.053711 0.210742 -11.063965 -0.16865 2.136238 14.967632 -1.318438 0 0 2.2586
 -1.475195 0.526855 -11.696191 -0.281084 2.192455 14.967632 -1.318438 0 0 2.2586
 -1.264453 0.316113 -11.801563 -0.337301 2.248672 14.967632 -1.318438 0 0 2.2586
 -1.791309 0.632227 -12.749902 -0.393518 2.332997 14.967632 -1.318438 0 0 2.2095
 -1.475195 0.737598 -10.853223 -0.477843 2.332997 14.967632 -1.318438 0 0 2.2586
 -1.89668 1.264453 -11.380078 -0.477843 2.445431 15.654898 -0.721337 0 0 2.1604
