
1218321640.508306,-0.000016,0.000000,0.000906,0.000000,-0.003165,-0.628319,0.000000,0.000000,0.906678,2.457058,-1.779312,-0.175826,2.316004
1218321640.608306,-0.000064,-0.000003,0.002438,0.000153,-0.015164,-0.628319,0.000000,0.000000,0.906675,2.457061,-1.779311,-0.175817,2.316004
1218321640.708342,-0.000016,0.000002,0.004094,0.000547,-0.020935,-0.628319,0.000000,-0.000000,0.906673,2.457062,-1.779309,-0.175808,2.316004
1218321640.808311,0.000026,0.000025,0.007049,0.001256,-0.043433,-0.628319,0.000002,-0.000002,0.906664,2.457068,-1.779308,-0.175784,2.316004
1218321640.908577,0.000143,0.000087,0.009990,0.002265,-0.070204,-0.628319,0.000010,-0.000008,0.906653,2.457076,-1.779307,-0.175754,2.316005
1218321641.008308,0.000263,0.000181,0.012608,0.003426,-0.098350,-0.628319,0.000029,-0.000021,0.906639,2.457085,-1.779303,-0.175716,2.316006
1218321641.108345,0.000319,0.000283,0.011621,0.003196,-0.127883,-0.628319,0.000057,-0.000042,0.906621,2.457103,-1.779298,-0.175667,2.316007
1218321641.208306,0.000234,0.000335,0.019681,0.005767,-0.153209,-0.628319,0.000087,-0.000063,0.906603,2.457117,-1.779291,-0.175578,2.316009
1218321641.308306,0.000005,0.000306,0.023113,0.006437,-0.176735,-0.628319,0.000108,-0.000079,0.906584,2.457140,-1.779284,-0.175465,2.316012
1218321641.408307,-0.000231,0.000242,0.028082,0.007952,-0.194771,-0.628319,0.000123,-0.000089,0.906564,2.457161,-1.779277,-0.175341,2.316014
1218321641.508306,-0.000595,0.000064,0.031989,0.008300,-0.210979,-0.628318,0.000108,-0.000078,0.906544,2.457188,-1.779272,-0.175181,2.316017
1218321641.608342,-0.000877,-0.000099,0.036864,0.010404,-0.223266,-0.628317,0.000091,-0.000066,0.906523,2.457207,-1.779261,-0.175043,2.316020
1218321641.708312,-0.001093,-0.000254,0.039610,0.008937,-0.230647,-0.628315,0.000072,-0.000052,0.906504,2.457238,-1.779255,-0.174821,2.316022
1218321641.808545,-0.001308,-0.000427,0.035192,0.002683,-0.237682,-0.628313,0.000042,-0.000031,0.906483,2.457270,-1.779249,-0.174591,2.316025
1218321641.908306,-0.001398,-0.000490,0.036159,-0.002199,-0.245942,-0.628313,0.000052,-0.000038,0.906459,2.457302,-1.779244,-0.174319,2.316028
1218321642.008308,-0.001356,-0.000398,0.040355,-0.002572,-0.255209,-0.628317,0.000136,-0.000099,0.906433,2.457322,-1.779234,-0.174117,2.316032
1218321642.108307,-0.001202,-0.000176,0.038508,-0.008251,-0.259911,-0.628325,0.000293,-0.000213,0.906409,2.457347,-1.779224,-0.173863,2.316035
1218321642.208306,-0.000832,0.000350,0.053502,0.000079,-0.265416,-0.628332,0.000626,-0.000455,0.906383,2.457359,-1.779214,-0.173695,2.316039
1218321642.308307,-0.000071,0.001396,0.062895,0.001185,-0.265420,-0.628345,0.001269,-0.000922,0.906359,2.457385,-1.779209,-0.173343,2.316044
1218321642.408307,0.000734,0.002656,0.066886,-0.000054,-0.266985,-0.628361,0.002114,-0.001536,0.906333,2.457410,-1.779202,-0.172989,2.316048
1218321642.508451,0.002258,0.004974,0.079602,0.005591,-0.259839,-0.628386,0.003657,-0.002657,0.906315,2.457432,-1.779193,-0.172643,2.316053
1218321642.608339,0.004280,0.008333,0.089806,0.012238,-0.260859,-0.628429,0.006012,-0.004368,0.906288,2.457451,-1.779184,-0.172323,2.316059
1218321642.708388,0.007075,0.013142,0.097041,0.019453,-0.257125,-0.628512,0.009523,-0.006919,0.906264,2.457466,-1.779174,-0.172033,2.316065
1218321642.808306,0.011015,0.020126,0.100574,0.025452,-0.248667,-0.628675,0.014809,-0.010760,0.906246,2.457480,-1.779170,-0.171736,2.316073
1218321642.908306,0.015388,0.028467,0.103143,0.033385,-0.240881,-0.628964,0.021518,-0.015637,0.906227,2.457491,-1.779161,-0.171504,2.316079
1218321643.008309,0.020474,0.038737,0.098939,0.036127,-0.235987,-0.629395,0.030203,-0.021950,0.906205,2.457502,-1.779154,-0.171199,2.316087
1218321643.108307,0.026715,0.051796,0.088840,0.032554,-0.228895,-0.629964,0.041683,-0.030300,0.906185,2.457516,-1.779148,-0.170783,2.316098
1218321643.208312,0.033086,0.066044,0.077319,0.026750,-0.219925,-0.630596,0.054963,-0.039966,0.906168,2.457530,-1.779149,-0.170347,2.316105
1218321643.308314,0.040575,0.083365,0.065001,0.019999,-0.210986,-0.631333,0.071692,-0.052152,0.906151,2.457540,-1.779147,-0.169948,2.316113
1218321643.408560,0.048298,0.102360,0.053356,0.010430,-0.205140,-0.631901,0.090993,-0.066228,0.906131,2.457552,-1.779141,-0.169452,2.316120
1218321643.508307,0.055842,0.122200,0.057087,0.008969,-0.198764,-0.632596,0.112290,-0.081781,0.906111,2.457560,-1.779134,-0.168925,2.316130
1218321643.608361,0.063936,0.144371,0.060692,0.005488,-0.196599,-0.633013,0.137011,-0.099853,0.906087,2.457573,-1.779132,-0.168259,2.316138
1218321643.708306,0.071220,0.166126,0.065532,0.005079,-0.194827,-0.633322,0.162834,-0.118755,0.906061,2.457575,-1.779126,-0.167692,2.316148
1218321643.808306,0.078610,0.189179,0.079371,0.012005,-0.191094,-0.634206,0.191329,-0.139650,0.906038,2.457579,-1.779118,-0.167166,2.316154
1218321643.908307,0.085038,0.211302,0.095998,0.023981,-0.189550,-0.635790,0.220465,-0.161067,0.906011,2.457577,-1.779107,-0.166709,2.316162
1218321644.008308,0.091002,0.233336,0.108987,0.032852,-0.187506,-0.637152,0.251005,-0.183532,0.905985,2.457581,-1.779099,-0.166043,2.316168
1218321644.108378,0.096937,0.256235,0.121993,0.042393,-0.187369,-0.638901,0.283937,-0.207789,0.905955,2.457590,-1.779096,-0.165282,2.316173
1218321644.208311,0.102363,0.278766,0.137277,0.057734,-0.184951,-0.642405,0.317969,-0.232979,0.905929,2.457591,-1.779096,-0.164659,2.316178
1218321644.308566,0.107158,0.300633,0.141172,0.065297,-0.184499,-0.644867,0.352856,-0.258778,0.905899,2.457588,-1.779093,-0.163827,2.316186
1218321644.408306,0.111719,0.322745,0.148147,0.079625,-0.188808,-0.650095,0.389434,-0.286079,0.905860,2.457574,-1.779084,-0.163244,2.316194
1218321644.508354,0.114759,0.341787,0.152783,0.093644,-0.191630,-0.656199,0.424051,-0.312095,0.905822,2.457555,-1.779069,-0.162618,2.316202
1218321644.608306,0.116870,0.358890,0.156216,0.105159,-0.192374,-0.662192,0.457768,-0.337519,0.905787,2.457538,-1.779066,-0.161754,2.316211
1218321644.708307,0.118635,0.375332,0.153194,0.113232,-0.189913,-0.668097,0.491888,-0.363348,0.905757,2.457530,-1.779062,-0.160845,2.316218
1218321644.808313,0.119789,0.390563,0.148249,0.120173,-0.190964,-0.674390,0.525759,-0.389148,0.905720,2.457507,-1.779050,-0.159907,2.316227
1218321644.908307,0.120132,0.403730,0.143618,0.125737,-0.187906,-0.680336,0.558255,-0.413957,0.905690,2.457476,-1.779049,-0.158829,2.316238
1218321645.008339,0.120968,0.418533,0.143707,0.136767,-0.192340,-0.690130,0.593601,-0.441578,0.905645,2.457433,-1.779047,-0.157931,2.316249
1218321645.108311,0.121006,0.431254,0.143261,0.150387,-0.192914,-0.702538,0.627182,-0.468505,0.905606,2.457382,-1.779047,-0.157196,2.316261
1218321645.208545,0.121165,0.444340,0.138667,0.160553,-0.194210,-0.714993,0.662068,-0.496778,0.905565,2.457337,-1.779036,-0.156313,2.316271
1218321645.308306,0.121547,0.457901,0.144227,0.179407,-0.192154,-0.733602,0.697817,-0.527062,0.905530,2.457291,-1.779041,-0.155583,2.316281
1218321645.408306,0.122132,0.471991,0.138226,0.194099,-0.187423,-0.753752,0.734674,-0.559290,0.905500,2.457252,-1.779028,-0.154972,2.316289
1218321645.508306,0.122277,0.484930,0.129987,0.205780,-0.183400,-0.774103,0.770713,-0.591632,0.905469,2.457203,-1.779030,-0.154182,2.316299
1218321645.608306,0.122420,0.497924,0.112640,0.214944,-0.180861,-0.797153,0.806935,-0.625822,0.905435,2.457136,-1.779019,-0.153688,2.316310
1218321645.708307,0.123113,0.512369,0.094556,0.225173,-0.177953,-0.825198,0.844649,-0.663606,0.905402,2.457051,-1.779019,-0.153436,2.316322
1218321645.808307,0.123439,0.525852,0.074979,0.233854,-0.174750,-0.855431,0.881026,-0.702326,0.905369,2.456965,-1.779016,-0.153234,2.316334
1218321645.908451,0.123431,0.538709,0.037163,0.229891,-0.172846,-0.882249,0.916989,-0.742287,0.905334,2.456867,-1.779009,-0.153073,2.316347
1218321646.008341,0.123035,0.550502,-0.005739,0.219636,-0.171992,-0.907702,0.951490,-0.782931,0.905297,2.456758,-1.779009,-0.153004,2.316361
1218321646.108383,0.122199,0.561079,-0.058276,0.198173,-0.172059,-0.927674,0.984690,-0.823702,0.905256,2.456622,-1.779000,-0.152921,2.316377
1218321646.208307,0.121233,0.571246,-0.112999,0.171437,-0.173658,-0.945890,1.017016,-0.865901,0.905212,2.456501,-1.778988,-0.153107,2.316390
1218321646.308306,0.119683,0.579600,-0.162745,0.142158,-0.173377,-0.961529,1.046987,-0.907483,0.905171,2.456373,-1.778988,-0.153439,2.316403
1218321646.408306,0.118495,0.588725,-0.212930,0.106603,-0.171610,-0.973142,1.077623,-0.951434,0.905133,2.456237,-1.778985,-0.153858,2.316417
1218321646.508306,0.116238,0.594762,-0.259478,0.068805,-0.170098,-0.980600,1.104761,-0.992886,0.905094,2.456085,-1.778975,-0.154562,2.316432
1218321646.608312,0.114481,0.601938,-0.303227,0.023050,-0.169574,-0.979661,1.133919,-1.036345,0.905053,2.455972,-1.778978,-0.154978,2.316442
1218321646.708314,0.112661,0.608708,-0.343372,-0.023552,-0.167631,-0.975946,1.162387,-1.080588,0.905015,2.455868,-1.778962,-0.155845,2.316450
1218321646.808556,0.111206,0.616247,-0.367118,-0.065551,-0.165982,-0.970989,1.191703,-1.126784,0.904975,2.455799,-1.778955,-0.156844,2.316454
1218321646.908306,0.109563,0.623156,-0.374191,-0.101225,-0.166885,-0.964412,1.220839,-1.172899,0.904929,2.455716,-1.778955,-0.157936,2.316459
1218321647.008361,0.108237,0.630698,-0.370438,-0.133093,-0.166113,-0.954883,1.251238,-1.220399,0.904887,2.455648,-1.778948,-0.159026,2.316463
1218321647.108307,0.106794,0.638154,-0.355474,-0.158897,-0.167007,-0.943440,1.283126,-1.268759,0.904840,2.455553,-1.778938,-0.160206,2.316468
1218321647.208307,0.105447,0.645402,-0.330744,-0.177549,-0.159985,-0.931442,1.315507,-1.317135,0.904813,2.455431,-1.778941,-0.161529,2.316475
1218321647.308306,0.104644,0.654204,-0.293464,-0.186331,-0.158820,-0.921453,1.350147,-1.368405,0.904772,2.455319,-1.778923,-0.162944,2.316481
1218321647.408306,0.104154,0.663770,-0.249818,-0.186999,-0.157861,-0.913166,1.386280,-1.421378,0.904730,2.455182,-1.778901,-0.164489,2.316488
1218321647.508341,0.102897,0.671019,-0.206386,-0.190019,-0.153900,-0.895717,1.423457,-1.469950,0.904696,2.455116,-1.778893,-0.165249,2.316490
1218321647.608312,0.102455,0.680426,-0.150007,-0.179202,-0.152161,-0.884639,1.463425,-1.522061,0.904656,2.455004,-1.778885,-0.166208,2.316496
1218321647.708570,0.100989,0.687009,-0.084713,-0.156018,-0.151467,-0.879854,1.502275,-1.570531,0.904614,2.454844,-1.778862,-0.167238,2.316505
1218321647.808306,0.099774,0.694202,-0.033267,-0.136697,-0.154711,-0.870767,1.543448,-1.619602,0.904559,2.454675,-1.778859,-0.167892,2.316516
1218321647.908344,0.098513,0.700993,0.012523,-0.113382,-0.153584,-0.865373,1.585004,-1.668442,0.904516,2.454461,-1.778835,-0.168719,2.316530
1218321648.008308,0.096015,0.704779,0.044601,-0.097188,-0.157210,-0.853007,1.628119,-1.712486,0.904459,2.454249,-1.778815,-0.168995,2.316542
1218321648.108306,0.093429,0.707853,0.071977,-0.082546,-0.156296,-0.838556,1.672554,-1.754563,0.904413,2.454074,-1.778824,-0.168907,2.316550
1218321648.208312,0.090230,0.709035,0.092911,-0.070443,-0.157072,-0.822140,1.717246,-1.793347,0.904362,2.453890,-1.778812,-0.168539,2.316559
1218321648.308307,0.087401,0.710866,0.112449,-0.059980,-0.157711,-0.802582,1.764856,-1.831592,0.904311,2.453735,-1.778799,-0.167678,2.316566
1218321648.408337,0.085068,0.713680,0.132589,-0.046729,-0.156698,-0.784890,1.814921,-1.870301,0.904264,2.453503,-1.778787,-0.166780,2.316579
1218321648.508312,0.082185,0.714647,0.151268,-0.034157,-0.154238,-0.766197,1.865282,-1.905329,0.904221,2.453330,-1.778791,-0.165515,2.316587
1218321648.608551,0.079263,0.715192,0.171178,-0.018114,-0.152153,-0.750788,1.916541,-1.939133,0.904178,2.453141,-1.778800,-0.164245,2.316596
1218321648.708307,0.077263,0.717877,0.194487,0.004676,-0.148136,-0.741921,1.970616,-1.975239,0.904141,2.452977,-1.778792,-0.163191,2.316603
1218321648.808306,0.074630,0.718719,0.214504,0.027228,-0.147831,-0.734445,2.024281,-2.008452,0.904093,2.452746,-1.778783,-0.161857,2.316615
1218321648.908306,0.072355,0.720283,0.222636,0.041902,-0.149852,-0.721632,2.080370,-2.041087,0.904036,2.452581,-1.778801,-0.159957,2.316622
1218321649.008308,0.069070,0.718826,0.232686,0.061098,-0.149983,-0.715525,2.133814,-2.070319,0.903985,2.452364,-1.778784,-0.158277,2.316633
1218321649.108362,0.066679,0.720058,0.239357,0.077779,-0.153947,-0.705921,2.195382,-2.100486,0.903919,2.452093,-1.778784,-0.156218,2.316645
1218321649.208307,0.063422,0.718556,0.237729,0.090229,-0.154117,-0.695962,2.254921,-2.126991,0.903865,2.451887,-1.778780,-0.154035,2.316650
1218321649.308450,0.060102,0.716499,0.242493,0.109322,-0.153448,-0.693865,2.314232,-2.152847,0.903813,2.451582,-1.778785,-0.152135,2.316663
1218321649.408339,0.056703,0.713985,0.234973,0.122752,-0.155953,-0.691418,2.373319,-2.178242,0.903750,2.451259,-1.778790,-0.150278,2.316678
1218321649.508379,0.052866,0.709890,0.222790,0.132930,-0.157233,-0.689219,2.431080,-2.201723,0.903689,2.450937,-1.778791,-0.148341,2.316693
1218321649.608306,0.049630,0.706995,0.207828,0.140899,-0.157522,-0.687846,2.490447,-2.226068,0.903631,2.450638,-1.778796,-0.146405,2.316705
1218321649.708307,0.046561,0.704092,0.194171,0.147893,-0.153904,-0.687263,2.550235,-2.249856,0.903587,2.450363,-1.778777,-0.144326,2.316716
1218321649.808306,0.043902,0.702031,0.181230,0.156282,-0.153170,-0.690878,2.610833,-2.274772,0.903532,2.450037,-1.778787,-0.142524,2.316731
1218321649.908307,0.041338,0.699892,0.167214,0.165636,-0.151757,-0.699102,2.670800,-2.300272,0.903480,2.449715,-1.778813,-0.141089,2.316745
1218321650.008314,0.038256,0.696604,0.147026,0.172405,-0.149803,-0.707110,2.734126,-2.323669,0.903430,2.449290,-1.778783,-0.139999,2.316762
1218321650.108314,0.036718,0.697243,0.117237,0.168209,-0.150504,-0.708538,2.802515,-2.349984,0.903370,2.448930,-1.778794,-0.138364,2.316774
1218321650.208564,0.034467,0.695791,0.081107,0.160111,-0.151827,-0.710676,2.868124,-2.375269,0.903306,2.448473,-1.778794,-0.137252,2.316794
1218321650.308306,0.033078,0.696273,0.037421,0.144310,-0.149079,-0.710027,2.935588,-2.402505,0.903257,2.448114,-1.778810,-0.136318,2.316805
1218321650.408355,0.032141,0.697808,-0.002975,0.128072,-0.146034,-0.711477,3.003853,-2.431279,0.903210,2.447731,-1.778799,-0.135844,2.316817
1218321650.508306,0.030797,0.698174,-0.040674,0.109156,-0.145016,-0.711073,3.070899,-2.459208,0.903156,2.447402,-1.778778,-0.135470,2.316825
1218321650.608306,0.029837,0.699482,-0.077082,0.086238,-0.146483,-0.707531,3.139146,-2.487962,0.903091,2.447024,-1.778773,-0.135112,2.316837
1218321650.708307,0.028929,0.700665,-0.108638,0.064088,-0.144611,-0.704759,3.206836,-2.516942,0.903039,2.446604,-1.778768,-0.135212,2.316853
1218321650.808307,0.027563,0.700485,-0.143460,0.037973,-0.143028,-0.699113,3.272717,-2.545132,0.902986,2.446157,-1.778746,-0.135748,2.316870
1218321650.908341,0.026251,0.700848,-0.179814,0.004844,-0.144773,-0.683660,3.345822,-2.570744,0.902919,2.445664,-1.778763,-0.136137,2.316887
1218321651.008313,0.025103,0.701353,-0.215163,-0.031785,-0.141610,-0.663718,3.419209,-2.596051,0.902872,2.445200,-1.778730,-0.136786,2.316900
1218321651.108592,0.023931,0.701772,-0.242107,-0.068626,-0.143585,-0.639613,3.493180,-2.620532,0.902804,2.444794,-1.778725,-0.137482,2.316909
1218321651.208306,0.022876,0.702211,-0.259073,-0.101850,-0.142132,-0.614682,3.567271,-2.644392,0.902748,2.444428,-1.778736,-0.138576,2.316915
1218321651.308346,0.022830,0.705165,-0.265510,-0.133903,-0.137109,-0.584993,3.644765,-2.669070,0.902709,2.444099,-1.778690,-0.139375,2.316918
1218321651.408306,0.022099,0.706342,-0.262172,-0.164573,-0.136741,-0.548814,3.721720,-2.690375,0.902650,2.443859,-1.778662,-0.139789,2.316915
1218321651.508306,0.022180,0.709596,-0.243344,-0.187191,-0.136456,-0.512180,3.801514,-2.712014,0.902591,2.443692,-1.778656,-0.140178,2.316907
1218321651.608307,0.021819,0.711590,-0.201334,-0.193318,-0.134662,-0.481525,3.880606,-2.731318,0.902539,2.443467,-1.778621,-0.140819,2.316905
1218321651.708307,0.021917,0.714684,-0.146496,-0.188011,-0.131622,-0.454425,3.961237,-2.750313,0.902492,2.443263,-1.778627,-0.141379,2.316903
1218321651.808450,0.021432,0.716283,-0.078529,-0.170110,-0.130620,-0.432293,4.040915,-2.766849,0.902437,2.443062,-1.778579,-0.141676,2.316902
1218321651.908340,0.021418,0.719144,-0.004320,-0.140717,-0.132105,-0.416918,4.121924,-2.783874,0.902370,2.442842,-1.778573,-0.141916,2.316904
1218321652.008554,0.020483,0.719404,0.066247,-0.106038,-0.132524,-0.405428,4.199995,-2.798062,0.902308,2.442611,-1.778597,-0.141856,2.316909
1218321652.108306,0.019499,0.720011,0.128567,-0.069851,-0.135195,-0.392794,4.286218,-2.807276,0.902234,2.442310,-1.778579,-0.141349,2.316914
1218321652.208307,0.018652,0.720705,0.199658,-0.021587,-0.133556,-0.389999,4.371872,-2.816273,0.902179,2.441951,-1.778579,-0.140492,2.316927
1218321652.308307,0.017173,0.719660,0.262601,0.028599,-0.135245,-0.391639,4.454793,-2.823998,0.902108,2.441583,-1.778573,-0.139070,2.316942
1218321652.408306,0.015667,0.718287,0.320906,0.087270,-0.134330,-0.406360,4.535687,-2.833289,0.902049,2.441219,-1.778549,-0.138022,2.316958
1218321652.508312,0.014530,0.717615,0.365278,0.145840,-0.131246,-0.428125,4.615701,-2.844422,0.902000,2.440736,-1.778542,-0.136822,2.316986
1218321652.608314,0.012646,0.714752,0.395016,0.205628,-0.129396,-0.461568,4.691170,-2.857070,0.901946,2.440176,-1.778575,-0.136074,2.317021
1218321652.708451,0.010429,0.710712,0.387996,0.248516,-0.126286,-0.493792,4.763153,-2.871274,0.901899,2.439565,-1.778556,-0.135233,2.317061
1218321652.808339,0.008605,0.707524,0.346624,0.269819,-0.125232,-0.519349,4.834375,-2.887734,0.901843,2.439071,-1.778543,-0.134007,2.317092
1218321652.908387,0.007415,0.705861,0.284958,0.271798,-0.125136,-0.536133,4.906279,-2.905969,0.901782,2.438718,-1.778544,-0.132044,2.317111
1218321653.008308,0.005269,0.702129,0.216167,0.260839,-0.130417,-0.542741,4.985278,-2.916282,0.901694,2.438338,-1.778538,-0.129617,2.317125
1218321653.108306,0.003678,0.699623,0.145289,0.244574,-0.134059,-0.550926,5.064131,-2.929644,0.901610,2.437914,-1.778552,-0.127866,2.317143
1218321653.379599,-0.001414,0.688746,-0.004212,0.185514,-0.136960,-0.553329,5.211758,-2.956970,0.901459,2.437024,-1.778478,-0.124933,2.317185
1218321653.478875,-0.003710,0.683648,-0.082671,0.138773,-0.140991,-0.541390,5.284840,-2.971639,0.901369,2.436658,-1.778486,-0.123321,2.317200
1218321653.579043,-0.006059,0.677957,-0.145960,0.093064,-0.138928,-0.528556,5.355967,-2.986394,0.901307,2.436319,-1.778452,-0.122135,2.317213
1218321653.678330,-0.007753,0.673832,-0.199974,0.048154,-0.140307,-0.516531,5.427300,-3.003281,0.901228,2.435944,-1.778473,-0.121760,2.317231
1218321653.918349,-0.008845,0.670903,-0.291367,-0.050356,-0.133970,-0.480530,5.572210,-3.041714,0.901116,2.435346,-1.778453,-0.121900,2.317254
1218321654.018307,-0.008651,0.671906,-0.314880,-0.094151,-0.133901,-0.457844,5.655491,-3.056479,0.901044,2.434974,-1.778410,-0.122605,2.317265
1218321654.118309,-0.008002,0.674062,-0.321890,-0.132918,-0.133869,-0.432429,5.739291,-3.071848,0.900972,2.434726,-1.778425,-0.123247,2.317265
1218321654.218306,-0.007405,0.676051,-0.308638,-0.159893,-0.132294,-0.409295,5.822047,-3.087287,0.900908,2.434476,-1.778389,-0.124319,2.317267
1218321654.318312,-0.007267,0.676827,-0.278978,-0.175074,-0.131737,-0.388737,5.902806,-3.102025,0.900839,2.434178,-1.778360,-0.125756,2.317276
1218321654.418314,-0.006802,0.678579,-0.240552,-0.183987,-0.135153,-0.366929,5.984297,-3.117065,0.900747,2.433944,-1.778375,-0.126932,2.317279
1218321654.518560,-0.006654,0.679416,-0.189195,-0.177983,-0.135674,-0.352864,6.063908,-3.132102,0.900670,2.433620,-1.778345,-0.128825,2.317293
1218321654.618306,-0.006493,0.680234,-0.137708,-0.168958,-0.135339,-0.337131,6.143120,-3.146569,0.900596,2.433332,-1.778338,-0.130191,2.317305
1218321654.718359,-0.006294,0.681237,-0.089525,-0.155752,-0.137379,-0.323289,6.221917,-3.161377,0.900508,2.432982,-1.778308,-0.131675,2.317324
1218321654.933737,-0.006112,0.682104,-0.040837,-0.138757,-0.137539,-0.310009,6.300050,-3.175563,0.900430,2.432672,-1.778308,-0.132714,2.317341
1218321655.232006,-0.006652,0.682084,0.052313,-0.093161,-0.135940,-0.285622,6.469651,-3.189905,0.900284,2.431935,-1.778331,-0.134065,2.317377
1218321655.328314,-0.006517,0.683151,0.090488,-0.069511,-0.137102,-0.274546,6.554309,-3.197720,0.900199,2.431537,-1.778316,-0.134119,2.317400
1218321655.428456,-0.006403,0.684025,0.133444,-0.039968,-0.134982,-0.267753,6.637837,-3.205286,0.900131,2.431167,-1.778301,-0.133671,2.317424
1218321655.528340,-0.006455,0.684497,0.168504,-0.012779,-0.136297,-0.260283,6.720070,-3.212396,0.900045,2.430833,-1.778317,-0.132479,2.317445
1218321655.628380,-0.006577,0.684685,0.205186,0.017703,-0.135069,-0.256004,6.801057,-3.219231,0.899972,2.430547,-1.778262,-0.130667,2.317465
1218321655.728306,-0.006337,0.685845,0.238928,0.048911,-0.137153,-0.253618,6.882268,-3.226526,0.899880,2.430337,-1.778302,-0.128215,2.317479
1218321655.828307,-0.006527,0.685634,0.276360,0.092260,-0.133468,-0.266156,6.960438,-3.235418,0.899820,2.430003,-1.778341,-0.126732,2.317505
1218321655.928306,-0.006463,0.686517,0.297651,0.129836,-0.132714,-0.276699,7.047554,-3.237325,0.899745,2.429525,-1.778326,-0.124819,2.317538
1218321656.018307,-0.005946,0.688466,0.310140,0.167482,-0.129014,-0.294357,7.134323,-3.241987,0.899687,2.429130,-1.778334,-0.123150,2.317564
1218321656.118337,-0.005663,0.689865,0.305757,0.197570,-0.127460,-0.314065,7.219125,-3.248590,0.899617,2.428736,-1.778309,-0.121366,2.317590
1218321656.218312,-0.005584,0.690626,0.281259,0.214534,-0.124611,-0.330900,7.301907,-3.256576,0.899557,2.428300,-1.778310,-0.119164,2.317622
1218321656.318550,-0.006196,0.689567,0.244011,0.223267,-0.125296,-0.348518,7.381293,-3.266245,0.899477,2.427831,-1.778359,-0.117214,2.317657
1218321656.418306,-0.006609,0.689077,0.195806,0.222788,-0.128186,-0.365132,7.460240,-3.278291,0.899381,2.427270,-1.778343,-0.115444,2.317701
1218321656.518307,-0.007750,0.686543,0.137934,0.212689,-0.131339,-0.379322,7.535537,-3.291665,0.899283,2.426820,-1.778351,-0.113950,2.317734
1218321656.618306,-0.008159,0.685895,0.078179,0.195329,-0.134766,-0.391227,7.611993,-3.307417,0.899179,2.426477,-1.778327,-0.112522,2.317758
1218321656.718306,-0.009057,0.683798,0.013872,0.168589,-0.136832,-0.397713,7.685745,-3.323850,0.899082,2.426063,-1.778327,-0.111198,2.317789
1218321656.818307,-0.009867,0.681708,-0.041897,0.142701,-0.135461,-0.406479,7.758074,-3.342076,0.899004,2.425564,-1.778294,-0.110658,2.317828
1218321656.918307,-0.010565,0.679823,-0.098287,0.110310,-0.135089,-0.410829,7.829619,-3.361512,0.898920,2.425019,-1.778286,-0.110348,2.317872
1218321657.008607,-0.009897,0.681894,-0.159394,0.066136,-0.133287,-0.403701,7.913716,-3.375569,0.898845,2.424593,-1.778303,-0.109790,2.317896
1218321657.108306,-0.009226,0.683977,-0.210440,0.024700,-0.131785,-0.398449,7.996412,-3.391564,0.898768,2.424136,-1.778311,-0.110398,2.317923
1218321657.208353,-0.008388,0.686506,-0.265836,-0.027586,-0.129771,-0.382375,8.079040,-3.408113,0.898695,2.423850,-1.778337,-0.110894,2.317933
1218321657.308307,-0.006725,0.691359,-0.297855,-0.070790,-0.128119,-0.369105,8.163351,-3.426707,0.898620,2.423504,-1.778232,-0.112102,2.317950
1218321657.408307,-0.005640,0.694786,-0.317596,-0.113125,-0.129052,-0.349157,8.245725,-3.444216,0.898529,2.423281,-1.778224,-0.113080,2.317956
1218321657.508307,-0.004555,0.698258,-0.324023,-0.149936,-0.129838,-0.327078,8.327628,-3.461668,0.898438,2.422940,-1.778215,-0.114447,2.317973
1218321657.608306,-0.003607,0.701329,-0.313564,-0.180594,-0.128179,-0.300837,8.408905,-3.477827,0.898363,2.422764,-1.778206,-0.115458,2.317976
1218321657.708341,-0.002652,0.704484,-0.282099,-0.196974,-0.126798,-0.278138,8.489898,-3.493667,0.898286,2.422494,-1.778170,-0.116906,2.317989
1218321657.808311,-0.002455,0.705795,-0.237425,-0.202229,-0.130256,-0.257544,8.568640,-3.508074,0.898177,2.422315,-1.778143,-0.118509,2.317995
1218321657.908541,-0.002552,0.706736,-0.181303,-0.197165,-0.133132,-0.234875,8.657814,-3.508686,0.898069,2.421913,-1.778080,-0.119915,2.318007
1218321658.008308,-0.002364,0.708345,-0.113719,-0.178032,-0.134000,-0.219736,8.747041,-3.509868,0.897973,2.421355,-1.778035,-0.121543,2.318035
1218321658.108306,-0.002254,0.709732,-0.048483,-0.154822,-0.135496,-0.205323,8.835482,-3.510573,0.897871,2.420846,-1.778035,-0.122627,2.318061
1218321658.208306,-0.002769,0.709257,0.008587,-0.132367,-0.132855,-0.188768,8.921031,-3.509575,0.897796,2.420502,-1.778017,-0.122887,2.318074
1218321658.308306,-0.002700,0.710282,0.067898,-0.102199,-0.130670,-0.177401,9.007571,-3.509227,0.897720,2.420058,-1.778017,-0.122968,2.318098
1218321658.408313,-0.002253,0.712347,0.121072,-0.068822,-0.130407,-0.169623,9.094543,-3.509515,0.897630,2.419606,-1.778045,-0.122880,2.318125
1218321658.508307,-0.001978,0.713871,0.166949,-0.035291,-0.127863,-0.163339,9.180027,-3.509332,0.897557,2.419302,-1.778036,-0.122180,2.318139
1218321658.608451,-0.001378,0.716353,0.213002,0.003482,-0.128072,-0.162761,9.265946,-3.509738,0.897465,2.418996,-1.778026,-0.121128,2.318156
1218321658.708339,-0.000901,0.718475,0.246583,0.038914,-0.128246,-0.163024,9.350559,-3.510025,0.897373,2.418697,-1.778055,-0.119491,2.318173
1218321658.808386,-0.001078,0.718884,0.278880,0.078622,-0.129911,-0.170926,9.432280,-3.510592,0.897270,2.418245,-1.778074,-0.117755,2.318206
1218321658.908306,-0.001431,0.718737,0.300375,0.116584,-0.131292,-0.183174,9.512317,-3.512076,0.897168,2.417667,-1.778093,-0.115872,2.318251
1218321659.008310,-0.001328,0.719611,0.305546,0.148142,-0.129371,-0.197032,9.592447,-3.515151,0.897087,2.417199,-1.778141,-0.113829,2.318287
1218321659.108343,-0.001969,0.718862,0.301665,0.177789,-0.126962,-0.211832,9.680620,-3.503397,0.897012,2.416418,-1.778074,-0.112130,2.318331
1218321659.208306,-0.002191,0.719116,0.283844,0.200677,-0.125736,-0.229168,9.768663,-3.494392,0.896929,2.415684,-1.778142,-0.110554,2.318373
1218321659.308312,-0.002449,0.719208,0.246215,0.209228,-0.123935,-0.242219,9.855389,-3.487169,0.896850,2.415044,-1.778162,-0.108605,2.318407
1218321659.408314,-0.002323,0.720327,0.193257,0.204756,-0.122443,-0.251198,9.942435,-3.482123,0.896770,2.414428,-1.778113,-0.106606,2.318440
1218321659.508456,-0.002647,0.720186,0.136612,0.192308,-0.120406,-0.257592,10.027012,-3.478415,0.896695,2.413841,-1.778055,-0.104577,2.318471
1218321659.608339,-0.002987,0.720049,0.077004,0.173483,-0.122565,-0.262686,10.110685,-3.476772,0.896590,2.413251,-1.778075,-0.102994,2.318502
1218321659.708383,-0.002201,0.722844,0.019073,0.149586,-0.122095,-0.266336,10.196999,-3.477610,0.896502,2.412719,-1.778045,-0.101644,2.318529
1218321659.808306,-0.001990,0.724055,-0.038376,0.122134,-0.120137,-0.269394,10.280301,-3.480125,0.896425,2.412041,-1.778025,-0.101099,2.318570
1218321659.908307,-0.001587,0.725783,-0.096493,0.087897,-0.119284,-0.267773,10.363379,-3.484195,0.896340,2.411489,-1.778055,-0.100801,2.318599
1218321660.008309,-0.000968,0.728402,-0.156921,0.043668,-0.115493,-0.252114,10.457063,-3.473251,0.896278,2.410902,-1.778045,-0.100381,2.318612
1218321660.108307,0.000047,0.732110,-0.202483,0.002496,-0.111573,-0.236610,10.551058,-3.463987,0.896220,2.410208,-1.777943,-0.100558,2.318635
1218321660.208341,0.000562,0.734688,-0.246217,-0.044667,-0.114467,-0.212391,10.643130,-3.454835,0.896112,2.409804,-1.777974,-0.100705,2.318634
1218321660.308312,0.001174,0.737265,-0.271264,-0.084607,-0.109937,-0.188992,10.733979,-3.446379,0.896058,2.409382,-1.777974,-0.101516,2.318636
1218321660.408581,0.001536,0.739424,-0.272975,-0.115272,-0.113101,-0.165215,10.823813,-3.437637,0.895949,2.409023,-1.777954,-0.102228,2.318635
1218321660.508307,0.001966,0.741692,-0.257128,-0.134529,-0.114204,-0.144972,10.912849,-3.429474,0.895852,2.408503,-1.777902,-0.103534,2.318649
1218321660.608350,0.002384,0.743973,-0.229134,-0.144909,-0.117444,-0.126517,11.001235,-3.421563,0.895738,2.407929,-1.777923,-0.105048,2.318670
1218321660.708306,0.002226,0.744662,-0.191065,-0.148519,-0.118584,-0.107382,11.087124,-3.412566,0.895637,2.407493,-1.777860,-0.106143,2.318681
1218321660.808306,0.001963,0.745058,-0.148101,-0.145713,-0.121074,-0.089516,11.171992,-3.403417,0.895524,2.407153,-1.777829,-0.107179,2.318686
1218321660.908307,0.001912,0.745868,-0.097807,-0.130637,-0.120842,-0.080393,11.256457,-3.395491,0.895431,2.406647,-1.777829,-0.109003,2.318707
1218321661.008310,0.001876,0.746710,-0.043404,-0.110274,-0.120649,-0.072296,11.340430,-3.387000,0.895336,2.406120,-1.777776,-0.110040,2.318731
1218321661.108341,0.001835,0.747786,0.011797,-0.083994,-0.118168,-0.062831,11.433721,-3.361516,0.895260,2.405521,-1.777787,-0.110805,2.318741
1218321661.208311,0.001276,0.747603,0.064870,-0.052646,-0.120709,-0.058393,11.524548,-3.336636,0.895145,2.404750,-1.777755,-0.111394,2.318769
1218321661.308549,0.001667,0.749768,0.115037,-0.016553,-0.119774,-0.059610,11.617051,-3.313714,0.895055,2.404054,-1.777799,-0.111818,2.318793
1218321661.408306,0.001496,0.750343,0.158960,0.019681,-0.115884,-0.062921,11.706481,-3.290989,0.894989,2.403335,-1.777691,-0.111464,2.318821
1218321661.508306,0.001566,0.751655,0.190965,0.053674,-0.118050,-0.068440,11.795788,-3.269858,0.894877,2.402794,-1.777713,-0.110760,2.318836
1218321661.608306,0.001607,0.752753,0.221703,0.090776,-0.116767,-0.080111,11.883715,-3.250168,0.894791,2.402319,-1.777691,-0.109718,2.318848
1218321661.708306,0.001433,0.753253,0.249264,0.132378,-0.116459,-0.101465,11.969894,-3.232884,0.894698,2.401544,-1.777680,-0.108966,2.318887
1218321661.808307,0.001578,0.754425,0.261600,0.169216,-0.113122,-0.126201,12.055716,-3.218090,0.894629,2.400655,-1.777703,-0.108080,2.318937
1218321661.908307,0.001149,0.754077,0.255413,0.197969,-0.112629,-0.152861,12.138594,-3.205956,0.894540,2.399971,-1.777747,-0.107196,2.318969
1218321662.008455,0.001005,0.754819,0.230638,0.215463,-0.112999,-0.170645,12.231851,-3.171380,0.894443,2.398985,-1.777714,-0.106170,2.318994
1218321662.108339,0.001506,0.757279,0.194658,0.227991,-0.113333,-0.193860,12.326108,-3.141415,0.894346,2.397844,-1.777647,-0.106000,2.319034
1218321662.208384,0.001875,0.759373,0.138240,0.222546,-0.114382,-0.208682,12.418998,-3.113786,0.894241,2.396726,-1.777715,-0.105236,2.319073
1218321662.308306,0.001978,0.760663,0.069662,0.202421,-0.112930,-0.215661,12.510040,-3.088334,0.894157,2.395807,-1.777783,-0.104187,2.319096
1218321662.408306,0.001837,0.761437,-0.000280,0.175792,-0.115571,-0.220800,12.599673,-3.065665,0.894039,2.394762,-1.777783,-0.103742,2.319131
1218321662.508307,0.002596,0.764477,-0.076068,0.136189,-0.113179,-0.216830,12.691390,-3.045151,0.893960,2.393946,-1.777703,-0.103114,2.319147
1218321662.608307,0.003313,0.767472,-0.148919,0.090633,-0.114271,-0.208147,12.782288,-3.026604,0.893853,2.393084,-1.777852,-0.103032,2.319169
1218321662.708312,0.003623,0.769322,-0.209322,0.046055,-0.112854,-0.198635,12.870701,-3.009790,0.893767,2.392193,-1.777898,-0.103762,2.319194
1218321662.808315,0.004096,0.771582,-0.272014,-0.006542,-0.110906,-0.181127,12.958810,-2.994512,0.893686,2.391421,-1.777933,-0.105028,2.319209
1218321662.908533,0.005082,0.775495,-0.319852,-0.060251,-0.107761,-0.147841,13.058117,-2.950233,0.893616,2.390321,-1.777852,-0.106136,2.319213
1218321663.008308,0.006503,0.780579,-0.346395,-0.105412,-0.104387,-0.116366,13.157684,-2.908006,0.893551,2.389338,-1.777782,-0.108073,2.319209
1218321663.108359,0.007735,0.785358,-0.358671,-0.147833,-0.104662,-0.078929,13.256279,-2.865770,0.893456,2.388477,-1.777688,-0.109805,2.319200
1218321663.208306,0.008762,0.789644,-0.358738,-0.189984,-0.105660,-0.030986,13.353746,-2.821939,0.893355,2.387873,-1.777711,-0.110625,2.319173
1218321663.308307,0.010187,0.795025,-0.331863,-0.215475,-0.104977,0.012090,13.451543,-2.778540,0.893266,2.387188,-1.777628,-0.112052,2.319158
1218321663.408306,0.011485,0.800206,-0.279537,-0.223295,-0.105956,0.049509,13.548331,-2.734807,0.893164,2.386472,-1.777569,-0.113638,2.319149
1218321663.508306,0.012165,0.803846,-0.213411,-0.218343,-0.109065,0.083326,13.642449,-2.690166,0.893041,2.385807,-1.777640,-0.115066,2.319141
1218321663.608341,0.012379,0.806243,-0.131975,-0.193498,-0.110876,0.102811,13.734173,-2.646651,0.892927,2.385096,-1.777676,-0.117366,2.319141
1218321663.708312,0.012231,0.807578,-0.050852,-0.161404,-0.109291,0.118202,13.823618,-2.602922,0.892842,2.384361,-1.777617,-0.119106,2.319145
1218321663.808595,0.011566,0.807617,0.025818,-0.124050,-0.112574,0.129233,13.910484,-2.559326,0.892715,2.383593,-1.777629,-0.120333,2.319156
1218321663.908307,0.010608,0.806654,0.092602,-0.086885,-0.112211,0.140320,13.994602,-2.515233,0.892617,2.382695,-1.777593,-0.120551,2.319180
1218321664.008351,0.010069,0.806576,0.159160,-0.042196,-0.108822,0.143370,14.078487,-2.472341,0.892546,2.381965,-1.777618,-0.120443,2.319193
1218321664.108343,0.009489,0.806783,0.220621,0.006292,-0.108310,0.147011,14.169545,-2.407620,0.892452,2.380829,-1.777558,-0.119767,2.319212
1218321664.208307,0.008835,0.806599,0.271409,0.055883,-0.107089,0.144198,14.258397,-2.345085,0.892364,2.379631,-1.777668,-0.118745,2.319240
1218321664.308307,0.008491,0.807175,0.318779,0.115066,-0.106080,0.123898,14.347291,-2.287306,0.892275,2.378326,-1.777755,-0.118657,2.319280
1218321664.408307,0.008911,0.809655,0.341368,0.162322,-0.102953,0.106356,14.436788,-2.231507,0.892206,2.377298,-1.777755,-0.117311,2.319302
1218321664.508337,0.009426,0.812403,0.341230,0.200495,-0.100351,0.085736,14.525593,-2.179200,0.892134,2.376191,-1.777693,-0.115947,2.319333
1218321664.608312,0.009606,0.814328,0.314192,0.222735,-0.101254,0.068277,14.612463,-2.129959,0.892032,2.375137,-1.777706,-0.114194,2.319361
1218321664.708558,0.009439,0.815234,0.276234,0.237692,-0.100447,0.047742,14.697452,-2.084484,0.891945,2.373898,-1.777731,-0.112666,2.319406
1218321664.808306,0.008605,0.814387,0.219775,0.237494,-0.103599,0.032408,14.779735,-2.042218,0.891822,2.372668,-1.777870,-0.110940,2.319451
1218321664.908306,0.008317,0.814904,0.154214,0.228626,-0.103944,0.016751,14.863350,-2.003960,0.891721,2.371499,-1.777782,-0.109892,2.319493
1218321665.008308,0.007151,0.813425,0.076034,0.203594,-0.107279,0.019327,14.950635,-1.939882,0.891592,2.370095,-1.777757,-0.108578,2.319516