
1218321640.508306,-0.084325,2.445431,-0.737598,3.055762,-10.853223,-0.057494,0.231019,0.000000,0.000000,0.196400,10S
1218321640.608306,-0.084325,2.389214,-2.739648,2.739648,-10.431738,-0.057494,0.231019,0.000000,0.000000,0.834700,10S
1218321640.708342,-0.112434,2.389214,-0.842969,2.528906,-10.747852,-0.057494,0.231019,0.000000,0.000000,1.178400,10S
1218321640.808311,-0.056217,2.389214,-3.898730,2.739648,-11.063965,-0.057494,0.231019,0.000000,0.000000,1.325700,10S
1218321640.908577,-0.056217,2.389214,-4.741699,2.739648,-10.853223,-0.072808,0.323510,0.000000,0.000000,1.325700,10S
1218321641.008308,-0.056217,2.501647,-5.268555,2.739648,-10.326367,-0.072808,0.323510,0.000000,0.000000,1.031100,10S
1218321641.108345,-0.056217,2.501647,-5.900781,2.950391,-10.326367,-0.072808,0.323510,0.000000,0.000000,0.736500,10S
1218321641.208306,0.056217,2.501647,-5.795410,2.739648,-9.799512,-0.072808,0.323510,0.000000,0.000000,0.392800,10S
1218321641.308306,0.056217,2.642189,-6.006152,2.950391,-9.904883,-0.072808,0.323510,0.000000,0.000000,0.196400,10S
1218321641.408307,0.056217,2.614081,-5.690039,2.845020,-10.220996,-0.072808,0.323510,0.000000,0.000000,0.147300,10S
1218321641.508306,0.084325,2.585973,-5.795410,2.950391,-10.642480,-0.072808,0.323510,0.000000,0.000000,0.049100,10S
1218321641.608342,0.028108,2.529756,-5.584668,2.739648,-9.904883,-0.072808,0.323510,0.000000,0.000000,0.098200,10S
1218321641.708312,0.112434,2.501647,-5.163184,3.055762,-10.642480,-0.072808,0.323510,0.000000,0.000000,0.098200,10S
1218321641.808545,0.056217,2.501647,-5.268555,3.266504,-10.642480,-0.072808,0.323510,0.000000,0.000000,0.098200,10S
1218321641.908306,0.112434,2.501647,-5.584668,3.266504,-10.958594,-0.072808,0.323510,0.000000,0.000000,0.147300,10S
1218321642.008308,0.028108,2.585973,-5.900781,2.950391,-10.326367,-0.072808,0.323510,0.000000,0.000000,0.196400,10S
1218321642.108307,0.028108,2.473539,-5.479297,3.266504,-10.431738,-0.101976,0.286282,0.000000,0.000000,0.196400,10S
1218321642.208306,0.028108,2.557864,-5.690039,2.528906,-10.431738,-0.101976,0.286282,0.000000,0.000000,0.245500,10S
1218321642.308307,0.140542,2.557864,-5.057813,3.055762,-11.063965,-0.101976,0.286282,0.000000,0.000000,0.294600,10S
1218321642.408307,0.084325,2.529756,-5.268555,3.161133,-10.958594,-0.101976,0.286282,0.000000,0.000000,0.294600,10S
1218321642.508451,0.112434,2.529756,-4.109473,2.845020,-10.747852,-0.101976,0.286282,0.000000,0.000000,0.392800,10S
1218321642.608339,0.056217,2.614081,-5.057813,2.739648,-10.747852,-0.101976,0.286282,0.000000,0.000000,0.491000,10S
1218321642.708388,0.000000,2.585973,-4.425586,2.634277,-10.747852,-0.101976,0.286282,0.000000,0.000000,0.589200,10S
1218321642.808306,-0.028108,2.642189,-3.687988,2.634277,-11.274707,-0.101976,0.286282,0.000000,0.000000,0.736500,10S
1218321642.908306,-0.084325,2.529756,-3.582617,2.423535,-10.853223,-0.101976,0.286282,0.000000,0.000000,0.785600,10S
1218321643.008309,-0.084325,2.642189,-3.793359,2.634277,-11.063965,-0.115830,0.156562,0.000000,0.000000,0.883800,10S
1218321643.108307,-0.056217,2.698406,-3.371875,2.950391,-11.169336,-0.115830,0.156562,0.000000,0.000000,1.031100,10S
1218321643.208312,-0.056217,2.557864,-2.950391,3.055762,-11.696191,-0.115830,0.156562,0.000000,0.000000,1.031100,10S
1218321643.308314,-0.084325,2.585973,-2.739648,3.055762,-11.485449,-0.115830,0.156562,0.000000,0.000000,1.178400,10S
1218321643.408560,-0.028108,2.557864,-2.950391,3.266504,-11.169336,-0.115830,0.156562,0.000000,0.000000,1.227500,10S
1218321643.508307,0.084325,2.614081,-2.739648,2.950391,-11.169336,-0.115830,0.156562,0.000000,0.000000,1.227500,10S
1218321643.608361,0.140542,2.557864,-3.161133,3.161133,-11.485449,-0.115830,0.156562,0.000000,0.000000,1.325700,10S
1218321643.708306,0.084325,2.614081,-3.161133,2.950391,-11.274707,-0.115830,0.156562,0.000000,0.000000,1.276600,10S
1218321643.808306,0.112434,2.501647,-2.845020,2.634277,-11.169336,-0.115830,0.156562,0.000000,0.000000,1.325700,10S
1218321643.908307,0.084325,2.501647,-3.055762,2.318164,-10.958594,-0.115830,0.156562,0.000000,0.000000,1.276600,10S
1218321644.008308,0.140542,2.473539,-2.950391,2.528906,-11.169336,-0.115830,0.156562,0.000000,0.000000,1.276600,10S
1218321644.108378,0.168650,2.417322,-3.161133,2.528906,-11.485449,0.032563,-0.046165,0.000000,0.000000,1.325700,10S
1218321644.208311,0.112434,2.417322,-2.845020,2.107422,-11.590820,0.032563,-0.046165,0.000000,0.000000,1.325700,10S
1218321644.308566,0.112434,2.473539,-3.055762,2.423535,-11.485449,0.032563,-0.046165,0.000000,0.000000,1.325700,10S
1218321644.408306,0.028108,2.445431,-3.687988,1.896680,-11.169336,0.032563,-0.046165,0.000000,0.000000,1.374800,10S
1218321644.508354,0.028108,2.445431,-3.582617,1.791309,-10.853223,0.032563,-0.046165,0.000000,0.000000,1.276600,10S
1218321644.608306,0.112434,2.445431,-3.371875,1.896680,-11.485449,0.032563,-0.046165,0.000000,0.000000,1.227500,10S
1218321644.708307,0.084325,2.389214,-2.950391,2.002051,-11.380078,0.032563,-0.046165,0.000000,0.000000,1.227500,10S
1218321644.808313,0.084325,2.445431,-3.371875,1.896680,-11.063965,0.032563,-0.046165,0.000000,0.000000,1.227500,10S
1218321644.908307,0.140542,2.473539,-2.845020,1.896680,-11.590820,0.032563,-0.046165,0.000000,0.000000,1.178400,10S
1218321645.008339,0.112434,2.445431,-3.793359,1.475195,-11.485449,0.446383,-0.358260,0.000000,0.000000,1.276600,10S
1218321645.108311,0.056217,2.417322,-3.371875,1.159082,-11.590820,0.446383,-0.358260,0.000000,0.000000,1.227500,10S
1218321645.208545,0.084325,2.389214,-3.477246,1.264453,-11.169336,0.446383,-0.358260,0.000000,0.000000,1.276600,10S
1218321645.308306,0.112434,2.304889,-3.055762,0.737598,-11.801563,0.446383,-0.358260,0.000000,0.000000,1.325700,10S
1218321645.408306,0.000000,2.248672,-2.634277,0.737598,-11.063965,0.446383,-0.358260,0.000000,0.000000,1.374800,10S
1218321645.508306,0.056217,2.276780,-2.634277,0.737598,-11.696191,0.446383,-0.358260,0.000000,0.000000,1.374800,10S
1218321645.608306,-0.084325,2.276780,-2.739648,0.526855,-11.169336,0.446383,-0.358260,0.000000,0.000000,1.423900,10S
1218321645.708307,-0.140542,2.248672,-2.634277,0.210742,-11.590820,0.446383,-0.358260,0.000000,0.000000,1.522100,10S
1218321645.808307,-0.140542,2.220563,-2.528906,0.105371,-11.485449,0.446383,-0.358260,0.000000,0.000000,1.522100,10S
1218321645.908451,-0.252976,2.276780,-2.634277,0.421484,-11.380078,0.978091,-0.706617,0.000000,0.000000,1.522100,10S
1218321646.008341,-0.281084,2.304889,-2.739648,0.526855,-11.590820,0.978091,-0.706617,0.000000,0.000000,1.522100,10S
1218321646.108383,-0.309192,2.417322,-2.845020,0.842969,-11.274707,0.978091,-0.706617,0.000000,0.000000,1.522100,10S
1218321646.208307,-0.365409,2.389214,-3.055762,1.053711,-11.169336,0.978091,-0.706617,0.000000,0.000000,1.522100,10S
1218321646.308306,-0.337301,2.417322,-2.845020,1.159082,-11.590820,0.978091,-0.706617,0.000000,0.000000,1.473000,10S
1218321646.408306,-0.337301,2.473539,-2.634277,1.475195,-11.485449,0.978091,-0.706617,0.000000,0.000000,1.522100,10S
1218321646.508306,-0.365409,2.529756,-2.634277,1.580566,-11.274707,0.978091,-0.706617,0.000000,0.000000,1.423900,10S
1218321646.608312,-0.252976,2.557864,-2.739648,2.318164,-11.696191,0.978091,-0.706617,0.000000,0.000000,1.473000,10S
1218321646.708314,-0.337301,2.557864,-2.528906,2.528906,-11.063965,0.978091,-0.706617,0.000000,0.000000,1.473000,10S
1218321646.808556,-0.252976,2.501647,-2.528906,2.739648,-11.380078,0.978091,-0.706617,0.000000,0.000000,1.522100,10S
1218321646.908306,-0.168650,2.529756,-2.845020,2.739648,-11.590820,0.978091,-0.706617,0.000000,0.000000,1.522100,10S
1218321647.008361,-0.112434,2.529756,-2.634277,2.950391,-11.380078,0.978091,-0.706617,0.000000,0.000000,1.571200,10S
1218321647.108307,-0.084325,2.557864,-2.845020,2.950391,-11.274707,1.627565,-1.072719,0.000000,0.000000,1.571200,10S
1218321647.208307,-0.084325,2.585973,-1.791309,2.845020,-11.696191,1.627565,-1.072719,0.000000,0.000000,1.571200,10S
1218321647.308306,-0.056217,2.529756,-2.423535,2.739648,-11.063965,1.627565,-1.072719,0.000000,0.000000,1.669400,10S
1218321647.408306,-0.084325,2.529756,-2.423535,2.528906,-10.958594,1.627565,-1.072719,0.000000,0.000000,1.718500,10S
1218321647.508341,0.056217,2.529756,-2.002051,3.161133,-11.380078,1.627565,-1.072719,0.000000,0.000000,1.669400,10S
1218321647.608312,0.056217,2.501647,-2.212793,2.634277,-11.380078,1.627565,-1.072719,0.000000,0.000000,1.767600,10S
1218321647.708570,0.056217,2.473539,-2.318164,2.107422,-10.958594,1.627565,-1.072719,0.000000,0.000000,1.669400,10S
1218321647.808306,0.000000,2.529756,-2.845020,2.318164,-11.485449,1.627565,-1.072719,0.000000,0.000000,1.718500,10S
1218321647.908344,-0.112434,2.529756,-2.318164,2.002051,-10.958594,1.627565,-1.072719,0.000000,0.000000,1.718500,10S
1218321648.008308,-0.112434,2.557864,-2.950391,2.423535,-11.063965,2.409266,-1.419435,0.000000,0.000000,1.620300,10S
1218321648.108306,-0.084325,2.529756,-2.423535,2.634277,-11.801563,2.409266,-1.419435,0.000000,0.000000,1.620300,10S
1218321648.208312,-0.084325,2.557864,-2.634277,2.739648,-11.274707,2.409266,-1.419435,0.000000,0.000000,1.571200,10S
1218321648.308307,0.000000,2.557864,-2.634277,2.950391,-11.274707,2.409266,-1.419435,0.000000,0.000000,1.620300,10S
1218321648.408337,0.000000,2.614081,-2.423535,2.634277,-11.274707,2.409266,-1.419435,0.000000,0.000000,1.669400,10S
1218321648.508312,0.056217,2.557864,-2.212793,2.845020,-11.696191,2.409266,-1.419435,0.000000,0.000000,1.620300,10S
1218321648.608551,0.056217,2.529756,-2.212793,2.634277,-11.801563,2.409266,-1.419435,0.000000,0.000000,1.620300,10S
1218321648.708307,0.028108,2.417322,-1.896680,2.318164,-11.380078,2.409266,-1.419435,0.000000,0.000000,1.718500,10S
1218321648.808306,0.056217,2.473539,-2.318164,2.107422,-11.380078,2.409266,-1.419435,0.000000,0.000000,1.669400,10S
1218321648.908306,0.084325,2.473539,-2.634277,2.528906,-12.012305,2.409266,-1.419435,0.000000,0.000000,1.718500,10S
1218321649.008308,0.056217,2.445431,-2.423535,2.107422,-11.169336,2.409266,-1.419435,0.000000,0.000000,1.620300,10S
1218321649.108362,0.112434,2.473539,-2.950391,2.107422,-11.590820,3.250154,-1.821316,0.000000,0.000000,1.718500,10S
1218321649.208307,0.084325,2.417322,-2.528906,2.318164,-11.485449,3.250154,-1.821316,0.000000,0.000000,1.620300,10S
1218321649.308450,0.084325,2.417322,-2.423535,1.685938,-11.696191,3.250154,-1.821316,0.000000,0.000000,1.620300,10S
1218321649.408339,0.000000,2.445431,-2.845020,1.685938,-11.696191,3.250154,-1.821316,0.000000,0.000000,1.620300,10S
1218321649.508379,0.000000,2.445431,-2.739648,1.685938,-11.590820,3.250154,-1.821316,0.000000,0.000000,1.571200,10S
1218321649.608306,0.000000,2.417322,-2.634277,1.685938,-11.696191,3.250154,-1.821316,0.000000,0.000000,1.620300,10S
1218321649.708307,0.056217,2.389214,-2.107422,1.685938,-11.169336,3.250154,-1.821316,0.000000,0.000000,1.620300,10S
1218321649.808306,0.028108,2.389214,-2.423535,1.369824,-11.801563,3.250154,-1.821316,0.000000,0.000000,1.669400,10S
1218321649.908307,-0.028108,2.332997,-2.318164,1.159082,-12.117676,3.250154,-1.821316,0.000000,0.000000,1.669400,10S
1218321650.008314,-0.112434,2.361105,-2.212793,0.948340,-10.958594,4.032099,-2.205067,0.000000,0.000000,1.620300,10S
1218321650.108314,-0.056217,2.389214,-2.528906,1.475195,-11.801563,4.032099,-2.205067,0.000000,0.000000,1.767600,10S
1218321650.208564,-0.168650,2.473539,-2.634277,1.264453,-11.590820,4.032099,-2.205067,0.000000,0.000000,1.718500,10S
1218321650.308306,-0.224867,2.417322,-2.107422,1.685938,-11.906934,4.032099,-2.205067,0.000000,0.000000,1.767600,10S
1218321650.408355,-0.252976,2.417322,-2.002051,1.580566,-11.380078,4.032099,-2.205067,0.000000,0.000000,1.816700,10S
1218321650.508306,-0.224867,2.389214,-2.212793,1.791309,-11.169336,4.032099,-2.205067,0.000000,0.000000,1.767600,10S
1218321650.608306,-0.196759,2.473539,-2.528906,1.896680,-11.485449,4.032099,-2.205067,0.000000,0.000000,1.816700,10S
1218321650.708307,-0.224867,2.501647,-2.107422,1.791309,-11.485449,4.032099,-2.205067,0.000000,0.000000,1.816700,10S
1218321650.808307,-0.309192,2.557864,-2.107422,1.896680,-11.169336,4.032099,-2.205067,0.000000,0.000000,1.767600,10S
1218321650.908341,-0.281084,2.642189,-2.528906,2.318164,-11.906934,4.755100,-2.570686,0.000000,0.000000,1.767600,10S
1218321651.008313,-0.309192,2.670298,-1.896680,2.634277,-10.958594,4.755100,-2.570686,0.000000,0.000000,1.767600,10S
1218321651.108592,-0.252976,2.670298,-2.528906,2.950391,-11.485449,4.755100,-2.570686,0.000000,0.000000,1.767600,10S
1218321651.208306,-0.252976,2.642189,-2.107422,3.055762,-11.801563,4.755100,-2.570686,0.000000,0.000000,1.767600,10S
1218321651.308346,-0.140542,2.670298,-1.580566,3.371875,-10.747852,4.755100,-2.570686,0.000000,0.000000,1.865800,10S
1218321651.408306,-0.028108,2.670298,-2.107422,3.793359,-11.063965,4.755100,-2.570686,0.000000,0.000000,1.816700,10S
1218321651.508306,0.056217,2.614081,-2.107422,3.898730,-11.485449,4.755100,-2.570686,0.000000,0.000000,1.914900,10S
1218321651.608307,0.140542,2.585973,-1.896680,3.371875,-10.958594,4.755100,-2.570686,0.000000,0.000000,1.865800,10S
1218321651.708307,0.196759,2.529756,-1.685938,3.161133,-11.696191,4.755100,-2.570686,0.000000,0.000000,1.914900,10S
1218321651.808450,0.281084,2.473539,-1.896680,2.845020,-10.747852,4.755100,-2.570686,0.000000,0.000000,1.865800,10S
1218321651.908340,0.281084,2.417322,-2.212793,2.423535,-11.485449,4.755100,-2.570686,0.000000,0.000000,1.914900,10S
1218321652.008554,0.252976,2.389214,-2.107422,2.212793,-12.012305,4.755100,-2.570686,0.000000,0.000000,1.816700,10S
1218321652.108306,0.224867,2.389214,-2.423535,2.107422,-11.274707,5.536559,-2.880366,0.000000,0.000000,1.816700,10S
1218321652.208307,0.309192,2.332997,-1.896680,1.475195,-11.590820,5.536559,-2.880366,0.000000,0.000000,1.816700,10S
1218321652.308307,0.309192,2.304889,-2.318164,1.264453,-11.485449,5.536559,-2.880366,0.000000,0.000000,1.767600,10S
1218321652.408306,0.196759,2.164347,-2.002051,0.632227,-11.169336,5.536559,-2.880366,0.000000,0.000000,1.767600,10S
1218321652.508312,0.112434,2.192455,-1.685938,0.105371,-11.485449,5.536559,-2.880366,0.000000,0.000000,1.816700,10S
1218321652.608314,-0.056217,2.136238,-1.791309,-0.526855,-12.117676,5.536559,-2.880366,0.000000,0.000000,1.767600,10S
1218321652.708451,-0.281084,2.220563,-1.580566,-0.421484,-11.274707,5.536559,-2.880366,0.000000,0.000000,1.767600,10S
1218321652.808339,-0.421626,2.248672,-1.791309,0.210742,-11.380078,5.536559,-2.880366,0.000000,0.000000,1.816700,10S
1218321652.908387,-0.393518,2.276780,-1.896680,0.948340,-11.590820,5.536559,-2.880366,0.000000,0.000000,1.865800,10S
1218321653.008308,-0.309192,2.332997,-2.634277,1.369824,-11.485449,6.361404,-3.078651,0.000000,0.000000,1.767600,10S
1218321653.108306,-0.365409,2.361105,-2.528906,1.264453,-11.801563,6.361404,-3.078651,0.000000,0.000000,1.816700,10S
1218321653.379599,-0.365409,2.501647,-2.002051,1.791309,-10.747852,6.361404,-3.078651,0.000000,0.000000,1.669400,10S
1218321653.478875,-0.281084,2.585973,-2.739648,2.423535,-11.696191,6.361404,-3.078651,0.000000,0.000000,1.669400,10S
1218321653.579043,-0.196759,2.585973,-2.002051,2.528906,-11.063965,6.361404,-3.078651,0.000000,0.000000,1.620300,10S
1218321653.678330,-0.224867,2.614081,-2.423535,2.528906,-11.906934,6.361404,-3.078651,0.000000,0.000000,1.669400,10S
1218321653.918349,-0.196759,2.670298,-1.791309,3.477246,-11.169336,6.361404,-3.078651,0.000000,0.000000,1.816700,10S
1218321654.018307,-0.140542,2.670298,-2.107422,3.266504,-10.958594,7.186492,-3.313971,0.000000,0.000000,1.816700,10S
1218321654.118309,-0.028108,2.614081,-2.107422,3.582617,-11.801563,7.186492,-3.313971,0.000000,0.000000,1.865800,10S
1218321654.218306,0.028108,2.585973,-1.896680,3.371875,-11.063965,7.186492,-3.313971,0.000000,0.000000,1.865800,10S
1218321654.318312,0.056217,2.585973,-2.002051,3.055762,-11.169336,7.186492,-3.313971,0.000000,0.000000,1.816700,10S
1218321654.418314,0.112434,2.557864,-2.528906,3.161133,-11.801563,7.186492,-3.313971,0.000000,0.000000,1.865800,10S
1218321654.518560,0.056217,2.529756,-2.212793,2.528906,-11.169336,7.186492,-3.313971,0.000000,0.000000,1.816700,10S
1218321654.618306,0.084325,2.529756,-2.107422,2.634277,-11.485449,7.186492,-3.313971,0.000000,0.000000,1.816700,10S
1218321654.718359,0.000000,2.557864,-2.423535,2.423535,-11.169336,7.186492,-3.313971,0.000000,0.000000,1.816700,10S
1218321654.933737,0.028108,2.529756,-2.212793,2.423535,-11.590820,7.186492,-3.313971,0.000000,0.000000,1.816700,10S
1218321655.232006,0.028108,2.529756,-2.318164,2.107422,-11.696191,7.967100,-3.494028,0.000000,0.000000,1.767600,10S
1218321655.328314,0.000000,2.529756,-2.318164,2.107422,-11.380078,7.967100,-3.494028,0.000000,0.000000,1.816700,10S
1218321655.428456,0.084325,2.473539,-1.896680,1.896680,-11.380078,7.967100,-3.494028,0.000000,0.000000,1.816700,10S
1218321655.528340,0.112434,2.473539,-2.318164,2.002051,-11.801563,7.967100,-3.494028,0.000000,0.000000,1.816700,10S
1218321655.628380,0.196759,2.417322,-2.002051,1.896680,-10.853223,7.967100,-3.494028,0.000000,0.000000,1.816700,10S
1218321655.728306,0.252976,2.361105,-2.423535,1.896680,-12.117676,7.967100,-3.494028,0.000000,0.000000,1.865800,10S
1218321655.828307,0.140542,2.276780,-1.685938,0.948340,-12.117676,7.967100,-3.494028,0.000000,0.000000,1.816700,10S
1218321655.928306,0.084325,2.332997,-2.002051,0.842969,-11.380078,8.658501,-3.526524,0.000000,0.000000,1.865800,10S
1218321656.018307,0.000000,2.220563,-1.580566,0.632227,-11.696191,8.658501,-3.526524,0.000000,0.000000,1.914900,10S
1218321656.118337,-0.084325,2.220563,-1.791309,0.632227,-11.274707,8.658501,-3.526524,0.000000,0.000000,1.914900,10S
1218321656.218312,-0.140542,2.304889,-1.580566,0.842969,-11.590820,8.658501,-3.526524,0.000000,0.000000,1.914900,10S
1218321656.318550,-0.224867,2.332997,-2.002051,0.842969,-12.223047,8.658501,-3.526524,0.000000,0.000000,1.865800,10S
1218321656.418306,-0.281084,2.417322,-2.318164,0.842969,-11.380078,8.658501,-3.526524,0.000000,0.000000,1.914900,10S
1218321656.518307,-0.337301,2.389214,-2.423535,1.159082,-11.696191,8.658501,-3.526524,0.000000,0.000000,1.816700,10S
1218321656.618306,-0.309192,2.361105,-2.528906,1.475195,-11.274707,8.658501,-3.526524,0.000000,0.000000,1.865800,10S
1218321656.718306,-0.309192,2.473539,-2.423535,1.685938,-11.590820,8.658501,-3.526524,0.000000,0.000000,1.816700,10S
1218321656.818307,-0.309192,2.501647,-2.002051,1.475195,-11.169336,8.658501,-3.526524,0.000000,0.000000,1.816700,10S
1218321656.918307,-0.309192,2.585973,-2.107422,1.685938,-11.485449,8.658501,-3.526524,0.000000,0.000000,1.816700,10S
1218321657.008607,-0.281084,2.585973,-1.896680,2.528906,-11.801563,9.423673,-3.595572,0.000000,0.000000,1.914900,10S
1218321657.108306,-0.337301,2.585973,-1.896680,2.423535,-11.696191,9.423673,-3.595572,0.000000,0.000000,1.914900,10S
1218321657.208353,-0.337301,2.614081,-1.791309,3.266504,-11.906934,9.423673,-3.595572,0.000000,0.000000,1.914900,10S
1218321657.308307,-0.252976,2.614081,-1.791309,3.055762,-10.326367,9.423673,-3.595572,0.000000,0.000000,2.013100,10S
1218321657.408307,-0.140542,2.614081,-2.107422,3.477246,-11.485449,9.423673,-3.595572,0.000000,0.000000,1.964000,10S
1218321657.508307,-0.112434,2.698406,-2.107422,3.371875,-11.485449,9.423673,-3.595572,0.000000,0.000000,1.964000,10S
1218321657.608306,0.028108,2.642189,-1.791309,3.687988,-11.485449,9.423673,-3.595572,0.000000,0.000000,1.964000,10S
1218321657.708341,0.084325,2.642189,-1.791309,3.266504,-11.169336,9.423673,-3.595572,0.000000,0.000000,1.964000,10S
1218321657.808311,0.112434,2.557864,-2.423535,3.161133,-11.274707,9.423673,-3.595572,0.000000,0.000000,1.914900,10S
1218321657.908541,0.168650,2.585973,-2.423535,2.845020,-10.853223,10.290932,-3.534321,0.000000,0.000000,1.865800,10S
1218321658.008308,0.168650,2.585973,-2.212793,2.212793,-11.063965,10.290932,-3.534321,0.000000,0.000000,1.865800,10S
1218321658.108306,0.168650,2.557864,-2.318164,2.212793,-11.590820,10.290932,-3.534321,0.000000,0.000000,1.865800,10S
1218321658.208306,0.168650,2.501647,-1.791309,2.528906,-11.380078,10.290932,-3.534321,0.000000,0.000000,1.816700,10S
1218321658.308306,0.168650,2.501647,-1.791309,2.107422,-11.590820,10.290932,-3.534321,0.000000,0.000000,1.865800,10S
1218321658.408313,0.112434,2.473539,-2.002051,1.896680,-11.906934,10.290932,-3.534321,0.000000,0.000000,1.914900,10S
1218321658.508307,0.112434,2.389214,-1.685938,2.002051,-11.485449,10.290932,-3.534321,0.000000,0.000000,1.914900,10S
1218321658.608451,0.140542,2.332997,-2.002051,1.685938,-11.485449,10.290932,-3.534321,0.000000,0.000000,1.964000,10S
1218321658.708339,0.112434,2.332997,-2.002051,1.685938,-11.906934,10.290932,-3.534321,0.000000,0.000000,1.964000,10S
1218321658.808386,0.112434,2.332997,-2.212793,1.159082,-11.801563,10.290932,-3.534321,0.000000,0.000000,1.914900,10S
1218321658.908306,0.056217,2.361105,-2.212793,0.842969,-11.801563,10.290932,-3.534321,0.000000,0.000000,1.914900,10S
1218321659.008310,-0.028108,2.304889,-1.791309,0.948340,-12.117676,10.290932,-3.534321,0.000000,0.000000,1.964000,10S
1218321659.108343,-0.112434,2.332997,-1.685938,0.526855,-10.853223,11.142513,-3.325026,0.000000,0.000000,1.914900,10S
1218321659.208306,-0.196759,2.304889,-1.791309,0.526855,-12.328418,11.142513,-3.325026,0.000000,0.000000,1.964000,10S
1218321659.308312,-0.252976,2.332997,-1.685938,0.948340,-11.801563,11.142513,-3.325026,0.000000,0.000000,1.964000,10S
1218321659.408314,-0.309192,2.389214,-1.685938,1.264453,-11.063965,11.142513,-3.325026,0.000000,0.000000,2.013100,10S
1218321659.508456,-0.281084,2.417322,-1.580566,1.475195,-10.958594,11.142513,-3.325026,0.000000,0.000000,1.964000,10S
1218321659.608339,-0.309192,2.445431,-2.107422,1.580566,-11.801563,11.142513,-3.325026,0.000000,0.000000,1.964000,10S
1218321659.708383,-0.281084,2.445431,-1.791309,1.791309,-11.274707,11.142513,-3.325026,0.000000,0.000000,2.062200,10S
1218321659.808306,-0.337301,2.529756,-1.580566,1.685938,-11.380078,11.142513,-3.325026,0.000000,0.000000,2.013100,10S
1218321659.908307,-0.337301,2.529756,-1.685938,2.107422,-11.906934,11.142513,-3.325026,0.000000,0.000000,2.013100,10S
1218321660.008309,-0.309192,2.585973,-1.264453,2.739648,-11.485449,11.949977,-3.116021,0.000000,0.000000,2.013100,10S
1218321660.108307,-0.252976,2.642189,-1.159082,2.634277,-10.537109,11.949977,-3.116021,0.000000,0.000000,2.062200,10S
1218321660.208341,-0.224867,2.614081,-2.002051,3.371875,-11.906934,11.949977,-3.116021,0.000000,0.000000,2.013100,10S
1218321660.308312,-0.168650,2.614081,-1.053711,3.266504,-11.590820,11.949977,-3.116021,0.000000,0.000000,2.013100,10S
1218321660.408581,0.000000,2.585973,-2.002051,3.266504,-11.380078,11.949977,-3.116021,0.000000,0.000000,2.013100,10S
1218321660.508307,0.028108,2.614081,-1.791309,2.845020,-11.063965,11.949977,-3.116021,0.000000,0.000000,2.013100,10S
1218321660.608350,0.056217,2.614081,-2.107422,2.634277,-11.801563,11.949977,-3.116021,0.000000,0.000000,2.013100,10S
1218321660.708306,0.140542,2.557864,-1.896680,2.739648,-10.958594,11.949977,-3.116021,0.000000,0.000000,1.964000,10S
1218321660.808306,0.140542,2.501647,-2.107422,2.739648,-11.274707,11.949977,-3.116021,0.000000,0.000000,1.964000,10S
1218321660.908307,0.056217,2.473539,-1.791309,2.107422,-11.590820,11.949977,-3.116021,0.000000,0.000000,1.964000,10S
1218321661.008310,0.140542,2.473539,-1.791309,2.002051,-11.063965,11.949977,-3.116021,0.000000,0.000000,1.964000,10S
1218321661.108341,0.140542,2.389214,-1.475195,1.896680,-11.696191,12.771782,-2.851366,0.000000,0.000000,1.964000,10S
1218321661.208311,0.112434,2.417322,-2.107422,1.475195,-11.274707,12.771782,-2.851366,0.000000,0.000000,1.914900,10S
1218321661.308549,0.084325,2.332997,-1.685938,1.264453,-12.012305,12.771782,-2.851366,0.000000,0.000000,2.013100,10S
1218321661.408306,0.112434,2.332997,-1.264453,1.159082,-10.537109,12.771782,-2.851366,0.000000,0.000000,1.964000,10S
1218321661.508306,0.056217,2.248672,-2.002051,1.264453,-11.801563,12.771782,-2.851366,0.000000,0.000000,2.013100,10S
1218321661.608306,0.084325,2.164347,-1.580566,1.053711,-11.380078,12.771782,-2.851366,0.000000,0.000000,2.013100,10S
1218321661.708306,0.028108,2.192455,-1.685938,0.316113,-11.485449,12.771782,-2.851366,0.000000,0.000000,2.013100,10S
1218321661.808307,-0.056217,2.220563,-1.264453,0.105371,-11.801563,12.771782,-2.851366,0.000000,0.000000,2.062200,10S
1218321661.908307,-0.168650,2.136238,-1.580566,0.316113,-12.012305,12.771782,-2.851366,0.000000,0.000000,2.013100,10S
1218321662.008455,-0.252976,2.192455,-1.685938,0.421484,-11.274707,13.533306,-2.364887,0.000000,0.000000,2.062200,10S
1218321662.108339,-0.393518,2.220563,-1.685938,0.105371,-10.958594,13.533306,-2.364887,0.000000,0.000000,2.160400,10S
1218321662.208384,-0.421626,2.332997,-1.791309,0.632227,-12.223047,13.533306,-2.364887,0.000000,0.000000,2.160400,10S
1218321662.308306,-0.421626,2.361105,-1.475195,1.264453,-12.223047,13.533306,-2.364887,0.000000,0.000000,2.111300,10S
1218321662.408306,-0.449734,2.445431,-2.002051,1.264453,-11.590820,13.533306,-2.364887,0.000000,0.000000,2.111300,10S
1218321662.508307,-0.421626,2.473539,-1.369824,2.002051,-10.853223,13.533306,-2.364887,0.000000,0.000000,2.160400,10S
1218321662.608307,-0.421626,2.557864,-1.791309,2.212793,-12.960645,13.533306,-2.364887,0.000000,0.000000,2.160400,10S
1218321662.708312,-0.393518,2.585973,-1.475195,2.212793,-12.012305,13.533306,-2.364887,0.000000,0.000000,2.111300,10S
1218321662.808315,-0.449734,2.642189,-1.369824,2.739648,-11.906934,13.533306,-2.364887,0.000000,0.000000,2.111300,10S
1218321662.908533,-0.309192,2.726515,-1.159082,3.055762,-10.853223,14.191161,-1.767979,0.000000,0.000000,2.160400,10S
1218321663.008308,-0.252976,2.670298,-1.053711,3.055762,-10.958594,14.191161,-1.767979,0.000000,0.000000,2.209500,10S
1218321663.108359,-0.140542,2.698406,-1.475195,3.371875,-10.747852,14.191161,-1.767979,0.000000,0.000000,2.209500,10S
1218321663.208306,0.028108,2.726515,-1.580566,4.004102,-11.801563,14.191161,-1.767979,0.000000,0.000000,2.209500,10S
1218321663.308307,0.112434,2.698406,-1.369824,3.582617,-10.853223,14.191161,-1.767979,0.000000,0.000000,2.258600,10S
1218321663.408306,0.224867,2.642189,-1.580566,3.161133,-11.063965,14.191161,-1.767979,0.000000,0.000000,2.258600,10S
1218321663.508306,0.281084,2.585973,-1.896680,2.950391,-12.223047,14.191161,-1.767979,0.000000,0.000000,2.209500,10S
1218321663.608341,0.224867,2.445431,-1.791309,2.212793,-11.906934,14.191161,-1.767979,0.000000,0.000000,2.160400,10S
1218321663.708312,0.224867,2.417322,-1.369824,2.002051,-11.063965,14.191161,-1.767979,0.000000,0.000000,2.111300,10S
1218321663.808595,0.196759,2.389214,-2.002051,1.791309,-11.696191,14.191161,-1.767979,0.000000,0.000000,2.062200,10S
1218321663.908307,0.196759,2.445431,-1.580566,1.685938,-11.274707,14.191161,-1.767979,0.000000,0.000000,2.013100,10S
1218321664.008351,0.196759,2.304889,-1.159082,1.475195,-11.801563,14.191161,-1.767979,0.000000,0.000000,2.062200,10S
1218321664.108343,0.196759,2.304889,-1.475195,1.053711,-11.063965,14.967632,-1.318438,0.000000,0.000000,2.062200,10S
1218321664.208307,0.140542,2.276780,-1.369824,0.737598,-12.539160,14.967632,-1.318438,0.000000,0.000000,2.062200,10S
1218321664.308307,0.000000,2.136238,-1.369824,-0.105371,-12.328418,14.967632,-1.318438,0.000000,0.000000,2.111300,10S
1218321664.408307,-0.028108,2.108130,-1.053711,0.316113,-11.590820,14.967632,-1.318438,0.000000,0.000000,2.209500,10S
1218321664.508337,-0.168650,2.136238,-1.053711,0.210742,-11.063965,14.967632,-1.318438,0.000000,0.000000,2.258600,10S
1218321664.608312,-0.281084,2.192455,-1.475195,0.526855,-11.696191,14.967632,-1.318438,0.000000,0.000000,2.258600,10S
1218321664.708558,-0.337301,2.248672,-1.264453,0.316113,-11.801563,14.967632,-1.318438,0.000000,0.000000,2.258600,10S
1218321664.808306,-0.393518,2.332997,-1.791309,0.632227,-12.749902,14.967632,-1.318438,0.000000,0.000000,2.209500,10S
1218321664.908306,-0.477843,2.332997,-1.475195,0.737598,-10.853223,14.967632,-1.318438,0.000000,0.000000,2.258600,10S
1218321665.008308,-0.477843,2.445431,-1.896680,1.264453,-11.380078,15.654898,-0.721337,0.000000,0.000000,2.160400,10S