
1218580353.304140,0.000000,0.000000,-0.000351,0.000000,0.000077,-0.628319,0.000000,0.000000,-2.147325,2.770644,8.331383,1.131714,1.297310,0.000639
1218580353.403917,0.000001,0.000000,-0.001020,-0.000067,0.000203,-0.628319,0.000000,0.000000,-2.147325,2.770644,8.331384,1.131710,1.297310,0.000639
1218580353.505842,-0.000001,0.000000,0.000152,-0.000068,-0.000121,-0.628319,0.000000,-0.000000,-2.147325,2.770645,8.331384,1.131717,1.297310,0.000639
1218580353.603923,0.000001,0.000000,0.000059,-0.000052,0.000109,-0.628319,0.000000,-0.000000,-2.147325,2.770644,8.331384,1.131716,1.297310,0.000639
1218580353.703963,-0.000002,-0.000000,0.000003,-0.000028,-0.000294,-0.628319,-0.000000,0.000000,-2.147325,2.770643,8.331384,1.131714,1.297310,0.000639
1218580353.803917,-0.000005,-0.000001,-0.001406,-0.000309,-0.000663,-0.628319,-0.000000,0.000000,-2.147326,2.770642,8.331384,1.131704,1.297310,0.000639
1218580353.903917,-0.000015,-0.000005,-0.002860,-0.001021,-0.001690,-0.628319,-0.000001,0.000000,-2.147326,2.770644,8.331384,1.131703,1.297310,0.000639
1218580354.003919,-0.000018,-0.000007,-0.005991,-0.002494,-0.001866,-0.628319,-0.000001,0.000001,-2.147326,2.770646,8.331384,1.131692,1.297310,0.000639
1218580354.103917,-0.000029,-0.000013,-0.009002,-0.004354,-0.002758,-0.628319,-0.000002,0.000002,-2.147327,2.770646,8.331384,1.131679,1.297309,0.000639
1218580354.203917,-0.000032,-0.000017,-0.009526,-0.005103,-0.002773,-0.628319,-0.000004,0.000003,-2.147327,2.770642,8.331384,1.131657,1.297309,0.000639
1218580354.303917,-0.000027,-0.000018,-0.008099,-0.005101,-0.002035,-0.628319,-0.000005,0.000003,-2.147327,2.770639,8.331384,1.131645,1.297309,0.000639
1218580354.404125,-0.000022,-0.000018,-0.009976,-0.006054,-0.001414,-0.628319,-0.000005,0.000004,-2.147326,2.770634,8.331384,1.131605,1.297309,0.000639
1218580354.503943,-0.000026,-0.000023,-0.007092,-0.006269,-0.001656,-0.628319,-0.000008,0.000005,-2.147327,2.770636,8.331384,1.131626,1.297309,0.000639
1218580354.604105,-0.000031,-0.000028,-0.007945,-0.008558,-0.001860,-0.628319,-0.000010,0.000007,-2.147327,2.770639,8.331385,1.131643,1.297310,0.000639
1218580354.703951,-0.000025,-0.000027,-0.005385,-0.007492,-0.001263,-0.628319,-0.000011,0.000008,-2.147327,2.770636,8.331385,1.131623,1.297309,0.000639
1218580354.803951,-0.000019,-0.000026,0.000800,-0.003853,-0.000764,-0.628319,-0.000012,0.000009,-2.147326,2.770633,8.331385,1.131610,1.297309,0.000639
1218580354.903917,-0.000013,-0.000023,0.007336,-0.000922,-0.000346,-0.628319,-0.000012,0.000009,-2.147326,2.770636,8.331386,1.131653,1.297310,0.000639
1218580355.004097,-0.000008,-0.000020,0.011959,0.002885,0.000003,-0.628318,-0.000012,0.000009,-2.147326,2.770635,8.331386,1.131654,1.297310,0.000639
1218580355.103957,-0.000016,-0.000027,0.006172,0.000946,-0.000477,-0.628319,-0.000017,0.000012,-2.147326,2.770634,8.331386,1.131633,1.297310,0.000639
1218580355.203958,-0.000023,-0.000035,0.004581,0.001246,-0.000878,-0.628319,-0.000022,0.000016,-2.147327,2.770633,8.331385,1.131608,1.297309,0.000639
1218580355.303917,-0.000030,-0.000043,0.000708,-0.000575,-0.001213,-0.628319,-0.000027,0.000020,-2.147327,2.770632,8.331385,1.131598,1.297309,0.000639
1218580355.403917,-0.000023,-0.000039,0.002832,0.000586,-0.000720,-0.628319,-0.000027,0.000020,-2.147327,2.770633,8.331385,1.131610,1.297309,0.000639
1218580355.504126,-0.000016,-0.000034,0.002581,-0.000153,-0.000309,-0.628319,-0.000026,0.000019,-2.147326,2.770635,8.331386,1.131644,1.297309,0.000639
1218580355.604159,0.000006,-0.000013,-0.000975,-0.001927,0.000806,-0.628319,-0.000016,0.000012,-2.147325,2.770634,8.331385,1.131629,1.297309,0.000639
1218580355.704134,0.000011,-0.000008,0.003264,-0.000121,0.000966,-0.628319,-0.000014,0.000010,-2.147325,2.770636,8.331385,1.131664,1.297309,0.000639
1218580355.803917,0.000016,-0.000002,0.001838,0.000076,0.001099,-0.628319,-0.000012,0.000009,-2.147325,2.770634,8.331385,1.131627,1.297309,0.000639
1218580355.903917,-0.000012,-0.000030,-0.000067,-0.001246,-0.000334,-0.628319,-0.000031,0.000023,-2.147326,2.770634,8.331385,1.131638,1.297308,0.000639
1218580356.003919,-0.000021,-0.000041,-0.001294,-0.001186,-0.000759,-0.628319,-0.000040,0.000029,-2.147327,2.770632,8.331384,1.131593,1.297308,0.000639
1218580356.103917,-0.000045,-0.000070,-0.001537,-0.003365,-0.001885,-0.628319,-0.000061,0.000044,-2.147328,2.770636,8.331384,1.131682,1.297309,0.000639
1218580356.203917,-0.000051,-0.000081,-0.004317,-0.004983,-0.002054,-0.628319,-0.000070,0.000051,-2.147329,2.770635,8.331385,1.131653,1.297309,0.000639
1218580356.303917,-0.000057,-0.000091,-0.005310,-0.007357,-0.002195,-0.628319,-0.000080,0.000058,-2.147329,2.770637,8.331385,1.131704,1.297309,0.000639
1218580356.403918,-0.000079,-0.000123,-0.008808,-0.009209,-0.003085,-0.628319,-0.000105,0.000076,-2.147331,2.770634,8.331385,1.131625,1.297308,0.000639
1218580356.503918,-0.000083,-0.000135,-0.006199,-0.008019,-0.003056,-0.628320,-0.000117,0.000085,-2.147331,2.770632,8.331385,1.131571,1.297308,0.000639
1218580356.603948,-0.000105,-0.000168,-0.009524,-0.009838,-0.003804,-0.628320,-0.000146,0.000106,-2.147333,2.770629,8.331385,1.131484,1.297307,0.000639
1218580356.704136,-0.000108,-0.000180,-0.012795,-0.013008,-0.003657,-0.628321,-0.000160,0.000116,-2.147333,2.770628,8.331387,1.131452,1.297306,0.000639
1218580356.803962,-0.000110,-0.000191,-0.010954,-0.012100,-0.003534,-0.628321,-0.000173,0.000126,-2.147333,2.770625,8.331387,1.131339,1.297305,0.000639
1218580356.903917,-0.000111,-0.000199,-0.005757,-0.010020,-0.003431,-0.628321,-0.000183,0.000133,-2.147334,2.770624,8.331387,1.131304,1.297305,0.000639
1218580357.004335,-0.000093,-0.000179,-0.002744,-0.008359,-0.002573,-0.628321,-0.000171,0.000124,-2.147333,2.770622,8.331386,1.131244,1.297306,0.000639
1218580357.103917,-0.000097,-0.000190,0.000262,-0.005346,-0.002628,-0.628320,-0.000185,0.000134,-2.147333,2.770618,8.331386,1.131119,1.297305,0.000639
1218580357.203917,-0.000081,-0.000175,-0.002169,-0.007753,-0.001902,-0.628321,-0.000176,0.000128,-2.147333,2.770619,8.331386,1.131154,1.297305,0.000639
1218580357.303917,-0.000085,-0.000184,-0.001459,-0.006707,-0.002068,-0.628320,-0.000188,0.000137,-2.147333,2.770617,8.331386,1.131063,1.297304,0.000639
1218580357.403917,-0.000107,-0.000216,0.004284,-0.004060,-0.002979,-0.628321,-0.000219,0.000159,-2.147335,2.770618,8.331384,1.131100,1.297304,0.000639
1218580357.503939,-0.000107,-0.000220,0.002373,-0.003597,-0.002967,-0.628320,-0.000227,0.000165,-2.147336,2.770615,8.331384,1.130986,1.297304,0.000639
1218580357.595131,-0.000091,-0.000204,0.003788,-0.002268,-0.002186,-0.628320,-0.000217,0.000158,-2.147335,2.770614,8.331384,1.130956,1.297303,0.000639
1218580357.693966,-0.000077,-0.000189,0.003087,-0.001608,-0.001533,-0.628319,-0.000210,0.000152,-2.147334,2.770612,8.331384,1.130887,1.297302,0.000639
1218580357.794128,-0.000081,-0.000195,0.006072,0.001352,-0.001760,-0.628319,-0.000219,0.000159,-2.147335,2.770610,8.331384,1.130822,1.297301,0.000639
1218580357.893917,-0.000084,-0.000201,0.002225,-0.000332,-0.001949,-0.628319,-0.000228,0.000165,-2.147335,2.770610,8.331384,1.130813,1.297299,0.000639
1218580357.993917,-0.000069,-0.000183,-0.001270,-0.002102,-0.001335,-0.628319,-0.000216,0.000157,-2.147335,2.770610,8.331387,1.130789,1.297299,0.000639
1218580358.083926,-0.000056,-0.000166,-0.004371,-0.003905,-0.000823,-0.628319,-0.000206,0.000150,-2.147334,2.770609,8.331384,1.130750,1.297299,0.000639
1218580358.183923,-0.000045,-0.000152,-0.004905,-0.003775,-0.000394,-0.628318,-0.000199,0.000145,-2.147333,2.770607,8.331384,1.130650,1.297297,0.000639
1218580358.283918,-0.000035,-0.000140,-0.007639,-0.005642,-0.000037,-0.628318,-0.000195,0.000142,-2.147332,2.770606,8.331382,1.130595,1.297295,0.000639
1218580358.383948,-0.000008,-0.000105,-0.005625,-0.003605,0.001034,-0.628317,-0.000173,0.000126,-2.147330,2.770602,8.331382,1.130428,1.297295,0.000639
1218580358.483928,-0.000000,-0.000092,-0.004513,-0.003080,0.001156,-0.628317,-0.000168,0.000122,-2.147330,2.770601,8.331382,1.130374,1.297295,0.000639
1218580358.583972,0.000006,-0.000083,-0.005281,-0.003107,0.001258,-0.628316,-0.000166,0.000121,-2.147329,2.770599,8.331382,1.130270,1.297293,0.000639
1218580358.683918,0.000012,-0.000072,-0.009980,-0.005695,0.001343,-0.628316,-0.000163,0.000118,-2.147329,2.770597,8.331385,1.130160,1.297292,0.000639
1218580358.783917,0.000018,-0.000061,-0.011934,-0.006367,0.001414,-0.628316,-0.000160,0.000116,-2.147328,2.770593,8.331388,1.129973,1.297291,0.000639
1218580358.884131,0.000041,-0.000028,-0.006301,-0.003483,0.002246,-0.628315,-0.000142,0.000103,-2.147326,2.770591,8.331391,1.129890,1.297291,0.000639
1218580358.983917,0.000026,-0.000043,-0.008757,-0.004176,0.001396,-0.628315,-0.000157,0.000114,-2.147327,2.770588,8.331391,1.129718,1.297290,0.000639
1218580359.083926,0.000013,-0.000057,-0.011473,-0.006343,0.000686,-0.628315,-0.000171,0.000124,-2.147329,2.770586,8.331391,1.129645,1.297288,0.000639
1218580359.183917,0.000002,-0.000070,-0.009341,-0.004546,0.000093,-0.628315,-0.000184,0.000133,-2.147330,2.770582,8.331391,1.129443,1.297286,0.000639
1218580359.283917,0.000010,-0.000057,-0.008036,-0.004208,0.000370,-0.628315,-0.000178,0.000130,-2.147329,2.770581,8.331391,1.129368,1.297286,0.000639
1218580359.383918,-0.000001,-0.000069,-0.008541,-0.004366,-0.000170,-0.628315,-0.000188,0.000137,-2.147331,2.770578,8.331392,1.129237,1.297285,0.000639
1218580359.484108,-0.000010,-0.000077,-0.009011,-0.004543,-0.000622,-0.628315,-0.000194,0.000141,-2.147332,2.770576,8.331392,1.129103,1.297285,0.000639
1218580359.583959,-0.000002,-0.000068,-0.011585,-0.006656,-0.000227,-0.628314,-0.000193,0.000141,-2.147331,2.770575,8.331395,1.129024,1.297283,0.000639
1218580359.683969,0.000005,-0.000059,-0.011086,-0.005365,0.000103,-0.628314,-0.000193,0.000141,-2.147330,2.770570,8.331399,1.128742,1.297281,0.000639
1218580359.783917,0.000029,-0.000028,-0.005644,-0.002550,0.001150,-0.628314,-0.000182,0.000132,-2.147327,2.770568,8.331399,1.128657,1.297280,0.000639
1218580359.883920,0.000034,-0.000019,-0.006128,-0.001394,0.001253,-0.628313,-0.000182,0.000132,-2.147327,2.770564,8.331402,1.128408,1.297279,0.000639
1218580359.984126,0.000039,-0.000009,-0.007352,-0.001851,0.001339,-0.628313,-0.000179,0.000130,-2.147326,2.770562,8.331406,1.128289,1.297279,0.000639
1218580360.084163,0.000044,0.000001,-0.008864,-0.003702,0.001410,-0.628313,-0.000177,0.000128,-2.147326,2.770562,8.331410,1.128293,1.297279,0.000639
1218580360.183917,0.000049,0.000011,-0.005575,-0.001522,0.001470,-0.628313,-0.000174,0.000127,-2.147325,2.770560,8.331410,1.128153,1.297279,0.000639
1218580360.283917,0.000034,-0.000004,-0.009252,-0.005173,0.000748,-0.628313,-0.000185,0.000135,-2.147327,2.770561,8.331410,1.128229,1.297277,0.000639
1218580360.383925,0.000021,-0.000016,-0.007287,-0.003328,0.000145,-0.628313,-0.000190,0.000138,-2.147328,2.770557,8.331406,1.128007,1.297276,0.000639
1218580360.483925,0.000027,-0.000009,-0.011855,-0.006029,0.000413,-0.628313,-0.000193,0.000140,-2.147327,2.770555,8.331407,1.127865,1.297274,0.000639
1218580360.584155,0.000016,-0.000019,-0.010484,-0.007001,-0.000135,-0.628313,-0.000196,0.000142,-2.147329,2.770556,8.331411,1.127901,1.297275,0.000639
1218580360.688364,0.000024,-0.000005,-0.002694,-0.003240,0.000180,-0.628313,-0.000189,0.000138,-2.147328,2.770555,8.331411,1.127869,1.297276,0.000639
1218580360.783918,0.000028,-0.000001,-0.004933,-0.003560,0.000442,-0.628313,-0.000195,0.000141,-2.147327,2.770552,8.331411,1.127668,1.297274,0.000639
1218580360.883917,0.000052,0.000031,-0.001091,0.000371,0.001434,-0.628313,-0.000186,0.000135,-2.147324,2.770548,8.331411,1.127387,1.297273,0.000639
1218580360.983917,0.000056,0.000038,0.003102,0.003185,0.001490,-0.628313,-0.000186,0.000135,-2.147323,2.770547,8.331411,1.127360,1.297272,0.000639
1218580361.083926,0.000059,0.000047,0.004847,0.005347,0.001536,-0.628313,-0.000185,0.000134,-2.147323,2.770546,8.331411,1.127289,1.297272,0.000639
1218580361.184128,0.000044,0.000033,0.007770,0.007858,0.000803,-0.628313,-0.000189,0.000137,-2.147325,2.770546,8.331407,1.127313,1.297272,0.000639
1218580361.283918,0.000051,0.000046,0.006517,0.009077,0.000963,-0.628314,-0.000181,0.000131,-2.147324,2.770545,8.331412,1.127211,1.297269,0.000639
1218580361.383918,0.000056,0.000058,0.002303,0.006659,0.001096,-0.628314,-0.000175,0.000127,-2.147323,2.770547,8.331412,1.127338,1.297268,0.000639
1218580361.483947,0.000061,0.000070,-0.000577,0.006974,0.001208,-0.628314,-0.000169,0.000122,-2.147322,2.770544,8.331407,1.127130,1.297267,0.000639
1218580361.583931,0.000047,0.000058,-0.002290,0.006145,0.000529,-0.628314,-0.000168,0.000122,-2.147324,2.770544,8.331408,1.127145,1.297265,0.000639
1218580361.683966,0.000054,0.000072,-0.005195,0.006090,0.000734,-0.628314,-0.000160,0.000116,-2.147323,2.770541,8.331412,1.126915,1.297263,0.000639
1218580361.783917,0.000060,0.000086,-0.012495,0.001901,0.000905,-0.628314,-0.000150,0.000109,-2.147322,2.770540,8.331412,1.126827,1.297259,0.000639
1218580361.883917,0.000082,0.000115,-0.012746,0.002154,0.001820,-0.628314,-0.000145,0.000106,-2.147319,2.770537,8.331417,1.126607,1.297259,0.000639
1218580361.983917,0.000083,0.000120,-0.013070,0.002340,0.001812,-0.628315,-0.000144,0.000105,-2.147318,2.770534,8.331417,1.126387,1.297256,0.000639
1218580362.073918,0.000066,0.000103,-0.014234,-0.000263,0.001033,-0.628314,-0.000146,0.000106,-2.147320,2.770536,8.331422,1.126487,1.297255,0.000639
1218580362.173919,0.000032,0.000065,-0.013870,0.000218,-0.000389,-0.628314,-0.000151,0.000109,-2.147325,2.770532,8.331417,1.126241,1.297253,0.000639
1218580362.274134,0.000038,0.000073,-0.012253,-0.000148,-0.000033,-0.628314,-0.000149,0.000108,-2.147324,2.770532,8.331418,1.126245,1.297253,0.000639
1218580362.373978,0.000024,0.000057,-0.013977,-0.001408,-0.000507,-0.628314,-0.000151,0.000110,-2.147326,2.770530,8.331418,1.126084,1.297252,0.000639
1218580362.474164,0.000031,0.000065,-0.017531,-0.004537,-0.000131,-0.628314,-0.000149,0.000108,-2.147325,2.770529,8.331418,1.125990,1.297253,0.000639
1218580362.574165,0.000018,0.000050,-0.016352,-0.004961,-0.000590,-0.628314,-0.000150,0.000109,-2.147326,2.770528,8.331418,1.125861,1.297253,0.000639
1218580362.673917,0.000004,0.000031,-0.016744,-0.005748,-0.000972,-0.628314,-0.000156,0.000113,-2.147328,2.770525,8.331418,1.125646,1.297250,0.000639
1218580362.773917,0.000011,0.000037,-0.016897,-0.006425,-0.000520,-0.628314,-0.000157,0.000114,-2.147327,2.770522,8.331423,1.125423,1.297248,0.000639
1218580362.873917,0.000036,0.000067,-0.014679,-0.005061,0.000630,-0.628315,-0.000155,0.000112,-2.147322,2.770519,8.331429,1.125108,1.297248,0.000639
1218580362.973917,0.000040,0.000073,-0.013557,-0.006446,0.000819,-0.628315,-0.000154,0.000112,-2.147321,2.770519,8.331429,1.125158,1.297248,0.000639
1218580363.063948,0.000042,0.000076,-0.011173,-0.004731,0.000976,-0.628315,-0.000156,0.000113,-2.147320,2.770515,8.331429,1.124851,1.297246,0.000639
1218580363.164135,0.000044,0.000075,-0.015266,-0.007501,0.001107,-0.628315,-0.000162,0.000118,-2.147320,2.770513,8.331434,1.124652,1.297243,0.000639
1218580363.263948,0.000027,0.000054,-0.014752,-0.007684,0.000445,-0.628315,-0.000167,0.000121,-2.147322,2.770511,8.331435,1.124416,1.297240,0.000639
1218580363.364196,-0.000008,0.000008,-0.015905,-0.008338,-0.000880,-0.628315,-0.000176,0.000128,-2.147327,2.770507,8.331435,1.124089,1.297237,0.000639
1218580363.463973,-0.000021,-0.000012,-0.013762,-0.009227,-0.001214,-0.628315,-0.000184,0.000133,-2.147329,2.770507,8.331435,1.124113,1.297234,0.000639
1218580363.563917,0.000005,0.000016,-0.010860,-0.008366,0.000050,-0.628316,-0.000185,0.000135,-2.147324,2.770505,8.331441,1.123957,1.297232,0.000639
1218580363.663917,0.000010,0.000019,-0.011607,-0.008488,0.000334,-0.628316,-0.000189,0.000137,-2.147323,2.770502,8.331435,1.123635,1.297230,0.000639
1218580363.760304,-0.000004,0.000001,-0.009208,-0.008902,-0.000200,-0.628316,-0.000193,0.000140,-2.147325,2.770502,8.331430,1.123678,1.297229,0.000639
1218580363.853917,0.000003,0.000009,-0.002271,-0.005136,0.000125,-0.628316,-0.000192,0.000139,-2.147324,2.770501,8.331436,1.123543,1.297229,0.000639
1218580363.953918,0.000011,0.000020,-0.000503,-0.005212,0.000397,-0.628316,-0.000187,0.000136,-2.147322,2.770502,8.331436,1.123654,1.297230,0.000639
1218580364.043925,-0.000003,0.000001,-0.001762,-0.004849,-0.000148,-0.628316,-0.000191,0.000139,-2.147325,2.770499,8.331436,1.123394,1.297226,0.000639
1218580364.144170,0.000003,0.000007,-0.001410,-0.004115,0.000169,-0.628316,-0.000192,0.000139,-2.147323,2.770497,8.331436,1.123226,1.297225,0.000639
1218580364.243964,-0.000010,-0.000011,-0.005174,-0.005968,-0.000339,-0.628316,-0.000195,0.000142,-2.147325,2.770496,8.331431,1.123064,1.297221,0.000639
1218580364.343951,-0.000002,-0.000002,-0.000688,-0.002878,0.000009,-0.628316,-0.000194,0.000141,-2.147324,2.770494,8.331431,1.122873,1.297221,0.000639
1218580364.443917,-0.000014,-0.000016,0.002650,-0.001264,-0.000472,-0.628316,-0.000193,0.000141,-2.147326,2.770494,8.331431,1.122919,1.297221,0.000639
1218580364.544126,-0.000025,-0.000030,-0.001801,-0.003220,-0.000874,-0.628316,-0.000194,0.000141,-2.147328,2.770493,8.331431,1.122798,1.297219,0.000639
1218580364.643917,-0.000034,-0.000043,0.001600,-0.001656,-0.001209,-0.628316,-0.000193,0.000140,-2.147330,2.770493,8.331437,1.122838,1.297219,0.000639
1218580364.743917,-0.000043,-0.000057,0.001546,0.000217,-0.001489,-0.628316,-0.000195,0.000142,-2.147332,2.770490,8.331438,1.122511,1.297215,0.000639
1218580364.843918,-0.000033,-0.000046,-0.001624,-0.001555,-0.000952,-0.628316,-0.000194,0.000141,-2.147330,2.770490,8.331438,1.122497,1.297213,0.000639
1218580364.943918,-0.000023,-0.000035,-0.000066,0.000538,-0.000502,-0.628316,-0.000193,0.000140,-2.147328,2.770487,8.331438,1.122254,1.297213,0.000639
1218580365.034108,-0.000014,-0.000026,-0.002985,-0.000081,-0.000127,-0.628316,-0.000191,0.000139,-2.147327,2.770485,8.331444,1.122036,1.297213,0.000639
1218580365.133951,-0.000006,-0.000016,-0.002311,0.000241,0.000186,-0.628316,-0.000189,0.000138,-2.147326,2.770485,8.331451,1.122001,1.297211,0.000639
1218580365.233951,0.000001,-0.000007,-0.001706,0.000573,0.000448,-0.628316,-0.000188,0.000136,-2.147324,2.770485,8.331451,1.121971,1.297211,0.000639
1218580365.333917,-0.000011,-0.000021,-0.002931,0.000347,-0.000105,-0.628316,-0.000187,0.000136,-2.147327,2.770483,8.331458,1.121845,1.297210,0.000639
1218580365.433917,-0.000004,-0.000012,-0.004533,-0.001333,0.000204,-0.628316,-0.000186,0.000135,-2.147325,2.770484,8.331458,1.121916,1.297212,0.000639
1218580365.533917,0.000003,-0.000003,-0.007445,-0.003427,0.000463,-0.628316,-0.000184,0.000134,-2.147324,2.770484,8.331458,1.121861,1.297210,0.000639
1218580365.634127,-0.000009,-0.000018,-0.009429,-0.004059,-0.000093,-0.628316,-0.000184,0.000134,-2.147326,2.770481,8.331458,1.121567,1.297208,0.000639
1218580365.733919,-0.000001,-0.000007,-0.009527,-0.004212,0.000215,-0.628316,-0.000181,0.000132,-2.147325,2.770479,8.331459,1.121361,1.297209,0.000639
1218580365.833923,-0.000013,-0.000021,-0.007814,-0.003783,-0.000300,-0.628316,-0.000181,0.000131,-2.147327,2.770478,8.331459,1.121258,1.297209,0.000639
1218580365.933948,-0.000005,-0.000014,-0.005749,-0.001884,0.000042,-0.628316,-0.000181,0.000132,-2.147326,2.770475,8.331459,1.120958,1.297207,0.000639
1218580366.023951,0.000002,-0.000005,-0.008483,-0.003981,0.000327,-0.628316,-0.000180,0.000131,-2.147324,2.770475,8.331459,1.120894,1.297207,0.000639
1218580366.123951,0.000009,0.000004,-0.003258,-0.002362,0.000566,-0.628316,-0.000178,0.000129,-2.147323,2.770476,8.331459,1.121011,1.297208,0.000639
1218580366.223917,0.000013,0.000008,-0.007497,-0.004678,0.000765,-0.628316,-0.000180,0.000131,-2.147322,2.770474,8.331467,1.120848,1.297204,0.000639
1218580366.323918,0.000019,0.000016,-0.005522,-0.003946,0.000931,-0.628316,-0.000178,0.000130,-2.147320,2.770473,8.331467,1.120750,1.297204,0.000639
1218580366.423917,0.000005,0.000001,-0.003277,-0.001772,0.000298,-0.628316,-0.000178,0.000130,-2.147323,2.770471,8.331467,1.120453,1.297204,0.000639
1218580366.523917,-0.000007,-0.000015,-0.001995,-0.001137,-0.000231,-0.628316,-0.000180,0.000131,-2.147326,2.770470,8.331474,1.120404,1.297202,0.000639
1218580366.623917,-0.000000,-0.000007,-0.004766,-0.002979,0.000100,-0.628316,-0.000180,0.000131,-2.147324,2.770470,8.331475,1.120366,1.297198,0.000639
1218580366.724138,0.000007,0.000002,-0.004924,-0.002830,0.000376,-0.628316,-0.000178,0.000129,-2.147323,2.770469,8.331475,1.120188,1.297197,0.000639
1218580366.817727,-0.000024,-0.000036,-0.005122,-0.002721,-0.000938,-0.628316,-0.000180,0.000131,-2.147329,2.770467,8.331475,1.120012,1.297195,0.000639
1218580366.913957,-0.000016,-0.000028,-0.009266,-0.005139,-0.000491,-0.628316,-0.000181,0.000132,-2.147328,2.770466,8.331482,1.119834,1.297191,0.000639
1218580367.004115,-0.000007,-0.000018,-0.008913,-0.005040,-0.000118,-0.628316,-0.000180,0.000130,-2.147326,2.770464,8.331490,1.119613,1.297191,0.000639
1218580367.103917,0.000001,-0.000007,-0.007216,-0.005736,0.000194,-0.628316,-0.000176,0.000128,-2.147324,2.770465,8.331498,1.119727,1.297192,0.000639
1218580367.203917,-0.000012,-0.000023,-0.012661,-0.009741,-0.000317,-0.628316,-0.000178,0.000129,-2.147327,2.770464,8.331498,1.119619,1.297190,0.000639
1218580367.303917,-0.000021,-0.000033,-0.003597,-0.005529,-0.000745,-0.628316,-0.000176,0.000128,-2.147329,2.770463,8.331505,1.119559,1.297192,0.000639
1218580367.403917,-0.000032,-0.000050,-0.006782,-0.007266,-0.001102,-0.628316,-0.000180,0.000131,-2.147332,2.770462,8.331498,1.119359,1.297189,0.000639
1218580367.503918,-0.000040,-0.000059,-0.006046,-0.007889,-0.001400,-0.628316,-0.000178,0.000129,-2.147334,2.770462,8.331498,1.119352,1.297191,0.000639
1218580367.603918,-0.000047,-0.000067,-0.001581,-0.007207,-0.001648,-0.628316,-0.000175,0.000127,-2.147336,2.770463,8.331499,1.119569,1.297193,0.000639
1218580367.703947,-0.000035,-0.000056,-0.000249,-0.005939,-0.001084,-0.628316,-0.000173,0.000126,-2.147334,2.770462,8.331491,1.119361,1.297193,0.000639
1218580367.803923,-0.000061,-0.000087,0.001696,-0.006960,-0.002157,-0.628316,-0.000172,0.000125,-2.147341,2.770465,8.331484,1.119742,1.297194,0.000639
1218580367.904189,-0.000048,-0.000072,0.002261,-0.008161,-0.001509,-0.628316,-0.000168,0.000122,-2.147338,2.770467,8.331492,1.120009,1.297196,0.000639
1218580368.003919,-0.000036,-0.000058,0.007528,-0.005220,-0.000968,-0.628316,-0.000164,0.000119,-2.147336,2.770467,8.331492,1.120037,1.297198,0.000639
1218580368.103917,-0.000026,-0.000047,0.010355,-0.002842,-0.000516,-0.628316,-0.000163,0.000118,-2.147334,2.770467,8.331500,1.120006,1.297198,0.000639
1218580368.203917,-0.000018,-0.000039,0.010407,-0.002548,-0.000138,-0.628316,-0.000163,0.000118,-2.147332,2.770468,8.331500,1.120130,1.297195,0.000639
1218580368.303917,-0.000028,-0.000051,0.014278,0.000186,-0.000595,-0.628315,-0.000162,0.000118,-2.147335,2.770469,8.331509,1.120258,1.297197,0.000639
1218580368.403923,-0.000037,-0.000063,0.013135,-0.001061,-0.000976,-0.628316,-0.000163,0.000118,-2.147338,2.770472,8.331509,1.120666,1.297195,0.000639
1218580368.503923,-0.000027,-0.000051,0.014876,0.001109,-0.000523,-0.628316,-0.000161,0.000117,-2.147335,2.770472,8.331509,1.120705,1.297194,0.000639
1218580368.603977,-0.000036,-0.000063,0.013856,0.001122,-0.000916,-0.628316,-0.000161,0.000117,-2.147338,2.770473,8.331501,1.120892,1.297194,0.000639
1218580368.703917,-0.000044,-0.000074,0.017103,0.004894,-0.001245,-0.628315,-0.000161,0.000117,-2.147341,2.770473,8.331493,1.120840,1.297194,0.000639
1218580368.804106,-0.000052,-0.000086,0.022419,0.008037,-0.001519,-0.628315,-0.000163,0.000118,-2.147343,2.770476,8.331485,1.121315,1.297198,0.000639
1218580368.903918,-0.000022,-0.000051,0.027782,0.013889,-0.000204,-0.628315,-0.000158,0.000115,-2.147336,2.770477,8.331502,1.121379,1.297197,0.000639
1218580369.004332,0.000223,0.000273,0.028671,0.030772,0.009385,-0.628314,-0.000082,0.000060,-2.147276,2.770457,8.331603,1.118686,1.297170,0.000639
1218580369.103923,0.000459,0.000615,0.026311,0.045247,0.017392,-0.628318,0.000028,-0.000021,-2.147220,2.770439,8.331704,1.116297,1.297141,0.000639
1218580369.203923,0.000700,0.001011,0.019953,0.058247,0.024077,-0.628330,0.000209,-0.000152,-2.147167,2.770421,8.331805,1.113813,1.297113,0.000639
1218580369.304129,0.000957,0.001487,0.005562,0.065769,0.029658,-0.628357,0.000488,-0.000354,-2.147116,2.770405,8.331916,1.111435,1.297081,0.000639
1218580369.404130,0.001235,0.002027,-0.013351,0.069937,0.035089,-0.628402,0.000827,-0.000601,-2.147062,2.770387,8.332027,1.108942,1.297049,0.000639
1218580369.503986,0.001456,0.002475,-0.026769,0.075069,0.038852,-0.628463,0.001113,-0.000809,-2.147016,2.770371,8.332131,1.106637,1.297024,0.000639
1218580369.603959,0.001662,0.002940,-0.044759,0.074628,0.041221,-0.628539,0.001452,-0.001055,-2.146975,2.770359,8.332243,1.104678,1.296993,0.000639
1218580369.703948,0.001866,0.003366,-0.059333,0.074968,0.044743,-0.628630,0.001724,-0.001253,-2.146925,2.770345,8.332357,1.102621,1.296970,0.000639
1218580369.803918,0.002050,0.003793,-0.080152,0.070765,0.046911,-0.628729,0.002036,-0.001480,-2.146882,2.770330,8.332462,1.100368,1.296942,0.000639
1218580369.903917,0.002226,0.004221,-0.099574,0.068031,0.048720,-0.628848,0.002362,-0.001717,-2.146839,2.770312,8.332577,1.097473,1.296911,0.000639
1218580370.003920,0.002390,0.004606,-0.120949,0.061949,0.051002,-0.628969,0.002638,-0.001917,-2.146792,2.770293,8.332692,1.094569,1.296882,0.000639
1218580370.104136,0.002531,0.004977,-0.141152,0.054881,0.052135,-0.629097,0.002933,-0.002132,-2.146750,2.770274,8.332817,1.091486,1.296849,0.000639
1218580370.203917,0.002640,0.005275,-0.158079,0.047679,0.053081,-0.629225,0.003168,-0.002303,-2.146709,2.770255,8.332934,1.088344,1.296817,0.000639
1218580370.303948,0.002720,0.005507,-0.171546,0.040701,0.053872,-0.629353,0.003345,-0.002433,-2.146667,2.770235,8.333051,1.085158,1.296788,0.000639
1218580370.404129,0.002775,0.005681,-0.179726,0.034813,0.054532,-0.629483,0.003471,-0.002525,-2.146626,2.770216,8.333169,1.082074,1.296761,0.000639
1218580370.503992,0.002817,0.005825,-0.189732,0.028135,0.055083,-0.629616,0.003574,-0.002601,-2.146585,2.770195,8.333288,1.078638,1.296732,0.000639
1218580370.603986,0.002848,0.005943,-0.201789,0.019255,0.055543,-0.629740,0.003657,-0.002662,-2.146544,2.770173,8.333407,1.075080,1.296700,0.000639
1218580370.703917,0.002842,0.005994,-0.205309,0.015284,0.055156,-0.629891,0.003697,-0.002692,-2.146509,2.770150,8.333527,1.071239,1.296668,0.000639
1218580370.803955,0.002839,0.006023,-0.213591,0.007335,0.055604,-0.630021,0.003697,-0.002693,-2.146467,2.770128,8.333648,1.067467,1.296638,0.000639
1218580370.900440,0.002809,0.006007,-0.219525,0.000089,0.055207,-0.630156,0.003674,-0.002678,-2.146431,2.770105,8.333769,1.063569,1.296605,0.000639
1218580370.993917,0.002784,0.005972,-0.215399,-0.001366,0.055648,-0.630330,0.003612,-0.002634,-2.146389,2.770081,8.333891,1.059565,1.296573,0.000639
1218580371.083926,0.002766,0.005928,-0.213898,-0.003162,0.056789,-0.630510,0.003520,-0.002568,-2.146342,2.770055,8.334024,1.055326,1.296540,0.000639
1218580371.184116,0.002728,0.005860,-0.209765,-0.003836,0.056969,-0.630699,0.003427,-0.002502,-2.146300,2.770031,8.334147,1.051210,1.296507,0.000639
1218580371.284124,0.002688,0.005781,-0.208487,-0.004988,0.057120,-0.630896,0.003322,-0.002427,-2.146258,2.770005,8.334271,1.046867,1.296471,0.000639
1218580371.383918,0.002672,0.005739,-0.201285,-0.004052,0.058018,-0.631101,0.003236,-0.002366,-2.146211,2.769982,8.334396,1.042907,1.296437,0.000639
1218580371.483948,0.002652,0.005686,-0.201230,-0.006073,0.058767,-0.631295,0.003138,-0.002296,-2.146163,2.769958,8.334531,1.038755,1.296401,0.000639
1218580371.583926,0.002617,0.005622,-0.196790,-0.006525,0.058621,-0.631493,0.003052,-0.002235,-2.146122,2.769936,8.334657,1.034844,1.296365,0.000639
1218580371.683960,0.002584,0.005561,-0.191369,-0.004986,0.058500,-0.631711,0.002971,-0.002178,-2.146080,2.769912,8.334774,1.030708,1.296331,0.000639
1218580371.783917,0.002550,0.005492,-0.192012,-0.007520,0.058398,-0.631901,0.002878,-0.002112,-2.146038,2.769889,8.334901,1.026758,1.296294,0.000639
1218580371.883917,0.002525,0.005448,-0.189491,-0.007642,0.058312,-0.632109,0.002812,-0.002066,-2.145995,2.769866,8.335029,1.022659,1.296260,0.000639
1218580371.983923,0.002520,0.005426,-0.179580,-0.005190,0.059012,-0.632313,0.002749,-0.002022,-2.145947,2.769845,8.335158,1.019094,1.296228,0.000639
1218580372.074130,0.002495,0.005378,-0.169367,-0.000726,0.058825,-0.632533,0.002679,-0.001972,-2.145904,2.769824,8.335297,1.015367,1.296194,0.000639
1218580372.173962,0.002476,0.005344,-0.167282,0.000429,0.058668,-0.632741,0.002623,-0.001934,-2.145861,2.769803,8.335427,1.011502,1.296159,0.000639
1218580372.273956,0.002451,0.005321,-0.159982,0.003318,0.057765,-0.632946,0.002599,-0.001918,-2.145824,2.769783,8.335557,1.008059,1.296127,0.000639
1218580372.374132,0.002431,0.005305,-0.152637,0.007867,0.057010,-0.633164,0.002583,-0.001909,-2.145786,2.769763,8.335689,1.004442,1.296094,0.000639
1218580372.473923,0.002435,0.005324,-0.148328,0.010460,0.057151,-0.633365,0.002582,-0.001910,-2.145741,2.769745,8.335821,1.001059,1.296062,0.000639
1218580372.573963,0.002444,0.005358,-0.150086,0.010040,0.057268,-0.633552,0.002598,-0.001924,-2.145697,2.769726,8.335953,0.997611,1.296026,0.000639
1218580372.673917,0.002440,0.005384,-0.146335,0.011242,0.056593,-0.633737,0.002628,-0.001947,-2.145658,2.769709,8.336087,0.994546,1.295996,0.000639
1218580372.773917,0.002452,0.005424,-0.143928,0.013502,0.056801,-0.633936,0.002653,-0.001968,-2.145613,2.769691,8.336221,0.991135,1.295960,0.000639
1218580372.873917,0.002463,0.005466,-0.137990,0.018148,0.056975,-0.634146,0.002684,-0.001993,-2.145567,2.769673,8.336345,0.987775,1.295924,0.000639
1218580372.973918,0.002476,0.005514,-0.138686,0.019569,0.057120,-0.634345,0.002723,-0.002024,-2.145522,2.769656,8.336470,0.984381,1.295885,0.000639
1218580373.073918,0.002497,0.005583,-0.132234,0.024314,0.057240,-0.634553,0.002783,-0.002070,-2.145476,2.769640,8.336605,0.981272,1.295851,0.000639
1218580373.173918,0.002517,0.005654,-0.134604,0.023930,0.057339,-0.634738,0.002850,-0.002121,-2.145430,2.769625,8.336732,0.978264,1.295812,0.000639
1218580373.273926,0.002565,0.005769,-0.134184,0.026752,0.058193,-0.634949,0.002941,-0.002191,-2.145378,2.769607,8.336879,0.974854,1.295775,0.000639
1218580373.373926,0.002588,0.005850,-0.130910,0.030273,0.058134,-0.635162,0.003022,-0.002252,-2.145333,2.769591,8.337028,0.971751,1.295738,0.000639
1218580373.474204,0.002612,0.005938,-0.131886,0.032432,0.058084,-0.635378,0.003114,-0.002322,-2.145287,2.769575,8.337166,0.968456,1.295701,0.000639
1218580373.573951,0.002638,0.006032,-0.129872,0.035263,0.058042,-0.635594,0.003213,-0.002397,-2.145240,2.769560,8.337316,0.965454,1.295667,0.000639
1218580373.673951,0.002682,0.006149,-0.132374,0.035346,0.058778,-0.635800,0.003322,-0.002480,-2.145188,2.769545,8.337456,0.962506,1.295632,0.000639
1218580373.773919,0.002689,0.006226,-0.133074,0.035773,0.057848,-0.636007,0.003434,-0.002564,-2.145148,2.769532,8.337597,0.959685,1.295598,0.000639
1218580373.873918,0.002713,0.006322,-0.137672,0.033616,0.057843,-0.636203,0.003547,-0.002650,-2.145101,2.769518,8.337738,0.956875,1.295563,0.000639
1218580373.973920,0.002734,0.006411,-0.139454,0.033383,0.057839,-0.636415,0.003657,-0.002734,-2.145053,2.769504,8.337880,0.953888,1.295528,0.000639
1218580374.073917,0.002748,0.006483,-0.140632,0.034457,0.057835,-0.636645,0.003752,-0.002806,-2.145006,2.769488,8.338022,0.950631,1.295493,0.000639
1218580374.173918,0.002780,0.006576,-0.138487,0.036388,0.058603,-0.636876,0.003852,-0.002883,-2.144952,2.769475,8.338165,0.947657,1.295454,0.000639
1218580374.273918,0.002794,0.006649,-0.140157,0.037135,0.058472,-0.637111,0.003953,-0.002960,-2.144904,2.769460,8.338320,0.944461,1.295416,0.000639
1218580374.373948,0.002804,0.006717,-0.138857,0.037356,0.058362,-0.637332,0.004054,-0.003037,-2.144856,2.769448,8.338464,0.941808,1.295380,0.000639
1218580374.473923,0.002802,0.006778,-0.142636,0.036072,0.057498,-0.637556,0.004171,-0.003127,-2.144815,2.769434,8.338609,0.938774,1.295338,0.000639
1218580374.574172,0.002835,0.006876,-0.144245,0.035250,0.058319,-0.637782,0.004286,-0.003214,-2.144760,2.769421,8.338766,0.935846,1.295299,0.000639
1218580374.673952,0.002845,0.006945,-0.147645,0.032542,0.058233,-0.637993,0.004398,-0.003300,-2.144711,2.769409,8.338913,0.933042,1.295257,0.000639
1218580374.773923,0.002861,0.007002,-0.144530,0.033073,0.058933,-0.638220,0.004480,-0.003364,-2.144656,2.769397,8.339060,0.930329,1.295224,0.000639
1218580374.873925,0.002873,0.007056,-0.146509,0.032228,0.059518,-0.638451,0.004563,-0.003428,-2.144601,2.769383,8.339196,0.927248,1.295184,0.000639
1218580374.965189,0.002866,0.007085,-0.147697,0.032784,0.059233,-0.638700,0.004644,-0.003491,-2.144552,2.769368,8.339333,0.923886,1.295145,0.000639
1218580375.063917,0.002861,0.007117,-0.147145,0.033742,0.058996,-0.638951,0.004726,-0.003555,-2.144503,2.769355,8.339482,0.920670,1.295102,0.000639
1218580375.163918,0.002872,0.007164,-0.143175,0.035743,0.059569,-0.639202,0.004806,-0.003618,-2.144447,2.769342,8.339632,0.917749,1.295062,0.000639
1218580375.263948,0.002865,0.007192,-0.146884,0.034241,0.059275,-0.639439,0.004890,-0.003683,-2.144398,2.769329,8.339782,0.914618,1.295022,0.000639
1218580375.363917,0.002879,0.007246,-0.147019,0.032417,0.059800,-0.639659,0.004982,-0.003754,-2.144342,2.769318,8.339944,0.911997,1.294984,0.000639
1218580375.463958,0.002890,0.007296,-0.143414,0.035686,0.060239,-0.639932,0.005072,-0.003824,-2.144286,2.769304,8.340096,0.908686,1.294941,0.000639
1218580375.563923,0.002893,0.007326,-0.141734,0.034618,0.060606,-0.640151,0.005146,-0.003883,-2.144230,2.769294,8.340248,0.906261,1.294903,0.000639
1218580375.663952,0.002886,0.007359,-0.142143,0.035642,0.060139,-0.640410,0.005243,-0.003958,-2.144180,2.769281,8.340401,0.903029,1.294859,0.000639
1218580375.764139,0.002875,0.007377,-0.140942,0.037047,0.059750,-0.640668,0.005327,-0.004024,-2.144130,2.769268,8.340555,0.899954,1.294818,0.000639
1218580375.863981,0.002889,0.007431,-0.142095,0.036443,0.060195,-0.640910,0.005429,-0.004103,-2.144073,2.769257,8.340721,0.897050,1.294774,0.000639
1218580375.963959,0.002901,0.007487,-0.144675,0.035339,0.060567,-0.641154,0.005536,-0.004186,-2.144016,2.769245,8.340876,0.894007,1.294729,0.000639
1218580376.063917,0.002889,0.007505,-0.145091,0.034785,0.060105,-0.641396,0.005628,-0.004258,-2.143966,2.769233,8.341031,0.891082,1.294687,0.000639
1218580376.163926,0.002878,0.007523,-0.139924,0.036011,0.059719,-0.641636,0.005720,-0.004329,-2.143915,2.769224,8.341187,0.888567,1.294642,0.000639
1218580376.263917,0.002885,0.007561,-0.140002,0.035929,0.060168,-0.641879,0.005812,-0.004401,-2.143857,2.769213,8.341356,0.885699,1.294597,0.000639
1218580376.364107,0.002889,0.007591,-0.135972,0.038395,0.060543,-0.642139,0.005900,-0.004471,-2.143799,2.769202,8.341513,0.882840,1.294555,0.000639
1218580376.463918,0.002896,0.007634,-0.134091,0.040331,0.060856,-0.642401,0.006003,-0.004551,-2.143741,2.769192,8.341671,0.879910,1.294506,0.000639
1218580376.563924,0.002900,0.007665,-0.131239,0.041309,0.061117,-0.642642,0.006096,-0.004623,-2.143682,2.769182,8.341842,0.877437,1.294467,0.000639
1218580376.663952,0.002912,0.007719,-0.127983,0.043841,0.061333,-0.642904,0.006212,-0.004714,-2.143624,2.769172,8.342014,0.874728,1.294421,0.000639
1218580376.754962,0.002891,0.007716,-0.119562,0.049317,0.060743,-0.643179,0.006295,-0.004779,-2.143573,2.769162,8.342174,0.872219,1.294385,0.000639
1218580376.854253,0.002881,0.007739,-0.120147,0.049712,0.060249,-0.643421,0.006404,-0.004863,-2.143521,2.769154,8.342335,0.869838,1.294346,0.000639
1218580376.953917,0.002867,0.007777,-0.124637,0.047538,0.059064,-0.643648,0.006551,-0.004977,-2.143476,2.769146,8.342496,0.867468,1.294302,0.000639
1218580377.048351,0.002851,0.007807,-0.119343,0.049502,0.058074,-0.643888,0.006693,-0.005086,-2.143430,2.769140,8.342645,0.865465,1.294259,0.000639
1218580377.143918,0.002844,0.007828,-0.113894,0.053062,0.058019,-0.644145,0.006806,-0.005174,-2.143376,2.769132,8.342795,0.863251,1.294219,0.000639
1218580377.243964,0.002856,0.007903,-0.118313,0.052432,0.057972,-0.644392,0.006975,-0.005304,-2.143321,2.769124,8.342958,0.860709,1.294169,0.000639
1218580377.343950,0.002868,0.007976,-0.117331,0.053171,0.057932,-0.644636,0.007146,-0.005435,-2.143267,2.769117,8.343122,0.858556,1.294122,0.000639
1218580377.443923,0.002895,0.008062,-0.121641,0.052260,0.058670,-0.644885,0.007312,-0.005563,-2.143205,2.769109,8.343287,0.856013,1.294074,0.000639
1218580377.534997,0.002895,0.008108,-0.122204,0.052229,0.058514,-0.645128,0.007461,-0.005678,-2.143150,2.769102,8.343452,0.853718,1.294030,0.000639
1218580377.633917,0.002892,0.008142,-0.118723,0.054682,0.058384,-0.645388,0.007597,-0.005784,-2.143095,2.769095,8.343630,0.851429,1.293986,0.000639
1218580377.733924,0.002885,0.008163,-0.119633,0.054586,0.058275,-0.645628,0.007721,-0.005880,-2.143040,2.769088,8.343810,0.849201,1.293945,0.000639
1218580377.833917,0.002884,0.008205,-0.120406,0.054465,0.058183,-0.645871,0.007870,-0.005995,-2.142985,2.769081,8.343977,0.846975,1.293900,0.000639
1218580377.934133,0.002862,0.008214,-0.125377,0.050450,0.057334,-0.646072,0.008008,-0.006102,-2.142936,2.769075,8.344144,0.845031,1.293859,0.000639
1218580378.034147,0.002855,0.008234,-0.124857,0.050586,0.057397,-0.646312,0.008136,-0.006202,-2.142880,2.769068,8.344313,0.842735,1.293817,0.000639
1218580378.133965,0.002856,0.008248,-0.120301,0.053285,0.058222,-0.646567,0.008242,-0.006285,-2.142816,2.769061,8.344469,0.840454,1.293775,0.000639
1218580378.233924,0.002822,0.008226,-0.118837,0.052669,0.057367,-0.646781,0.008353,-0.006371,-2.142767,2.769056,8.344625,0.838661,1.293733,0.000639
1218580378.333918,0.002805,0.008239,-0.117898,0.054584,0.056651,-0.647040,0.008496,-0.006482,-2.142717,2.769049,8.344795,0.836180,1.293684,0.000639
1218580378.433925,0.002819,0.008282,-0.117787,0.054897,0.057597,-0.647280,0.008631,-0.006587,-2.142652,2.769043,8.344966,0.834018,1.293639,0.000639
1218580378.533944,0.002840,0.008341,-0.117203,0.056598,0.058386,-0.647542,0.008784,-0.006706,-2.142587,2.769036,8.345151,0.831591,1.293589,0.000639
1218580378.633917,0.002837,0.008371,-0.119567,0.054762,0.058273,-0.647761,0.008929,-0.006818,-2.142530,2.769031,8.345336,0.829617,1.293543,0.000639
1218580378.733918,0.002841,0.008416,-0.120910,0.054457,0.058178,-0.648004,0.009091,-0.006944,-2.142472,2.769025,8.345523,0.827335,1.293493,0.000639
1218580378.833923,0.002826,0.008414,-0.118594,0.055209,0.058099,-0.648237,0.009210,-0.007037,-2.142415,2.769020,8.345682,0.825330,1.293451,0.000639
1218580378.933926,0.002814,0.008420,-0.115859,0.057489,0.058033,-0.648492,0.009336,-0.007135,-2.142357,2.769013,8.345843,0.823077,1.293404,0.000639
1218580379.023962,0.002831,0.008472,-0.119228,0.056635,0.058748,-0.648734,0.009490,-0.007255,-2.142291,2.769007,8.346018,0.820739,1.293354,0.000639
1218580379.124127,0.002822,0.008486,-0.118421,0.058126,0.058574,-0.648991,0.009628,-0.007363,-2.142233,2.769001,8.346179,0.818379,1.293307,0.000639
1218580379.223917,0.002807,0.008483,-0.120069,0.057527,0.058428,-0.649226,0.009749,-0.007457,-2.142175,2.768995,8.346342,0.816194,1.293264,0.000639
1218580379.323917,0.002791,0.008470,-0.116234,0.058563,0.058306,-0.649454,0.009858,-0.007543,-2.142116,2.768990,8.346532,0.814421,1.293224,0.000639
1218580379.423917,0.002803,0.008508,-0.117672,0.058189,0.058975,-0.649691,0.010000,-0.007653,-2.142049,2.768985,8.346709,0.812272,1.293176,0.000639
1218580379.523917,0.002816,0.008549,-0.117176,0.058332,0.059533,-0.649928,0.010146,-0.007767,-2.141983,2.768980,8.346901,0.810258,1.293129,0.000639
1218580379.623917,0.002808,0.008564,-0.114832,0.059090,0.059227,-0.650160,0.010285,-0.007876,-2.141924,2.768976,8.347093,0.808398,1.293081,0.000639
1218580379.723918,0.002811,0.008577,-0.108602,0.062466,0.059743,-0.650408,0.010404,-0.007969,-2.141857,2.768972,8.347286,0.806570,1.293037,0.000639
1218580379.823918,0.002827,0.008629,-0.108687,0.062859,0.060173,-0.650644,0.010565,-0.008095,-2.141791,2.768968,8.347466,0.804691,1.292985,0.000639
1218580379.924098,0.002838,0.008674,-0.108786,0.063202,0.060532,-0.650880,0.010723,-0.008218,-2.141724,2.768964,8.347632,0.802825,1.292937,0.000639
1218580380.023923,0.002827,0.008685,-0.109310,0.062115,0.060060,-0.651089,0.010866,-0.008330,-2.141665,2.768962,8.347813,0.801253,1.292892,0.000639
1218580380.123918,0.002821,0.008709,-0.110736,0.062049,0.059664,-0.651324,0.011022,-0.008451,-2.141606,2.768957,8.347995,0.799248,1.292843,0.000639
1218580380.215896,0.002812,0.008719,-0.106418,0.064931,0.059334,-0.651574,0.011164,-0.008562,-2.141546,2.768953,8.348177,0.797382,1.292795,0.000639
1218580380.313940,0.002799,0.008720,-0.107038,0.063873,0.059058,-0.651780,0.011299,-0.008668,-2.141486,2.768951,8.348360,0.795871,1.292750,0.000639
1218580380.413917,0.002796,0.008746,-0.108578,0.063820,0.058826,-0.652014,0.011457,-0.008791,-2.141426,2.768947,8.348544,0.793925,1.292700,0.000639
1218580380.513917,0.002788,0.008758,-0.104386,0.066698,0.058633,-0.652263,0.011602,-0.008905,-2.141365,2.768944,8.348728,0.792118,1.292651,0.000639
1218580380.613918,0.002808,0.008815,-0.106448,0.066472,0.059242,-0.652499,0.011774,-0.009039,-2.141295,2.768941,8.348913,0.790241,1.292598,0.000639
1218580380.713917,0.002795,0.008814,-0.101019,0.069695,0.058979,-0.652744,0.011908,-0.009144,-2.141234,2.768938,8.349112,0.788639,1.292552,0.000639
1218580380.814096,0.002811,0.008863,-0.099313,0.073203,0.059531,-0.653021,0.012073,-0.009273,-2.141165,2.768934,8.349284,0.786553,1.292499,0.000639
1218580380.913923,0.002809,0.008871,-0.097614,0.074036,0.059992,-0.653244,0.012202,-0.009375,-2.141095,2.768932,8.349456,0.785240,1.292457,0.000639
1218580381.004099,0.002808,0.008905,-0.097326,0.075761,0.059603,-0.653498,0.012376,-0.009511,-2.141034,2.768929,8.349629,0.783529,1.292406,0.000639
1218580381.095245,0.002792,0.008927,-0.099623,0.075293,0.058507,-0.653731,0.012557,-0.009652,-2.140981,2.768927,8.349817,0.781991,1.292356,0.000639
1218580381.193917,0.002821,0.009011,-0.099598,0.076653,0.059134,-0.653992,0.012763,-0.009813,-2.140910,2.768925,8.349991,0.780297,1.292302,0.000639
1218580381.294124,0.002846,0.009087,-0.098143,0.078349,0.059657,-0.654250,0.012963,-0.009969,-2.140839,2.768924,8.350180,0.778769,1.292247,0.000639
1218580381.394147,0.002856,0.009152,-0.100970,0.077421,0.059321,-0.654490,0.013173,-0.010133,-2.140777,2.768923,8.350384,0.777280,1.292193,0.000639
1218580381.493926,0.002875,0.009210,-0.101373,0.078339,0.059811,-0.654746,0.013357,-0.010277,-2.140706,2.768921,8.350589,0.775625,1.292142,0.000639
1218580381.593925,0.002878,0.009260,-0.101966,0.079086,0.059449,-0.655005,0.013555,-0.010433,-2.140644,2.768919,8.350780,0.773987,1.292087,0.000639
1218580381.694112,0.002881,0.009310,-0.102712,0.079667,0.059146,-0.655264,0.013755,-0.010590,-2.140581,2.768918,8.350972,0.772362,1.292032,0.000639
1218580381.793951,0.002905,0.009362,-0.104007,0.078697,0.060437,-0.655495,0.013921,-0.010720,-2.140500,2.768917,8.351164,0.771032,1.291984,0.000639
1218580381.893925,0.002905,0.009408,-0.104534,0.079201,0.059970,-0.655754,0.014122,-0.010878,-2.140437,2.768915,8.351357,0.769402,1.291929,0.000639
1218580381.993923,0.002900,0.009439,-0.102969,0.081530,0.059579,-0.656033,0.014307,-0.011023,-2.140374,2.768913,8.351551,0.767640,1.291873,0.000639
1218580382.083958,0.002921,0.009510,-0.108031,0.079195,0.060024,-0.656274,0.014513,-0.011185,-2.140302,2.768912,8.351760,0.766068,1.291817,0.000639
1218580382.183917,0.002896,0.009517,-0.112492,0.076802,0.058852,-0.656509,0.014699,-0.011331,-2.140247,2.768911,8.351955,0.764443,1.291765,0.000639
1218580382.283917,0.002878,0.009510,-0.114560,0.074974,0.058645,-0.656735,0.014851,-0.011451,-2.140182,2.768910,8.352150,0.762909,1.291717,0.000639
1218580382.383925,0.002859,0.009501,-0.114733,0.072468,0.058472,-0.656935,0.015002,-0.011571,-2.140117,2.768910,8.352346,0.761774,1.291668,0.000639
1218580382.484127,0.002818,0.009454,-0.111899,0.072368,0.057555,-0.657152,0.015133,-0.011675,-2.140061,2.768909,8.352543,0.760468,1.291620,0.000639
1218580382.584122,0.002813,0.009474,-0.116223,0.069022,0.057561,-0.657361,0.015310,-0.011815,-2.139995,2.768909,8.352740,0.758899,1.291563,0.000639
1218580382.683918,0.002806,0.009484,-0.117426,0.067824,0.057565,-0.657590,0.015477,-0.011947,-2.139928,2.768908,8.352938,0.757123,1.291506,0.000639
1218580382.783923,0.002785,0.009430,-0.110819,0.070331,0.058341,-0.657819,0.015563,-0.012016,-2.139853,2.768906,8.353136,0.755620,1.291461,0.000639
1218580382.883941,0.002773,0.009428,-0.114167,0.067566,0.058216,-0.658021,0.015718,-0.012139,-2.139786,2.768906,8.353335,0.754055,1.291403,0.000639
1218580382.983979,0.002752,0.009401,-0.108883,0.069974,0.058111,-0.658260,0.015847,-0.012242,-2.139720,2.768904,8.353535,0.752439,1.291350,0.000639
1218580383.083926,0.002704,0.009328,-0.104454,0.071111,0.057252,-0.658468,0.015951,-0.012326,-2.139662,2.768904,8.353720,0.751183,1.291301,0.000639
1218580383.178328,0.002684,0.009297,-0.104028,0.070023,0.057306,-0.658659,0.016076,-0.012425,-2.139594,2.768905,8.353905,0.749976,1.291251,0.000639
1218580383.273926,0.002672,0.009280,-0.100572,0.072535,0.057350,-0.658898,0.016209,-0.012531,-2.139526,2.768903,8.354122,0.748333,1.291197,0.000639
1218580383.373942,0.002649,0.009236,-0.095910,0.075510,0.057388,-0.659128,0.016317,-0.012618,-2.139458,2.768902,8.354325,0.746895,1.291147,0.000639
1218580383.474108,0.002634,0.009240,-0.099696,0.073472,0.056645,-0.659331,0.016491,-0.012756,-2.139399,2.768903,8.354527,0.745533,1.291089,0.000639
1218580383.574141,0.002642,0.009246,-0.095537,0.075030,0.057569,-0.659543,0.016628,-0.012865,-2.139321,2.768903,8.354731,0.744413,1.291039,0.000639
1218580383.673927,0.002650,0.009255,-0.091185,0.078138,0.058340,-0.659778,0.016769,-0.012977,-2.139243,2.768903,8.354935,0.743057,1.290984,0.000639
1218580383.773918,0.002661,0.009278,-0.089698,0.079202,0.058983,-0.659993,0.016924,-0.013100,-2.139166,2.768904,8.355139,0.741920,1.290929,0.000639
1218580383.873917,0.002653,0.009274,-0.085813,0.083570,0.058748,-0.660252,0.017069,-0.013216,-2.139098,2.768903,8.355345,0.740379,1.290874,0.000639
1218580383.973917,0.002664,0.009323,-0.091266,0.081196,0.058550,-0.660457,0.017267,-0.013374,-2.139029,2.768905,8.355550,0.739216,1.290815,0.000639
1218580384.073917,0.002676,0.009376,-0.093970,0.080668,0.058385,-0.660686,0.017473,-0.013536,-2.138961,2.768905,8.355741,0.737848,1.290755,0.000639
1218580384.173917,0.002655,0.009341,-0.089582,0.082174,0.058247,-0.660888,0.017590,-0.013631,-2.138892,2.768907,8.355948,0.737038,1.290709,0.000639
1218580384.273917,0.002653,0.009354,-0.090645,0.082224,0.058131,-0.661104,0.017753,-0.013761,-2.138823,2.768908,8.356156,0.735847,1.290653,0.000639
1218580384.373952,0.002634,0.009321,-0.089965,0.082718,0.058034,-0.661307,0.017870,-0.013855,-2.138753,2.768908,8.356364,0.734801,1.290606,0.000639
1218580384.473923,0.002637,0.009347,-0.094987,0.080183,0.057952,-0.661505,0.018046,-0.013995,-2.138683,2.768909,8.356556,0.733626,1.290550,0.000639
1218580384.573963,0.002638,0.009365,-0.091959,0.081221,0.057883,-0.661717,0.018212,-0.014128,-2.138613,2.768911,8.356766,0.732679,1.290494,0.000639
1218580384.674128,0.002672,0.009415,-0.089067,0.082392,0.059368,-0.661928,0.018371,-0.014255,-2.138524,2.768913,8.356993,0.731769,1.290438,0.000639
1218580384.773922,0.002657,0.009397,-0.086367,0.083653,0.059065,-0.662130,0.018504,-0.014361,-2.138454,2.768915,8.357203,0.730898,1.290386,0.000639
1218580384.873917,0.002670,0.009422,-0.083458,0.086366,0.059583,-0.662362,0.018657,-0.014484,-2.138375,2.768916,8.357415,0.729776,1.290329,0.000639
1218580384.973917,0.002673,0.009424,-0.081205,0.088889,0.060015,-0.662588,0.018789,-0.014590,-2.138295,2.768917,8.357627,0.728713,1.290277,0.000639
1218580385.073917,0.002632,0.009366,-0.081324,0.090639,0.058832,-0.662809,0.018897,-0.014677,-2.138235,2.768917,8.357839,0.727559,1.290229,0.000639
1218580385.173918,0.002649,0.009429,-0.085807,0.089606,0.058614,-0.663034,0.019105,-0.014843,-2.138165,2.768919,8.358036,0.726431,1.290168,0.000639
1218580385.273918,0.002628,0.009417,-0.084871,0.089969,0.057661,-0.663241,0.019259,-0.014967,-2.138103,2.768922,8.358249,0.725699,1.290115,0.000639
1218580385.373918,0.002625,0.009423,-0.089195,0.088724,0.057636,-0.663451,0.019411,-0.015089,-2.138031,2.768923,8.358447,0.724550,1.290062,0.000639
1218580385.473951,0.002630,0.009423,-0.086273,0.089488,0.058386,-0.663648,0.019537,-0.015191,-2.137949,2.768925,8.358679,0.723939,1.290013,0.000639
1218580385.573924,0.002650,0.009490,-0.090807,0.086848,0.058239,-0.663847,0.019746,-0.015358,-2.137877,2.768928,8.358911,0.723070,1.289951,0.000639
1218580385.673923,0.002664,0.009545,-0.094236,0.085642,0.058116,-0.664069,0.019947,-0.015519,-2.137805,2.768930,8.359110,0.721854,1.289889,0.000639
1218580385.774125,0.002653,0.009534,-0.092140,0.085973,0.058014,-0.664268,0.020083,-0.015629,-2.137733,2.768932,8.359327,0.721039,1.289835,0.000639
1218580385.874146,0.002635,0.009506,-0.087839,0.088411,0.057928,-0.664485,0.020203,-0.015726,-2.137660,2.768934,8.359528,0.720101,1.289782,0.000639
1218580385.973917,0.002644,0.009545,-0.087953,0.088377,0.057855,-0.664698,0.020386,-0.015873,-2.137587,2.768937,8.359746,0.719227,1.289719,0.000639
1218580386.073917,0.002642,0.009555,-0.085845,0.090287,0.057794,-0.664925,0.020540,-0.015998,-2.137513,2.768939,8.359964,0.718211,1.289660,0.000639
1218580386.173921,0.002639,0.009562,-0.085921,0.091528,0.057743,-0.665154,0.020693,-0.016121,-2.137440,2.768941,8.360166,0.717094,1.289602,0.000640
1218580386.273917,0.002634,0.009562,-0.088492,0.090608,0.057699,-0.665356,0.020836,-0.016237,-2.137366,2.768943,8.360403,0.716143,1.289547,0.000640
1218580386.373925,0.002635,0.009580,-0.086904,0.092112,0.057662,-0.665585,0.020998,-0.016367,-2.137292,2.768945,8.360624,0.715167,1.289488,0.000640
1218580386.473926,0.002633,0.009585,-0.085231,0.094907,0.057630,-0.665834,0.021143,-0.016485,-2.137217,2.768946,8.360862,0.713936,1.289429,0.000640
1218580386.574107,0.002641,0.009622,-0.090783,0.091563,0.057603,-0.666024,0.021326,-0.016632,-2.137143,2.768950,8.361084,0.713194,1.289370,0.000640
1218580386.673951,0.002630,0.009636,-0.091572,0.090777,0.056808,-0.666233,0.021503,-0.016775,-2.137078,2.768953,8.361306,0.712376,1.289310,0.000640
1218580386.773952,0.002619,0.009619,-0.093428,0.090905,0.056916,-0.666454,0.021630,-0.016879,-2.137002,2.768954,8.361511,0.711112,1.289256,0.000640
1218580386.873917,0.002623,0.009639,-0.099227,0.088362,0.057005,-0.666663,0.021792,-0.017011,-2.136926,2.768956,8.361734,0.709844,1.289196,0.000640
1218580386.974139,0.002612,0.009620,-0.097009,0.089309,0.057079,-0.666880,0.021915,-0.017111,-2.136850,2.768957,8.361976,0.708801,1.289140,0.000640
1218580387.073917,0.002601,0.009602,-0.095351,0.088939,0.057141,-0.667073,0.022039,-0.017213,-2.136774,2.768960,8.362218,0.708080,1.289085,0.000640
1218580387.173917,0.002603,0.009614,-0.100435,0.086624,0.057191,-0.667278,0.022192,-0.017337,-2.136698,2.768962,8.362443,0.706789,1.289025,0.000640
1218580387.273919,0.002578,0.009560,-0.094059,0.088924,0.057234,-0.667481,0.022280,-0.017410,-2.136621,2.768964,8.362669,0.706021,1.288974,0.000640
1218580387.373918,0.002606,0.009618,-0.095885,0.086502,0.058040,-0.667666,0.022459,-0.017555,-2.136534,2.768969,8.362895,0.705328,1.288908,0.000640
1218580387.473948,0.002586,0.009605,-0.098322,0.085188,0.057169,-0.667866,0.022606,-0.017674,-2.136469,2.768971,8.363105,0.704160,1.288848,0.000640
1218580387.573923,0.002582,0.009604,-0.096892,0.084993,0.057213,-0.668062,0.022745,-0.017789,-2.136391,2.768974,8.363314,0.703255,1.288787,0.000640
1218580387.673963,0.002600,0.009628,-0.094429,0.087780,0.058021,-0.668307,0.022885,-0.017903,-2.136304,2.768976,8.363560,0.701779,1.288721,0.000640
1218580387.773918,0.002582,0.009595,-0.090011,0.088642,0.057924,-0.668491,0.022994,-0.017992,-2.136227,2.768979,8.363789,0.701235,1.288664,0.000640
1218580387.873917,0.002594,0.009636,-0.094772,0.085676,0.057841,-0.668676,0.023172,-0.018137,-2.136150,2.768983,8.364018,0.700299,1.288598,0.000640
1218580387.973918,0.002603,0.009671,-0.096587,0.084733,0.057772,-0.668883,0.023342,-0.018275,-2.136073,2.768986,8.364248,0.699151,1.288532,0.000640
1218580388.064127,0.002608,0.009693,-0.098114,0.083802,0.057713,-0.669086,0.023499,-0.018404,-2.135995,2.768989,8.364497,0.697986,1.288465,0.000640
1218580388.163924,0.002616,0.009724,-0.098911,0.084307,0.057663,-0.669316,0.023665,-0.018539,-2.135917,2.768992,8.364728,0.696513,1.288394,0.000640
1218580388.263918,0.002577,0.009660,-0.093279,0.085460,0.056850,-0.669497,0.023761,-0.018619,-2.135849,2.768996,8.364960,0.695921,1.288337,0.000640
1218580388.363948,0.002579,0.009672,-0.092947,0.085345,0.056942,-0.669696,0.023908,-0.018739,-2.135770,2.769000,8.365192,0.694948,1.288269,0.000640
1218580388.463923,0.002561,0.009636,-0.090778,0.085841,0.057019,-0.669881,0.024010,-0.018824,-2.135691,2.769003,8.365407,0.694126,1.288212,0.000640
1218580388.563964,0.002550,0.009615,-0.084699,0.088977,0.057083,-0.670090,0.024125,-0.018919,-2.135612,2.769006,8.365622,0.693328,1.288150,0.000640
1218580388.663918,0.002555,0.009628,-0.086256,0.089972,0.057134,-0.670313,0.024267,-0.019035,-2.135532,2.769009,8.365874,0.692033,1.288082,0.000640
1218580388.763917,0.002553,0.009625,-0.086368,0.091194,0.057177,-0.670531,0.024394,-0.019140,-2.135453,2.769011,8.366127,0.690892,1.288019,0.000640
1218580388.863917,0.002568,0.009644,-0.086793,0.092201,0.057984,-0.670749,0.024524,-0.019247,-2.135362,2.769014,8.366363,0.689772,1.287956,0.000640
1218580388.963917,0.002580,0.009681,-0.086150,0.092169,0.057885,-0.670952,0.024692,-0.019384,-2.135283,2.769018,8.366617,0.689105,1.287888,0.000640
1218580389.063917,0.002606,0.009732,-0.085005,0.093610,0.058573,-0.671177,0.024852,-0.019516,-2.135193,2.769022,8.366872,0.688153,1.287820,0.000640
1218580389.164126,0.002630,0.009780,-0.087685,0.093820,0.059148,-0.671405,0.025011,-0.019646,-2.135103,2.769025,8.367109,0.686941,1.287752,0.000640
1218580389.263918,0.002643,0.009830,-0.093062,0.090415,0.058854,-0.671592,0.025193,-0.019794,-2.135024,2.769030,8.367365,0.686158,1.287683,0.000640
1218580389.363919,0.002628,0.009808,-0.090174,0.090686,0.058610,-0.671778,0.025306,-0.019888,-2.134944,2.769034,8.367603,0.685591,1.287624,0.000640
1218580389.464100,0.002630,0.009798,-0.088959,0.090661,0.059177,-0.671963,0.025409,-0.019974,-2.134854,2.769038,8.367861,0.684903,1.287565,0.000640
1218580389.563951,0.002637,0.009806,-0.088953,0.091623,0.059650,-0.672178,0.025528,-0.020073,-2.134763,2.769041,8.368100,0.683789,1.287501,0.000640
1218580389.663951,0.002600,0.009753,-0.087865,0.091584,0.058501,-0.672361,0.025626,-0.020155,-2.134695,2.769045,8.368340,0.683131,1.287442,0.000640
1218580389.763917,0.002616,0.009777,-0.088414,0.091132,0.059084,-0.672555,0.025757,-0.020264,-2.134604,2.769049,8.368599,0.682337,1.287378,0.000640
1218580389.863942,0.002620,0.009804,-0.090534,0.090180,0.058798,-0.672756,0.025912,-0.020391,-2.134524,2.769053,8.368821,0.681391,1.287308,0.000640
1218580389.963917,0.002631,0.009847,-0.091955,0.090603,0.058558,-0.672986,0.026079,-0.020528,-2.134443,2.769057,8.369063,0.680131,1.287233,0.000640
1218580390.063920,0.002626,0.009820,-0.086536,0.093009,0.059131,-0.673187,0.026164,-0.020600,-2.134351,2.769060,8.369305,0.679458,1.287174,0.000640
1218580390.163918,0.002629,0.009841,-0.090722,0.091408,0.058835,-0.673388,0.026310,-0.020721,-2.134270,2.769065,8.369548,0.678417,1.287103,0.000640
1218580390.264125,0.002652,0.009892,-0.091036,0.090798,0.059359,-0.673589,0.026468,-0.020851,-2.134178,2.769070,8.369791,0.677625,1.287033,0.000640
1218580390.364288,0.002643,0.009885,-0.092876,0.089728,0.059025,-0.673781,0.026588,-0.020951,-2.134097,2.769073,8.370035,0.676682,1.286968,0.000640
1218580390.463926,0.002647,0.009885,-0.088746,0.091727,0.059518,-0.673990,0.026696,-0.021042,-2.134004,2.769077,8.370280,0.675863,1.286902,0.000640
1218580390.564110,0.002640,0.009884,-0.092837,0.088814,0.059156,-0.674159,0.026820,-0.021144,-2.133923,2.769082,8.370544,0.675102,1.286837,0.000640
1218580390.663951,0.002627,0.009865,-0.086581,0.091567,0.058854,-0.674366,0.026927,-0.021234,-2.133842,2.769087,8.370790,0.674424,1.286771,0.000640
1218580390.763951,0.002639,0.009913,-0.090427,0.088945,0.058600,-0.674548,0.027097,-0.021374,-2.133759,2.769093,8.371036,0.673682,1.286695,0.000640
1218580390.863917,0.002639,0.009924,-0.087503,0.090852,0.058387,-0.674765,0.027229,-0.021484,-2.133677,2.769097,8.371303,0.672737,1.286623,0.000640
1218580390.963917,0.002636,0.009931,-0.090644,0.089684,0.058209,-0.674961,0.027361,-0.021594,-2.133594,2.769102,8.371530,0.671696,1.286552,0.000640
1218580391.063917,0.002623,0.009909,-0.084353,0.092566,0.058060,-0.675166,0.027461,-0.021679,-2.133510,2.769106,8.371798,0.671061,1.286486,0.000640
1218580391.163917,0.002636,0.009928,-0.080388,0.095023,0.058707,-0.675378,0.027585,-0.021782,-2.133415,2.769112,8.372047,0.670362,1.286414,0.000640
1218580391.263919,0.002628,0.009893,-0.073077,0.099917,0.059247,-0.675597,0.027653,-0.021840,-2.133320,2.769115,8.372315,0.669725,1.286352,0.000640
1218580391.363918,0.002640,0.009915,-0.076498,0.099140,0.059697,-0.675788,0.027778,-0.021945,-2.133226,2.769120,8.372565,0.669058,1.286286,0.000640
1218580391.464135,0.002649,0.009959,-0.076284,0.099279,0.059299,-0.675989,0.027946,-0.022083,-2.133143,2.769127,8.372796,0.668652,1.286213,0.000640
1218580391.563923,0.002660,0.009980,-0.075661,0.100805,0.059739,-0.676201,0.028070,-0.022187,-2.133048,2.769131,8.373046,0.667960,1.286146,0.000640
1218580391.663963,0.002647,0.009989,-0.078920,0.101033,0.058562,-0.676424,0.028217,-0.022310,-2.132977,2.769136,8.373298,0.667003,1.286074,0.000640
1218580391.763918,0.002642,0.009991,-0.077103,0.102550,0.058350,-0.676636,0.028340,-0.022413,-2.132892,2.769141,8.373550,0.666471,1.286006,0.000640
1218580391.864148,0.002666,0.010044,-0.079126,0.102888,0.058944,-0.676859,0.028495,-0.022541,-2.132796,2.769146,8.373802,0.665681,1.285933,0.000640
1218580391.963917,0.002685,0.010058,-0.077816,0.104060,0.060211,-0.677062,0.028594,-0.022625,-2.132688,2.769151,8.374075,0.665179,1.285871,0.000640
1218580392.054168,0.002660,0.010019,-0.081130,0.101275,0.059726,-0.677214,0.028682,-0.022700,-2.132605,2.769157,8.374309,0.664997,1.285814,0.000640
1218580392.153918,0.002670,0.010068,-0.083260,0.100081,0.059319,-0.677416,0.028852,-0.022841,-2.132521,2.769163,8.374543,0.664464,1.285740,0.000640
1218580392.254122,0.002681,0.010117,-0.085502,0.097513,0.058978,-0.677591,0.029024,-0.022983,-2.132436,2.769170,8.374798,0.664196,1.285667,0.000640