
1218580353.304140,1.096228,1.321095,-2.107422,2.739648,-1.475195,0.000000,0.000000,0.000000,0.000000,0.000000,0.000639,
1218580353.403917,1.096228,1.321095,-2.107422,2.739648,-1.369824,0.000000,0.000000,0.000000,0.000000,0.000000,0.000639,
1218580353.505842,1.180553,1.292986,-2.212793,2.845020,-1.475195,0.000000,0.000000,0.000000,0.000000,0.000000,0.000639,
1218580353.603923,1.124336,1.321095,-2.107422,2.739648,-1.475195,0.000000,0.000000,0.000000,0.000000,0.000000,0.000639,
1218580353.703963,1.124336,1.292986,-2.212793,2.739648,-1.475195,0.000000,0.000000,0.000000,0.000000,0.000000,0.000639,
1218580353.803917,1.096228,1.292986,-2.212793,2.739648,-1.369824,0.000000,0.000000,0.000000,0.000000,0.000000,0.000639,
1218580353.903917,1.124336,1.292986,-2.318164,2.845020,-1.475195,0.000000,0.000000,0.000000,0.000000,0.000000,0.000639,
1218580354.003919,1.096228,1.264878,-2.212793,2.845020,-1.369824,0.000000,0.000000,0.000000,0.000000,0.000000,0.000639,
1218580354.103917,1.096228,1.264878,-2.318164,2.845020,-1.475195,0.000000,0.000000,0.000000,0.000000,0.000000,0.000639,
1218580354.203917,1.096228,1.264878,-2.212793,2.739648,-1.580566,0.000000,0.000000,0.000000,0.000000,0.000000,0.000639,
1218580354.303917,1.124336,1.292986,-2.107422,2.739648,-1.475195,0.000000,0.000000,0.000000,0.000000,0.000000,0.000639,
1218580354.404125,1.068119,1.292986,-2.107422,2.739648,-1.475195,0.000000,0.000000,0.000000,0.000000,0.000000,0.000639,
1218580354.503943,1.180553,1.321095,-2.212793,2.845020,-1.475195,0.000000,0.000000,0.000000,0.000000,0.000000,0.000639,
1218580354.604105,1.152444,1.321095,-2.212793,2.950391,-1.369824,0.000000,0.000000,0.000000,0.000000,0.000000,0.000639,
1218580354.703951,1.124336,1.292986,-2.107422,2.739648,-1.475195,0.000000,0.000000,0.000000,0.000000,0.000000,0.000639,
1218580354.803951,1.152444,1.292986,-2.107422,2.634277,-1.475195,0.000000,0.000000,0.000000,0.000000,0.000000,0.000639,
1218580354.903917,1.208661,1.321095,-2.107422,2.739648,-1.369824,0.000000,0.000000,0.000000,0.000000,0.000000,0.000639,
1218580355.004097,1.152444,1.292986,-2.107422,2.634277,-1.475195,0.000000,0.000000,0.000000,0.000000,0.000000,0.000639,
1218580355.103957,1.068119,1.292986,-2.212793,2.845020,-1.475195,0.000000,0.000000,0.000000,0.000000,0.000000,0.000639,
1218580355.203958,1.096228,1.264878,-2.212793,2.739648,-1.580566,0.000000,0.000000,0.000000,0.000000,0.000000,0.000639,
1218580355.303917,1.096228,1.292986,-2.212793,2.845020,-1.475195,0.000000,0.000000,0.000000,0.000000,0.000000,0.000639,
1218580355.403917,1.152444,1.292986,-2.107422,2.739648,-1.475195,0.000000,0.000000,0.000000,0.000000,0.000000,0.000639,
1218580355.504126,1.152444,1.292986,-2.107422,2.845020,-1.369824,0.000000,0.000000,0.000000,0.000000,0.000000,0.000639,
1218580355.604159,1.096228,1.292986,-2.002051,2.845020,-1.580566,0.000000,0.000000,0.000000,0.000000,0.000000,0.000639,
1218580355.704134,1.180553,1.321095,-2.107422,2.739648,-1.475195,0.000000,0.000000,0.000000,0.000000,0.000000,0.000639,
1218580355.803917,1.096228,1.236770,-2.107422,2.739648,-1.475195,0.000000,0.000000,0.000000,0.000000,0.000000,0.000639,
1218580355.903917,1.124336,1.264878,-2.318164,2.845020,-1.475195,0.000000,0.000000,0.000000,0.000000,0.000000,0.000639,
1218580356.003919,1.096228,1.292986,-2.212793,2.739648,-1.580566,0.000000,0.000000,0.000000,0.000000,0.000000,0.000639,
1218580356.103917,1.180553,1.349203,-2.318164,2.950391,-1.475195,0.000000,0.000000,0.000000,0.000000,0.000000,0.000639,
1218580356.203917,1.096228,1.292986,-2.212793,2.845020,-1.369824,0.000000,0.000000,0.000000,0.000000,0.000000,0.000639,
1218580356.303917,1.152444,1.292986,-2.212793,2.950391,-1.475195,0.000000,0.000000,0.000000,0.000000,0.000000,0.000639,
1218580356.403918,1.068119,1.264878,-2.318164,2.845020,-1.475195,0.000000,0.000000,0.000000,0.000000,0.000000,0.000639,
1218580356.503918,1.124336,1.264878,-2.212793,2.739648,-1.475195,0.000000,0.000000,0.000000,0.000000,0.000000,0.000639,
1218580356.603948,1.068119,1.264878,-2.318164,2.845020,-1.475195,0.000000,0.000000,0.000000,0.000000,0.000000,0.000639,
1218580356.704136,1.096228,1.236770,-2.212793,2.950391,-1.369824,0.000000,0.000000,0.000000,0.000000,0.000000,0.000639,
1218580356.803962,1.096228,1.264878,-2.212793,2.739648,-1.475195,0.000000,0.000000,0.000000,0.000000,0.000000,0.000639,
1218580356.903917,1.152444,1.292986,-2.212793,2.739648,-1.475195,0.000000,0.000000,0.000000,0.000000,0.000000,0.000639,
1218580357.004335,1.124336,1.321095,-2.107422,2.739648,-1.580566,0.000000,0.000000,0.000000,0.000000,0.000000,0.000639,
1218580357.103917,1.096228,1.264878,-2.212793,2.634277,-1.475195,0.000000,0.000000,0.000000,0.000000,0.000000,0.000639,
1218580357.203917,1.124336,1.292986,-2.107422,2.950391,-1.475195,0.000000,0.000000,0.000000,0.000000,0.000000,0.000639,
1218580357.303917,1.096228,1.264878,-2.212793,2.739648,-1.475195,0.000000,0.000000,0.000000,0.000000,0.000000,0.000639,
1218580357.403917,1.180553,1.264878,-2.318164,2.739648,-1.580566,0.000000,0.000000,0.000000,0.000000,0.000000,0.000639,
1218580357.503939,1.068119,1.292986,-2.212793,2.739648,-1.475195,0.000000,0.000000,0.000000,0.000000,0.000000,0.000639,
1218580357.595131,1.124336,1.264878,-2.107422,2.739648,-1.475195,0.000000,0.000000,0.000000,0.000000,0.000000,0.000639,
1218580357.693966,1.096228,1.236770,-2.107422,2.739648,-1.475195,0.000000,0.000000,0.000000,0.000000,0.000000,0.000639,
1218580357.794128,1.124336,1.264878,-2.212793,2.634277,-1.475195,0.000000,0.000000,0.000000,0.000000,0.000000,0.000639,
1218580357.893917,1.096228,1.236770,-2.212793,2.845020,-1.475195,0.000000,0.000000,0.000000,0.000000,0.000000,0.000639,
1218580357.993917,1.096228,1.264878,-2.107422,2.845020,-1.369824,0.000000,0.000000,0.000000,0.000000,0.000000,0.000639,
1218580358.083926,1.096228,1.292986,-2.107422,2.845020,-1.580566,0.000000,0.000000,0.000000,0.000000,0.000000,0.000639,
1218580358.183923,1.096228,1.236770,-2.107422,2.739648,-1.475195,0.000000,0.000000,0.000000,0.000000,0.000000,0.000639,
1218580358.283918,1.096228,1.236770,-2.107422,2.845020,-1.580566,0.000000,0.000000,0.000000,0.000000,0.000000,0.000639,
1218580358.383948,1.096228,1.264878,-2.002051,2.634277,-1.475195,0.000000,0.000000,0.000000,0.000000,0.000000,0.000639,
1218580358.483928,1.124336,1.292986,-2.107422,2.739648,-1.475195,0.000000,0.000000,0.000000,0.000000,0.000000,0.000639,
1218580358.583972,1.096228,1.236770,-2.107422,2.739648,-1.475195,0.000000,0.000000,0.000000,0.000000,0.000000,0.000639,
1218580358.683918,1.068119,1.264878,-2.107422,2.845020,-1.369824,0.000000,0.000000,0.000000,0.000000,0.000000,0.000639,
1218580358.783917,1.068119,1.264878,-2.107422,2.739648,-1.369824,0.000000,0.000000,0.000000,0.000000,0.000000,0.000639,
1218580358.884131,1.152444,1.292986,-2.002051,2.634277,-1.369824,0.000000,0.000000,0.000000,0.000000,0.000000,0.000639,
1218580358.983917,1.068119,1.264878,-2.212793,2.739648,-1.475195,0.000000,0.000000,0.000000,0.000000,0.000000,0.000639,
1218580359.083926,1.096228,1.236770,-2.212793,2.845020,-1.475195,0.000000,0.000000,0.000000,0.000000,0.000000,0.000639,
1218580359.183917,1.096228,1.236770,-2.212793,2.634277,-1.475195,0.000000,0.000000,0.000000,0.000000,0.000000,0.000639,
1218580359.283917,1.124336,1.292986,-2.107422,2.739648,-1.475195,0.000000,0.000000,0.000000,0.000000,0.000000,0.000639,
1218580359.383918,1.096228,1.264878,-2.212793,2.739648,-1.475195,0.000000,0.000000,0.000000,0.000000,0.000000,0.000639,
1218580359.484108,1.096228,1.292986,-2.212793,2.739648,-1.475195,0.000000,0.000000,0.000000,0.000000,0.000000,0.000639,
1218580359.583959,1.096228,1.236770,-2.107422,2.845020,-1.369824,0.000000,0.000000,0.000000,0.000000,0.000000,0.000639,
1218580359.683969,1.068119,1.236770,-2.107422,2.634277,-1.369824,0.000000,0.000000,0.000000,0.000000,0.000000,0.000639,
1218580359.783917,1.152444,1.264878,-2.002051,2.634277,-1.475195,0.000000,0.000000,0.000000,0.000000,0.000000,0.000639,
1218580359.883920,1.068119,1.264878,-2.107422,2.634277,-1.369824,0.000000,0.000000,0.000000,0.000000,0.000000,0.000639,
1218580359.984126,1.096228,1.292986,-2.107422,2.739648,-1.369824,0.000000,0.000000,0.000000,0.000000,0.000000,0.000639,
1218580360.084163,1.124336,1.292986,-2.107422,2.845020,-1.369824,0.000000,0.000000,0.000000,0.000000,0.000000,0.000639,
1218580360.183917,1.124336,1.292986,-2.107422,2.634277,-1.475195,0.000000,0.000000,0.000000,0.000000,0.000000,0.000639,
1218580360.283917,1.124336,1.236770,-2.212793,2.950391,-1.475195,0.000000,0.000000,0.000000,0.000000,0.000000,0.000639,
1218580360.383925,1.096228,1.292986,-2.212793,2.634277,-1.580566,0.000000,0.000000,0.000000,0.000000,0.000000,0.000639,
1218580360.483925,1.068119,1.236770,-2.107422,2.845020,-1.475195,0.000000,0.000000,0.000000,0.000000,0.000000,0.000639,
1218580360.584155,1.152444,1.321095,-2.212793,2.845020,-1.369824,0.000000,0.000000,0.000000,0.000000,0.000000,0.000639,
1218580360.688364,1.180553,1.321095,-2.107422,2.634277,-1.475195,0.000000,0.000000,0.000000,0.000000,0.000000,0.000639,
1218580360.783918,1.068119,1.236770,-2.107422,2.739648,-1.475195,0.000000,0.000000,0.000000,0.000000,0.000000,0.000639,
1218580360.883917,1.096228,1.292986,-2.002051,2.528906,-1.475195,0.000000,0.000000,0.000000,0.000000,0.000000,0.000639,
1218580360.983917,1.152444,1.264878,-2.107422,2.634277,-1.475195,0.000000,0.000000,0.000000,0.000000,0.000000,0.000639,
1218580361.083926,1.124336,1.292986,-2.107422,2.634277,-1.475195,0.000000,0.000000,0.000000,0.000000,0.000000,0.000639,
1218580361.184128,1.152444,1.292986,-2.212793,2.634277,-1.580566,0.000000,0.000000,0.000000,0.000000,0.000000,0.000639,
1218580361.283918,1.096228,1.236770,-2.107422,2.634277,-1.369824,0.000000,0.000000,0.000000,0.000000,0.000000,0.000639,
1218580361.383918,1.124336,1.264878,-2.107422,2.845020,-1.475195,0.000000,0.000000,0.000000,0.000000,0.000000,0.000639,
1218580361.483947,1.068119,1.264878,-2.107422,2.634277,-1.580566,0.000000,0.000000,0.000000,0.000000,0.000000,0.000639,
1218580361.583931,1.124336,1.264878,-2.212793,2.739648,-1.475195,0.000000,0.000000,0.000000,0.000000,0.000000,0.000639,
1218580361.683966,1.068119,1.236770,-2.107422,2.634277,-1.369824,0.000000,0.000000,0.000000,0.000000,0.000000,0.000639,
1218580361.783917,1.068119,1.208661,-2.107422,2.845020,-1.475195,0.000000,0.000000,0.000000,0.000000,0.000000,0.000639,
1218580361.883917,1.096228,1.292986,-2.002051,2.634277,-1.369824,0.000000,0.000000,0.000000,0.000000,0.000000,0.000639,
1218580361.983917,1.096228,1.236770,-2.107422,2.634277,-1.475195,0.000000,0.000000,0.000000,0.000000,0.000000,0.000639,
1218580362.073918,1.152444,1.264878,-2.212793,2.845020,-1.369824,0.000000,0.000000,0.000000,0.000000,0.000000,0.000639,
1218580362.173919,1.096228,1.264878,-2.318164,2.634277,-1.580566,0.000000,0.000000,0.000000,0.000000,0.000000,0.000639,
1218580362.274134,1.152444,1.292986,-2.107422,2.739648,-1.475195,0.000000,0.000000,0.000000,0.000000,0.000000,0.000639,
1218580362.373978,1.096228,1.264878,-2.212793,2.739648,-1.475195,0.000000,0.000000,0.000000,0.000000,0.000000,0.000639,
1218580362.474164,1.096228,1.321095,-2.107422,2.845020,-1.475195,0.000000,0.000000,0.000000,0.000000,0.000000,0.000639,
1218580362.574165,1.124336,1.292986,-2.212793,2.739648,-1.475195,0.000000,0.000000,0.000000,0.000000,0.000000,0.000639,
1218580362.673917,1.096228,1.236770,-2.212793,2.739648,-1.475195,0.000000,0.000000,0.000000,0.000000,0.000000,0.000639,
1218580362.773917,1.096228,1.264878,-2.107422,2.739648,-1.369824,0.000000,0.000000,0.000000,0.000000,0.000000,0.000639,
1218580362.873917,1.096228,1.292986,-2.002051,2.634277,-1.369824,0.000000,0.000000,0.000000,0.000000,0.000000,0.000639,
1218580362.973917,1.152444,1.292986,-2.107422,2.845020,-1.475195,0.000000,0.000000,0.000000,0.000000,0.000000,0.000639,
1218580363.063948,1.096228,1.264878,-2.107422,2.634277,-1.475195,0.000000,0.000000,0.000000,0.000000,0.000000,0.000639,
1218580363.164135,1.068119,1.236770,-2.107422,2.845020,-1.369824,0.000000,0.000000,0.000000,0.000000,0.000000,0.000639,
1218580363.263948,1.096228,1.236770,-2.212793,2.739648,-1.475195,0.000000,0.000000,0.000000,0.000000,0.000000,0.000639,
1218580363.364196,1.068119,1.236770,-2.318164,2.739648,-1.475195,0.000000,0.000000,0.000000,0.000000,0.000000,0.000639,
1218580363.463973,1.152444,1.236770,-2.212793,2.845020,-1.475195,0.000000,0.000000,0.000000,0.000000,0.000000,0.000639,
1218580363.563917,1.124336,1.264878,-2.002051,2.739648,-1.369824,0.000000,0.000000,0.000000,0.000000,0.000000,0.000639,
1218580363.663917,1.068119,1.264878,-2.107422,2.739648,-1.580566,0.000000,0.000000,0.000000,0.000000,0.000000,0.000639,
1218580363.760304,1.152444,1.264878,-2.212793,2.845020,-1.580566,0.000000,0.000000,0.000000,0.000000,0.000000,0.000639,
1218580363.853917,1.152444,1.292986,-2.107422,2.634277,-1.369824,0.000000,0.000000,0.000000,0.000000,0.000000,0.000639,
1218580363.953918,1.152444,1.321095,-2.107422,2.845020,-1.475195,0.000000,0.000000,0.000000,0.000000,0.000000,0.000639,
1218580364.043925,1.068119,1.236770,-2.212793,2.739648,-1.475195,0.000000,0.000000,0.000000,0.000000,0.000000,0.000639,
1218580364.144170,1.096228,1.264878,-2.107422,2.739648,-1.475195,0.000000,0.000000,0.000000,0.000000,0.000000,0.000639,
1218580364.243964,1.068119,1.236770,-2.212793,2.845020,-1.580566,0.000000,0.000000,0.000000,0.000000,0.000000,0.000639,
1218580364.343951,1.124336,1.292986,-2.107422,2.634277,-1.475195,0.000000,0.000000,0.000000,0.000000,0.000000,0.000639,
1218580364.443917,1.152444,1.292986,-2.212793,2.739648,-1.475195,0.000000,0.000000,0.000000,0.000000,0.000000,0.000639,
1218580364.544126,1.068119,1.264878,-2.212793,2.845020,-1.475195,0.000000,0.000000,0.000000,0.000000,0.000000,0.000639,
1218580364.643917,1.152444,1.292986,-2.212793,2.739648,-1.369824,0.000000,0.000000,0.000000,0.000000,0.000000,0.000639,
1218580364.743917,1.068119,1.236770,-2.212793,2.634277,-1.475195,0.000000,0.000000,0.000000,0.000000,0.000000,0.000639,
1218580364.843918,1.096228,1.264878,-2.107422,2.845020,-1.475195,0.000000,0.000000,0.000000,0.000000,0.000000,0.000639,
1218580364.943918,1.096228,1.292986,-2.107422,2.634277,-1.475195,0.000000,0.000000,0.000000,0.000000,0.000000,0.000639,
1218580365.034108,1.068119,1.292986,-2.107422,2.739648,-1.369824,0.000000,0.000000,0.000000,0.000000,0.000000,0.000639,
1218580365.133951,1.124336,1.264878,-2.107422,2.739648,-1.369824,0.000000,0.000000,0.000000,0.000000,0.000000,0.000639,
1218580365.233951,1.124336,1.292986,-2.107422,2.739648,-1.475195,0.000000,0.000000,0.000000,0.000000,0.000000,0.000639,
1218580365.333917,1.096228,1.292986,-2.212793,2.739648,-1.369824,0.000000,0.000000,0.000000,0.000000,0.000000,0.000639,
1218580365.433917,1.124336,1.321095,-2.107422,2.845020,-1.475195,0.000000,0.000000,0.000000,0.000000,0.000000,0.000639,
1218580365.533917,1.096228,1.264878,-2.107422,2.845020,-1.475195,0.000000,0.000000,0.000000,0.000000,0.000000,0.000639,
1218580365.634127,1.068119,1.264878,-2.212793,2.739648,-1.475195,0.000000,0.000000,0.000000,0.000000,0.000000,0.000639,
1218580365.733919,1.096228,1.321095,-2.107422,2.739648,-1.475195,0.000000,0.000000,0.000000,0.000000,0.000000,0.000639,
1218580365.833923,1.124336,1.292986,-2.212793,2.739648,-1.475195,0.000000,0.000000,0.000000,0.000000,0.000000,0.000639,
1218580365.933948,1.096228,1.264878,-2.107422,2.634277,-1.475195,0.000000,0.000000,0.000000,0.000000,0.000000,0.000639,
1218580366.023951,1.096228,1.292986,-2.107422,2.845020,-1.475195,0.000000,0.000000,0.000000,0.000000,0.000000,0.000639,
1218580366.123951,1.180553,1.321095,-2.107422,2.739648,-1.475195,0.000000,0.000000,0.000000,0.000000,0.000000,0.000639,
1218580366.223917,1.068119,1.236770,-2.107422,2.845020,-1.369824,0.000000,0.000000,0.000000,0.000000,0.000000,0.000639,
1218580366.323918,1.124336,1.292986,-2.107422,2.739648,-1.475195,0.000000,0.000000,0.000000,0.000000,0.000000,0.000639,
1218580366.423917,1.096228,1.292986,-2.212793,2.634277,-1.475195,0.000000,0.000000,0.000000,0.000000,0.000000,0.000639,
1218580366.523917,1.124336,1.264878,-2.212793,2.739648,-1.369824,0.000000,0.000000,0.000000,0.000000,0.000000,0.000639,
1218580366.623917,1.096228,1.236770,-2.107422,2.845020,-1.475195,0.000000,0.000000,0.000000,0.000000,0.000000,0.000639,
1218580366.724138,1.096228,1.292986,-2.107422,2.739648,-1.475195,0.000000,0.000000,0.000000,0.000000,0.000000,0.000639,
1218580366.817727,1.096228,1.264878,-2.318164,2.739648,-1.475195,0.000000,0.000000,0.000000,0.000000,0.000000,0.000639,
1218580366.913957,1.068119,1.236770,-2.107422,2.845020,-1.369824,0.000000,0.000000,0.000000,0.000000,0.000000,0.000639,
1218580367.004115,1.096228,1.292986,-2.107422,2.739648,-1.369824,0.000000,0.000000,0.000000,0.000000,0.000000,0.000639,
1218580367.103917,1.152444,1.321095,-2.107422,2.845020,-1.369824,0.000000,0.000000,0.000000,0.000000,0.000000,0.000639,
1218580367.203917,1.068119,1.264878,-2.212793,2.950391,-1.475195,0.000000,0.000000,0.000000,0.000000,0.000000,0.000639,
1218580367.303917,1.180553,1.321095,-2.212793,2.634277,-1.369824,0.000000,0.000000,0.000000,0.000000,0.000000,0.000639,
1218580367.403917,1.068119,1.264878,-2.212793,2.845020,-1.580566,0.000000,0.000000,0.000000,0.000000,0.000000,0.000639,
1218580367.503918,1.124336,1.321095,-2.212793,2.845020,-1.475195,0.000000,0.000000,0.000000,0.000000,0.000000,0.000639,
1218580367.603918,1.180553,1.321095,-2.212793,2.845020,-1.475195,0.000000,0.000000,0.000000,0.000000,0.000000,0.000639,
1218580367.703947,1.096228,1.292986,-2.107422,2.739648,-1.580566,0.000000,0.000000,0.000000,0.000000,0.000000,0.000639,
1218580367.803923,1.180553,1.321095,-2.318164,2.950391,-1.580566,0.000000,0.000000,0.000000,0.000000,0.000000,0.000639,
1218580367.904189,1.152444,1.321095,-2.107422,2.950391,-1.369824,0.000000,0.000000,0.000000,0.000000,0.000000,0.000639,
1218580368.003919,1.152444,1.321095,-2.107422,2.739648,-1.475195,0.000000,0.000000,0.000000,0.000000,0.000000,0.000639,
1218580368.103917,1.124336,1.292986,-2.107422,2.739648,-1.369824,0.000000,0.000000,0.000000,0.000000,0.000000,0.000639,
1218580368.203917,1.124336,1.264878,-2.107422,2.845020,-1.475195,0.000000,0.000000,0.000000,0.000000,0.000000,0.000639,
1218580368.303917,1.152444,1.321095,-2.212793,2.739648,-1.369824,0.000000,0.000000,0.000000,0.000000,0.000000,0.000639,
1218580368.403923,1.152444,1.264878,-2.212793,2.950391,-1.475195,0.000000,0.000000,0.000000,0.000000,0.000000,0.000639,
1218580368.503923,1.124336,1.292986,-2.107422,2.739648,-1.475195,0.000000,0.000000,0.000000,0.000000,0.000000,0.000639,
1218580368.603977,1.124336,1.292986,-2.212793,2.845020,-1.580566,0.000000,0.000000,0.000000,0.000000,0.000000,0.000639,
1218580368.703917,1.124336,1.292986,-2.212793,2.634277,-1.580566,0.000000,0.000000,0.000000,0.000000,0.000000,0.000639,
1218580368.804106,1.208661,1.349203,-2.212793,2.739648,-1.580566,0.000000,0.000000,0.000000,0.000000,0.000000,0.000639,
1218580368.903918,1.152444,1.292986,-2.002051,2.528906,-1.264453,0.000000,0.000000,0.000000,0.000000,0.000000,0.000639,
1218580369.004332,0.758927,0.955686,-0.842969,1.475195,-0.210742,0.000000,0.000000,0.000000,0.000000,0.000000,0.000639,
1218580369.103923,0.787035,0.927577,-0.842969,1.475195,-0.210742,0.000000,0.000000,0.000000,0.000000,0.000000,0.000639,
1218580369.203923,0.758927,0.955686,-0.842969,1.369824,-0.210742,0.000000,0.000000,0.000000,0.000000,0.000000,0.000639,
1218580369.304129,0.730818,0.899469,-0.842969,1.475195,-0.105371,0.000000,0.000000,0.000000,0.000000,0.000000,0.000639,
1218580369.404130,0.702710,0.899469,-0.737598,1.475195,-0.105371,0.000000,0.000000,0.000000,0.000000,0.000000,0.000639,
1218580369.503986,0.787035,0.983794,-0.842969,1.369824,-0.210742,0.000000,0.000000,0.000000,0.000000,0.000000,0.000639,
1218580369.603959,0.815144,0.927577,-0.948340,1.580566,-0.105371,0.000000,0.000000,0.000000,0.000000,0.000000,0.000639,
1218580369.703948,0.843252,1.011902,-0.737598,1.475195,-0.105371,0.000000,0.000000,0.000000,0.000000,0.000000,0.000639,
1218580369.803918,0.787035,0.955686,-0.842969,1.580566,-0.210742,0.000000,0.000000,0.000000,0.000000,0.000000,0.000639,
1218580369.903917,0.730818,0.927577,-0.842969,1.369824,-0.105371,0.000000,0.000000,0.000000,0.000000,0.000000,0.000639,
1218580370.003920,0.730818,0.955686,-0.737598,1.475195,-0.105371,0.000000,0.000000,0.000000,0.000000,0.000000,0.000639,
1218580370.104136,0.730818,0.899469,-0.842969,1.475195,0.000000,0.000000,0.000000,0.000000,0.000000,0.000000,0.000639,
1218580370.203917,0.758927,0.927577,-0.842969,1.475195,-0.105371,0.000000,0.000000,0.000000,0.000000,0.000000,0.000639,
1218580370.303948,0.787035,0.955686,-0.842969,1.475195,-0.105371,0.000000,0.000000,0.000000,0.000000,0.000000,0.000639,
1218580370.404129,0.843252,0.983794,-0.842969,1.475195,-0.105371,0.000000,0.000000,0.000000,0.000000,0.000000,0.000639,
1218580370.503992,0.787035,0.955686,-0.842969,1.475195,-0.105371,0.000000,0.000000,0.000000,0.000000,0.000000,0.000639,
1218580370.603986,0.758927,0.927577,-0.842969,1.580566,-0.105371,0.000000,0.000000,0.000000,0.000000,0.000000,0.000639,
1218580370.703917,0.787035,0.927577,-0.948340,1.369824,-0.105371,0.000000,0.000000,0.000000,0.000000,0.000000,0.000639,
1218580370.803955,0.758927,0.955686,-0.842969,1.580566,-0.105371,0.000000,0.000000,0.000000,0.000000,0.000000,0.000639,
1218580370.900440,0.758927,0.927577,-0.948340,1.580566,-0.105371,0.000000,0.000000,0.000000,0.000000,0.000000,0.000639,
1218580370.993917,0.815144,0.927577,-0.842969,1.369824,-0.105371,0.000000,0.000000,0.000000,0.000000,0.000000,0.000639,
1218580371.083926,0.758927,0.927577,-0.737598,1.369824,0.000000,0.000000,0.000000,0.000000,0.000000,0.000000,0.000639,
1218580371.184116,0.787035,0.927577,-0.842969,1.369824,-0.105371,0.000000,0.000000,0.000000,0.000000,0.000000,0.000639,
1218580371.284124,0.730818,0.899469,-0.842969,1.369824,-0.105371,0.000000,0.000000,0.000000,0.000000,0.000000,0.000639,
1218580371.383918,0.815144,0.927577,-0.737598,1.369824,-0.105371,0.000000,0.000000,0.000000,0.000000,0.000000,0.000639,
1218580371.483948,0.730818,0.899469,-0.737598,1.475195,0.000000,0.000000,0.000000,0.000000,0.000000,0.000000,0.000639,
1218580371.583926,0.787035,0.899469,-0.842969,1.475195,-0.105371,0.000000,0.000000,0.000000,0.000000,0.000000,0.000639,
1218580371.683960,0.758927,0.927577,-0.842969,1.369824,-0.210742,0.000000,0.000000,0.000000,0.000000,0.000000,0.000639,
1218580371.783917,0.730818,0.899469,-0.842969,1.580566,-0.105371,0.000000,0.000000,0.000000,0.000000,0.000000,0.000639,
1218580371.883917,0.730818,0.927577,-0.842969,1.475195,-0.105371,0.000000,0.000000,0.000000,0.000000,0.000000,0.000639,
1218580371.983923,0.843252,0.955686,-0.737598,1.475195,-0.105371,0.000000,0.000000,0.000000,0.000000,0.000000,0.000639,
1218580372.074130,0.815144,0.927577,-0.842969,1.369824,0.000000,0.000000,0.000000,0.000000,0.000000,0.000000,0.000639,
1218580372.173962,0.730818,0.927577,-0.842969,1.475195,-0.105371,0.000000,0.000000,0.000000,0.000000,0.000000,0.000639,
1218580372.273956,0.815144,0.955686,-0.948340,1.475195,-0.105371,0.000000,0.000000,0.000000,0.000000,0.000000,0.000639,
1218580372.374132,0.787035,0.955686,-0.948340,1.369824,-0.105371,0.000000,0.000000,0.000000,0.000000,0.000000,0.000639,
1218580372.473923,0.787035,0.955686,-0.842969,1.475195,-0.105371,0.000000,0.000000,0.000000,0.000000,0.000000,0.000639,
1218580372.573963,0.730818,0.927577,-0.842969,1.580566,-0.105371,0.000000,0.000000,0.000000,0.000000,0.000000,0.000639,
1218580372.673917,0.815144,0.983794,-0.948340,1.580566,-0.105371,0.000000,0.000000,0.000000,0.000000,0.000000,0.000639,
1218580372.773917,0.758927,0.927577,-0.842969,1.475195,-0.105371,0.000000,0.000000,0.000000,0.000000,0.000000,0.000639,
1218580372.873917,0.787035,0.927577,-0.842969,1.369824,-0.210742,0.000000,0.000000,0.000000,0.000000,0.000000,0.000639,
1218580372.973918,0.730818,0.899469,-0.842969,1.475195,-0.210742,0.000000,0.000000,0.000000,0.000000,0.000000,0.000639,
1218580373.073918,0.815144,0.955686,-0.842969,1.369824,-0.105371,0.000000,0.000000,0.000000,0.000000,0.000000,0.000639,
1218580373.173918,0.758927,0.899469,-0.842969,1.580566,-0.210742,0.000000,0.000000,0.000000,0.000000,0.000000,0.000639,
1218580373.273926,0.730818,0.927577,-0.737598,1.369824,0.000000,0.000000,0.000000,0.000000,0.000000,0.000000,0.000639,
1218580373.373926,0.787035,0.927577,-0.842969,1.369824,0.000000,0.000000,0.000000,0.000000,0.000000,0.000000,0.000639,
1218580373.474204,0.730818,0.927577,-0.842969,1.369824,-0.105371,0.000000,0.000000,0.000000,0.000000,0.000000,0.000639,
1218580373.573951,0.787035,0.955686,-0.842969,1.369824,0.000000,0.000000,0.000000,0.000000,0.000000,0.000000,0.000639,
1218580373.673951,0.758927,0.955686,-0.737598,1.475195,-0.105371,0.000000,0.000000,0.000000,0.000000,0.000000,0.000639,
1218580373.773919,0.787035,0.955686,-0.948340,1.475195,-0.105371,0.000000,0.000000,0.000000,0.000000,0.000000,0.000639,
1218580373.873918,0.758927,0.955686,-0.842969,1.580566,-0.105371,0.000000,0.000000,0.000000,0.000000,0.000000,0.000639,
1218580373.973920,0.758927,0.955686,-0.842969,1.475195,-0.105371,0.000000,0.000000,0.000000,0.000000,0.000000,0.000639,
1218580374.073917,0.730818,0.955686,-0.842969,1.369824,-0.105371,0.000000,0.000000,0.000000,0.000000,0.000000,0.000639,
1218580374.173918,0.787035,0.927577,-0.737598,1.369824,-0.105371,0.000000,0.000000,0.000000,0.000000,0.000000,0.000639,
1218580374.273918,0.730818,0.927577,-0.842969,1.369824,0.000000,0.000000,0.000000,0.000000,0.000000,0.000000,0.000639,
1218580374.373948,0.815144,0.955686,-0.842969,1.475195,-0.105371,0.000000,0.000000,0.000000,0.000000,0.000000,0.000639,
1218580374.473923,0.730818,0.899469,-0.948340,1.475195,-0.105371,0.000000,0.000000,0.000000,0.000000,0.000000,0.000639,
1218580374.574172,0.758927,0.927577,-0.737598,1.475195,0.000000,0.000000,0.000000,0.000000,0.000000,0.000000,0.000639,
1218580374.673952,0.758927,0.899469,-0.842969,1.580566,-0.105371,0.000000,0.000000,0.000000,0.000000,0.000000,0.000639,
1218580374.773923,0.815144,0.983794,-0.737598,1.475195,-0.105371,0.000000,0.000000,0.000000,0.000000,0.000000,0.000639,
1218580374.873925,0.730818,0.927577,-0.737598,1.475195,-0.210742,0.000000,0.000000,0.000000,0.000000,0.000000,0.000639,
1218580374.965189,0.702710,0.927577,-0.842969,1.369824,-0.210742,0.000000,0.000000,0.000000,0.000000,0.000000,0.000639,
1218580375.063917,0.730818,0.899469,-0.842969,1.369824,-0.105371,0.000000,0.000000,0.000000,0.000000,0.000000,0.000639,
1218580375.163918,0.787035,0.927577,-0.737598,1.369824,-0.105371,0.000000,0.000000,0.000000,0.000000,0.000000,0.000639,
1218580375.263948,0.702710,0.927577,-0.842969,1.475195,-0.105371,0.000000,0.000000,0.000000,0.000000,0.000000,0.000639,
1218580375.363917,0.787035,0.955686,-0.737598,1.580566,0.000000,0.000000,0.000000,0.000000,0.000000,0.000000,0.000639,
1218580375.463958,0.730818,0.899469,-0.737598,1.264453,-0.105371,0.000000,0.000000,0.000000,0.000000,0.000000,0.000639,
1218580375.563923,0.815144,0.955686,-0.737598,1.580566,-0.105371,0.000000,0.000000,0.000000,0.000000,0.000000,0.000639,
1218580375.663952,0.702710,0.899469,-0.842969,1.369824,-0.105371,0.000000,0.000000,0.000000,0.000000,0.000000,0.000639,
1218580375.764139,0.730818,0.927577,-0.842969,1.369824,-0.105371,0.000000,0.000000,0.000000,0.000000,0.000000,0.000639,
1218580375.863981,0.730818,0.899469,-0.737598,1.475195,0.000000,0.000000,0.000000,0.000000,0.000000,0.000000,0.000639,
1218580375.963959,0.702710,0.899469,-0.737598,1.475195,-0.105371,0.000000,0.000000,0.000000,0.000000,0.000000,0.000639,
1218580376.063917,0.730818,0.927577,-0.842969,1.475195,-0.105371,0.000000,0.000000,0.000000,0.000000,0.000000,0.000639,
1218580376.163926,0.815144,0.899469,-0.842969,1.475195,-0.105371,0.000000,0.000000,0.000000,0.000000,0.000000,0.000639,
1218580376.263917,0.730818,0.899469,-0.737598,1.475195,0.000000,0.000000,0.000000,0.000000,0.000000,0.000000,0.000639,
1218580376.364107,0.758927,0.927577,-0.737598,1.369824,-0.105371,0.000000,0.000000,0.000000,0.000000,0.000000,0.000639,
1218580376.463918,0.730818,0.871360,-0.737598,1.369824,-0.105371,0.000000,0.000000,0.000000,0.000000,0.000000,0.000639,
1218580376.563924,0.787035,0.955686,-0.737598,1.475195,0.000000,0.000000,0.000000,0.000000,0.000000,0.000000,0.000639,
1218580376.663952,0.758927,0.899469,-0.737598,1.369824,0.000000,0.000000,0.000000,0.000000,0.000000,0.000000,0.000639,
1218580376.754962,0.815144,0.983794,-0.842969,1.264453,-0.105371,0.000000,0.000000,0.000000,0.000000,0.000000,0.000639,
1218580376.854253,0.758927,0.955686,-0.842969,1.475195,-0.105371,0.000000,0.000000,0.000000,0.000000,0.000000,0.000639,
1218580376.953917,0.730818,0.927577,-0.948340,1.580566,-0.105371,0.000000,0.000000,0.000000,0.000000,0.000000,0.000639,
1218580377.048351,0.843252,0.927577,-0.948340,1.475195,-0.210742,0.000000,0.000000,0.000000,0.000000,0.000000,0.000639,
1218580377.143918,0.815144,0.955686,-0.842969,1.369824,-0.210742,0.000000,0.000000,0.000000,0.000000,0.000000,0.000639,
1218580377.243964,0.702710,0.871360,-0.842969,1.475195,-0.105371,0.000000,0.000000,0.000000,0.000000,0.000000,0.000639,
1218580377.343950,0.787035,0.899469,-0.842969,1.475195,-0.105371,0.000000,0.000000,0.000000,0.000000,0.000000,0.000639,
1218580377.443923,0.702710,0.899469,-0.737598,1.475195,-0.105371,0.000000,0.000000,0.000000,0.000000,0.000000,0.000639,
1218580377.534997,0.758927,0.927577,-0.842969,1.475195,-0.105371,0.000000,0.000000,0.000000,0.000000,0.000000,0.000639,
1218580377.633917,0.787035,0.927577,-0.842969,1.369824,0.000000,0.000000,0.000000,0.000000,0.000000,0.000000,0.000639,
1218580377.733924,0.758927,0.955686,-0.842969,1.475195,0.000000,0.000000,0.000000,0.000000,0.000000,0.000000,0.000639,
1218580377.833917,0.758927,0.927577,-0.842969,1.475195,-0.105371,0.000000,0.000000,0.000000,0.000000,0.000000,0.000639,
1218580377.934133,0.758927,0.955686,-0.948340,1.685938,-0.105371,0.000000,0.000000,0.000000,0.000000,0.000000,0.000639,
1218580378.034147,0.758927,0.955686,-0.842969,1.475195,-0.105371,0.000000,0.000000,0.000000,0.000000,0.000000,0.000639,
1218580378.133965,0.787035,0.955686,-0.737598,1.369824,-0.210742,0.000000,0.000000,0.000000,0.000000,0.000000,0.000639,
1218580378.233924,0.815144,0.955686,-0.948340,1.580566,-0.210742,0.000000,0.000000,0.000000,0.000000,0.000000,0.000639,
1218580378.333918,0.730818,0.899469,-0.948340,1.369824,-0.105371,0.000000,0.000000,0.000000,0.000000,0.000000,0.000639,
1218580378.433925,0.758927,0.927577,-0.737598,1.475195,-0.105371,0.000000,0.000000,0.000000,0.000000,0.000000,0.000639,
1218580378.533944,0.730818,0.899469,-0.737598,1.369824,0.000000,0.000000,0.000000,0.000000,0.000000,0.000000,0.000639,
1218580378.633917,0.758927,0.927577,-0.842969,1.580566,0.000000,0.000000,0.000000,0.000000,0.000000,0.000000,0.000639,
1218580378.733918,0.730818,0.899469,-0.842969,1.475195,0.000000,0.000000,0.000000,0.000000,0.000000,0.000000,0.000639,
1218580378.833923,0.787035,0.955686,-0.842969,1.475195,-0.210742,0.000000,0.000000,0.000000,0.000000,0.000000,0.000639,
1218580378.933926,0.758927,0.927577,-0.842969,1.369824,-0.210742,0.000000,0.000000,0.000000,0.000000,0.000000,0.000639,
1218580379.023962,0.702710,0.899469,-0.737598,1.475195,-0.105371,0.000000,0.000000,0.000000,0.000000,0.000000,0.000639,
1218580379.124127,0.730818,0.927577,-0.842969,1.369824,-0.210742,0.000000,0.000000,0.000000,0.000000,0.000000,0.000639,
1218580379.223917,0.730818,0.955686,-0.842969,1.475195,-0.210742,0.000000,0.000000,0.000000,0.000000,0.000000,0.000639,
1218580379.323917,0.815144,0.983794,-0.842969,1.475195,0.000000,0.000000,0.000000,0.000000,0.000000,0.000000,0.000639,
1218580379.423917,0.730818,0.927577,-0.737598,1.475195,-0.105371,0.000000,0.000000,0.000000,0.000000,0.000000,0.000639,
1218580379.523917,0.758927,0.927577,-0.737598,1.475195,0.000000,0.000000,0.000000,0.000000,0.000000,0.000000,0.000639,
1218580379.623917,0.787035,0.927577,-0.842969,1.475195,0.000000,0.000000,0.000000,0.000000,0.000000,0.000000,0.000639,
1218580379.723918,0.815144,0.955686,-0.737598,1.369824,0.000000,0.000000,0.000000,0.000000,0.000000,0.000000,0.000639,
1218580379.823918,0.758927,0.899469,-0.737598,1.475195,-0.105371,0.000000,0.000000,0.000000,0.000000,0.000000,0.000639,
1218580379.924098,0.758927,0.927577,-0.737598,1.475195,-0.210742,0.000000,0.000000,0.000000,0.000000,0.000000,0.000639,
1218580380.023923,0.787035,0.955686,-0.842969,1.580566,-0.105371,0.000000,0.000000,0.000000,0.000000,0.000000,0.000639,
1218580380.123918,0.730818,0.927577,-0.842969,1.475195,-0.105371,0.000000,0.000000,0.000000,0.000000,0.000000,0.000639,
1218580380.215896,0.787035,0.927577,-0.842969,1.369824,-0.105371,0.000000,0.000000,0.000000,0.000000,0.000000,0.000639,
1218580380.313940,0.787035,0.955686,-0.842969,1.580566,-0.105371,0.000000,0.000000,0.000000,0.000000,0.000000,0.000639,
1218580380.413917,0.730818,0.927577,-0.842969,1.475195,-0.105371,0.000000,0.000000,0.000000,0.000000,0.000000,0.000639,
1218580380.513917,0.787035,0.927577,-0.842969,1.369824,-0.105371,0.000000,0.000000,0.000000,0.000000,0.000000,0.000639,
1218580380.613918,0.730818,0.899469,-0.737598,1.475195,-0.105371,0.000000,0.000000,0.000000,0.000000,0.000000,0.000639,
1218580380.713917,0.815144,0.955686,-0.842969,1.369824,0.000000,0.000000,0.000000,0.000000,0.000000,0.000000,0.000639,
1218580380.814096,0.730818,0.899469,-0.737598,1.264453,-0.210742,0.000000,0.000000,0.000000,0.000000,0.000000,0.000639,
1218580380.913923,0.815144,0.983794,-0.737598,1.475195,-0.210742,0.000000,0.000000,0.000000,0.000000,0.000000,0.000639,
1218580381.004099,0.758927,0.927577,-0.842969,1.369824,-0.210742,0.000000,0.000000,0.000000,0.000000,0.000000,0.000639,
1218580381.095245,0.758927,0.927577,-0.948340,1.475195,-0.105371,0.000000,0.000000,0.000000,0.000000,0.000000,0.000639,
1218580381.193917,0.758927,0.899469,-0.737598,1.369824,-0.210742,0.000000,0.000000,0.000000,0.000000,0.000000,0.000639,
1218580381.294124,0.787035,0.899469,-0.737598,1.369824,-0.105371,0.000000,0.000000,0.000000,0.000000,0.000000,0.000639,
1218580381.394147,0.758927,0.899469,-0.842969,1.475195,0.000000,0.000000,0.000000,0.000000,0.000000,0.000000,0.000639,
1218580381.493926,0.758927,0.927577,-0.737598,1.369824,0.000000,0.000000,0.000000,0.000000,0.000000,0.000000,0.000639,
1218580381.593925,0.758927,0.899469,-0.842969,1.369824,-0.105371,0.000000,0.000000,0.000000,0.000000,0.000000,0.000639,
1218580381.694112,0.758927,0.899469,-0.842969,1.369824,-0.105371,0.000000,0.000000,0.000000,0.000000,0.000000,0.000639,
1218580381.793951,0.787035,0.955686,-0.632227,1.475195,-0.105371,0.000000,0.000000,0.000000,0.000000,0.000000,0.000639,
1218580381.893925,0.758927,0.899469,-0.842969,1.369824,-0.105371,0.000000,0.000000,0.000000,0.000000,0.000000,0.000639,
1218580381.993923,0.758927,0.899469,-0.842969,1.264453,-0.105371,0.000000,0.000000,0.000000,0.000000,0.000000,0.000639,
1218580382.083958,0.730818,0.899469,-0.737598,1.475195,0.000000,0.000000,0.000000,0.000000,0.000000,0.000000,0.000639,
1218580382.183917,0.730818,0.927577,-0.948340,1.475195,-0.105371,0.000000,0.000000,0.000000,0.000000,0.000000,0.000639,
1218580382.283917,0.758927,0.955686,-0.842969,1.475195,-0.105371,0.000000,0.000000,0.000000,0.000000,0.000000,0.000639,
1218580382.383925,0.815144,0.955686,-0.842969,1.580566,-0.105371,0.000000,0.000000,0.000000,0.000000,0.000000,0.000639,
1218580382.484127,0.815144,0.955686,-0.948340,1.475195,-0.105371,0.000000,0.000000,0.000000,0.000000,0.000000,0.000639,
1218580382.584122,0.730818,0.899469,-0.842969,1.580566,-0.105371,0.000000,0.000000,0.000000,0.000000,0.000000,0.000639,
1218580382.683918,0.730818,0.899469,-0.842969,1.475195,-0.105371,0.000000,0.000000,0.000000,0.000000,0.000000,0.000639,
1218580382.783923,0.815144,0.983794,-0.737598,1.369824,-0.105371,0.000000,0.000000,0.000000,0.000000,0.000000,0.000639,
1218580382.883941,0.730818,0.899469,-0.842969,1.580566,-0.105371,0.000000,0.000000,0.000000,0.000000,0.000000,0.000639,
1218580382.983979,0.787035,0.927577,-0.842969,1.369824,-0.105371,0.000000,0.000000,0.000000,0.000000,0.000000,0.000639,
1218580383.083926,0.815144,0.955686,-0.948340,1.475195,-0.210742,0.000000,0.000000,0.000000,0.000000,0.000000,0.000639,
1218580383.178328,0.787035,0.955686,-0.842969,1.580566,-0.210742,0.000000,0.000000,0.000000,0.000000,0.000000,0.000639,
1218580383.273926,0.758927,0.927577,-0.842969,1.369824,0.000000,0.000000,0.000000,0.000000,0.000000,0.000000,0.000639,
1218580383.373942,0.787035,0.955686,-0.842969,1.369824,-0.105371,0.000000,0.000000,0.000000,0.000000,0.000000,0.000639,
1218580383.474108,0.730818,0.899469,-0.948340,1.580566,-0.105371,0.000000,0.000000,0.000000,0.000000,0.000000,0.000639,
1218580383.574141,0.815144,0.955686,-0.737598,1.475195,-0.105371,0.000000,0.000000,0.000000,0.000000,0.000000,0.000639,
1218580383.673927,0.787035,0.927577,-0.737598,1.369824,-0.105371,0.000000,0.000000,0.000000,0.000000,0.000000,0.000639,
1218580383.773918,0.787035,0.927577,-0.737598,1.475195,-0.105371,0.000000,0.000000,0.000000,0.000000,0.000000,0.000639,
1218580383.873917,0.758927,0.927577,-0.842969,1.264453,-0.105371,0.000000,0.000000,0.000000,0.000000,0.000000,0.000639,
1218580383.973917,0.730818,0.899469,-0.842969,1.580566,-0.105371,0.000000,0.000000,0.000000,0.000000,0.000000,0.000639,
1218580384.073917,0.730818,0.899469,-0.842969,1.475195,-0.210742,0.000000,0.000000,0.000000,0.000000,0.000000,0.000639,
1218580384.173917,0.843252,0.983794,-0.842969,1.475195,-0.105371,0.000000,0.000000,0.000000,0.000000,0.000000,0.000639,
1218580384.273917,0.758927,0.927577,-0.842969,1.475195,-0.105371,0.000000,0.000000,0.000000,0.000000,0.000000,0.000639,
1218580384.373952,0.787035,0.983794,-0.842969,1.475195,-0.105371,0.000000,0.000000,0.000000,0.000000,0.000000,0.000639,
1218580384.473923,0.730818,0.927577,-0.842969,1.580566,-0.210742,0.000000,0.000000,0.000000,0.000000,0.000000,0.000639,
1218580384.573963,0.815144,0.927577,-0.842969,1.475195,-0.105371,0.000000,0.000000,0.000000,0.000000,0.000000,0.000639,
1218580384.674128,0.815144,0.927577,-0.632227,1.475195,0.000000,0.000000,0.000000,0.000000,0.000000,0.000000,0.000639,
1218580384.773922,0.815144,0.955686,-0.842969,1.475195,-0.105371,0.000000,0.000000,0.000000,0.000000,0.000000,0.000639,
1218580384.873917,0.787035,0.927577,-0.737598,1.369824,-0.105371,0.000000,0.000000,0.000000,0.000000,0.000000,0.000639,
1218580384.973917,0.787035,0.955686,-0.737598,1.369824,-0.105371,0.000000,0.000000,0.000000,0.000000,0.000000,0.000639,
1218580385.073917,0.758927,0.983794,-0.948340,1.369824,-0.105371,0.000000,0.000000,0.000000,0.000000,0.000000,0.000639,
1218580385.173918,0.730818,0.899469,-0.842969,1.475195,-0.210742,0.000000,0.000000,0.000000,0.000000,0.000000,0.000639,
1218580385.273918,0.815144,0.955686,-0.948340,1.475195,-0.105371,0.000000,0.000000,0.000000,0.000000,0.000000,0.000639,
1218580385.373918,0.730818,0.955686,-0.842969,1.475195,-0.210742,0.000000,0.000000,0.000000,0.000000,0.000000,0.000639,
1218580385.473951,0.843252,0.983794,-0.737598,1.475195,0.000000,0.000000,0.000000,0.000000,0.000000,0.000000,0.000639,
1218580385.573924,0.758927,0.899469,-0.842969,1.580566,0.000000,0.000000,0.000000,0.000000,0.000000,0.000000,0.000639,
1218580385.673923,0.730818,0.899469,-0.842969,1.475195,-0.210742,0.000000,0.000000,0.000000,0.000000,0.000000,0.000639,
1218580385.774125,0.815144,0.955686,-0.842969,1.475195,-0.105371,0.000000,0.000000,0.000000,0.000000,0.000000,0.000639,
1218580385.874146,0.815144,0.955686,-0.842969,1.369824,-0.210742,0.000000,0.000000,0.000000,0.000000,0.000000,0.000639,
1218580385.973917,0.787035,0.899469,-0.842969,1.475195,-0.105371,0.000000,0.000000,0.000000,0.000000,0.000000,0.000639,
1218580386.073917,0.787035,0.927577,-0.842969,1.369824,-0.105371,0.000000,0.000000,0.000000,0.000000,0.000000,0.000639,
1218580386.173921,0.758927,0.927577,-0.842969,1.369824,-0.210742,0.000000,0.000000,0.000000,0.000000,0.000000,0.000639,
1218580386.273917,0.758927,0.955686,-0.842969,1.475195,0.000000,0.000000,0.000000,0.000000,0.000000,0.000000,0.000639,
1218580386.373925,0.787035,0.927577,-0.842969,1.369824,-0.105371,0.000000,0.000000,0.000000,0.000000,0.000000,0.000639,
1218580386.473926,0.758927,0.927577,-0.842969,1.264453,0.000000,0.000000,0.000000,0.000000,0.000000,0.000000,0.000639,
1218580386.574107,0.758927,0.927577,-0.842969,1.580566,-0.105371,0.000000,0.000000,0.000000,0.000000,0.000000,0.000639,
1218580386.673951,0.787035,0.927577,-0.948340,1.475195,-0.105371,0.000000,0.000000,0.000000,0.000000,0.000000,0.000639,
1218580386.773952,0.730818,0.955686,-0.842969,1.369824,-0.210742,0.000000,0.000000,0.000000,0.000000,0.000000,0.000639,
1218580386.873917,0.702710,0.927577,-0.842969,1.475195,-0.105371,0.000000,0.000000,0.000000,0.000000,0.000000,0.000639,
1218580386.974139,0.787035,0.955686,-0.842969,1.369824,0.000000,0.000000,0.000000,0.000000,0.000000,0.000000,0.000639,
1218580387.073917,0.815144,0.955686,-0.842969,1.475195,0.000000,0.000000,0.000000,0.000000,0.000000,0.000000,0.000639,
1218580387.173917,0.702710,0.927577,-0.842969,1.475195,-0.105371,0.000000,0.000000,0.000000,0.000000,0.000000,0.000639,
1218580387.273919,0.843252,0.983794,-0.842969,1.369824,-0.105371,0.000000,0.000000,0.000000,0.000000,0.000000,0.000639,
1218580387.373918,0.787035,0.899469,-0.737598,1.580566,-0.105371,0.000000,0.000000,0.000000,0.000000,0.000000,0.000639,
1218580387.473948,0.730818,0.927577,-0.948340,1.475195,-0.210742,0.000000,0.000000,0.000000,0.000000,0.000000,0.000639,
1218580387.573923,0.787035,0.927577,-0.842969,1.475195,-0.210742,0.000000,0.000000,0.000000,0.000000,0.000000,0.000639,
1218580387.673963,0.730818,0.899469,-0.737598,1.264453,0.000000,0.000000,0.000000,0.000000,0.000000,0.000000,0.000639,
1218580387.773918,0.843252,0.955686,-0.842969,1.475195,-0.105371,0.000000,0.000000,0.000000,0.000000,0.000000,0.000639,
1218580387.873917,0.730818,0.899469,-0.842969,1.580566,-0.105371,0.000000,0.000000,0.000000,0.000000,0.000000,0.000639,
1218580387.973918,0.730818,0.899469,-0.842969,1.475195,-0.105371,0.000000,0.000000,0.000000,0.000000,0.000000,0.000639,
1218580388.064127,0.730818,0.899469,-0.842969,1.475195,0.000000,0.000000,0.000000,0.000000,0.000000,0.000000,0.000639,
1218580388.163924,0.702710,0.871360,-0.842969,1.369824,-0.105371,0.000000,0.000000,0.000000,0.000000,0.000000,0.000639,
1218580388.263918,0.843252,0.955686,-0.948340,1.475195,-0.105371,0.000000,0.000000,0.000000,0.000000,0.000000,0.000639,
1218580388.363948,0.758927,0.899469,-0.842969,1.475195,-0.105371,0.000000,0.000000,0.000000,0.000000,0.000000,0.000639,
1218580388.463923,0.787035,0.955686,-0.842969,1.475195,-0.210742,0.000000,0.000000,0.000000,0.000000,0.000000,0.000639,
1218580388.563964,0.815144,0.927577,-0.842969,1.369824,-0.210742,0.000000,0.000000,0.000000,0.000000,0.000000,0.000639,
1218580388.663918,0.702710,0.899469,-0.842969,1.369824,0.000000,0.000000,0.000000,0.000000,0.000000,0.000000,0.000639,
1218580388.763917,0.730818,0.927577,-0.842969,1.369824,0.000000,0.000000,0.000000,0.000000,0.000000,0.000000,0.000639,
1218580388.863917,0.730818,0.927577,-0.737598,1.369824,-0.105371,0.000000,0.000000,0.000000,0.000000,0.000000,0.000639,
1218580388.963917,0.787035,0.899469,-0.842969,1.475195,0.000000,0.000000,0.000000,0.000000,0.000000,0.000000,0.000639,
1218580389.063917,0.758927,0.899469,-0.737598,1.369824,0.000000,0.000000,0.000000,0.000000,0.000000,0.000000,0.000639,
1218580389.164126,0.702710,0.899469,-0.737598,1.369824,-0.105371,0.000000,0.000000,0.000000,0.000000,0.000000,0.000639,
1218580389.263918,0.730818,0.899469,-0.842969,1.580566,0.000000,0.000000,0.000000,0.000000,0.000000,0.000000,0.000639,
1218580389.363919,0.815144,0.955686,-0.842969,1.475195,-0.105371,0.000000,0.000000,0.000000,0.000000,0.000000,0.000639,
1218580389.464100,0.787035,0.955686,-0.737598,1.475195,0.000000,0.000000,0.000000,0.000000,0.000000,0.000000,0.000639,
1218580389.563951,0.730818,0.927577,-0.737598,1.369824,-0.105371,0.000000,0.000000,0.000000,0.000000,0.000000,0.000639,
1218580389.663951,0.787035,0.955686,-0.948340,1.475195,-0.105371,0.000000,0.000000,0.000000,0.000000,0.000000,0.000639,
1218580389.763917,0.758927,0.927577,-0.737598,1.475195,0.000000,0.000000,0.000000,0.000000,0.000000,0.000000,0.000639,
1218580389.863942,0.730818,0.899469,-0.842969,1.475195,-0.210742,0.000000,0.000000,0.000000,0.000000,0.000000,0.000639,
1218580389.963917,0.702710,0.871360,-0.842969,1.369824,-0.105371,0.000000,0.000000,0.000000,0.000000,0.000000,0.000639,
1218580390.063920,0.815144,0.955686,-0.737598,1.369824,-0.105371,0.000000,0.000000,0.000000,0.000000,0.000000,0.000639,
1218580390.163918,0.702710,0.899469,-0.842969,1.475195,-0.105371,0.000000,0.000000,0.000000,0.000000,0.000000,0.000639,
1218580390.264125,0.758927,0.899469,-0.737598,1.475195,-0.105371,0.000000,0.000000,0.000000,0.000000,0.000000,0.000639,
1218580390.364288,0.730818,0.927577,-0.842969,1.475195,-0.105371,0.000000,0.000000,0.000000,0.000000,0.000000,0.000639,
1218580390.463926,0.787035,0.927577,-0.737598,1.369824,-0.105371,0.000000,0.000000,0.000000,0.000000,0.000000,0.000639,
1218580390.564110,0.730818,0.927577,-0.842969,1.580566,0.000000,0.000000,0.000000,0.000000,0.000000,0.000000,0.000639,
1218580390.663951,0.815144,0.927577,-0.842969,1.369824,-0.105371,0.000000,0.000000,0.000000,0.000000,0.000000,0.000639,
1218580390.763951,0.730818,0.871360,-0.842969,1.580566,-0.105371,0.000000,0.000000,0.000000,0.000000,0.000000,0.000639,
1218580390.863917,0.758927,0.899469,-0.842969,1.369824,0.000000,0.000000,0.000000,0.000000,0.000000,0.000000,0.000639,
1218580390.963917,0.702710,0.899469,-0.842969,1.475195,-0.210742,0.000000,0.000000,0.000000,0.000000,0.000000,0.000639,
1218580391.063917,0.815144,0.927577,-0.842969,1.369824,0.000000,0.000000,0.000000,0.000000,0.000000,0.000000,0.000639,
1218580391.163917,0.787035,0.899469,-0.737598,1.369824,-0.105371,0.000000,0.000000,0.000000,0.000000,0.000000,0.000639,
1218580391.263919,0.815144,0.955686,-0.737598,1.264453,0.000000,0.000000,0.000000,0.000000,0.000000,0.000000,0.000639,
1218580391.363918,0.730818,0.927577,-0.737598,1.475195,-0.105371,0.000000,0.000000,0.000000,0.000000,0.000000,0.000639,
1218580391.464135,0.787035,0.899469,-0.842969,1.475195,-0.210742,0.000000,0.000000,0.000000,0.000000,0.000000,0.000639,
1218580391.563923,0.758927,0.927577,-0.737598,1.369824,-0.105371,0.000000,0.000000,0.000000,0.000000,0.000000,0.000639,
1218580391.663963,0.702710,0.899469,-0.948340,1.369824,-0.105371,0.000000,0.000000,0.000000,0.000000,0.000000,0.000639,
1218580391.763918,0.787035,0.927577,-0.842969,1.369824,-0.105371,0.000000,0.000000,0.000000,0.000000,0.000000,0.000639,
1218580391.864148,0.730818,0.899469,-0.737598,1.369824,-0.105371,0.000000,0.000000,0.000000,0.000000,0.000000,0.000639,
1218580391.963917,0.787035,0.955686,-0.632227,1.369824,0.000000,0.000000,0.000000,0.000000,0.000000,0.000000,0.000639,
1218580392.054168,0.787035,0.983794,-0.842969,1.580566,-0.210742,0.000000,0.000000,0.000000,0.000000,0.000000,0.000639,
1218580392.153918,0.758927,0.899469,-0.842969,1.475195,-0.210742,0.000000,0.000000,0.000000,0.000000,0.000000,0.000639,
1218580392.254122,0.787035,0.899469,-0.842969,1.580566,-0.105371,0.000000,0.000000,0.000000,0.000000,0.000000,0.000639,