# Created by Octave 3.0.0, Fri Aug 15 00:29:30 2008 PDT <michael@michael-laptop>
# name: my_data
# type: matrix
# rows: 1391
# columns: 10
 -3.687988 1.685938 -14.014355 0.421626 3.063815 0 0 0 0 0
 -3.161133 0.94834 -13.171387 0.16865 2.670298 0 0 0 0 1.0802
 -3.266504 1.053711 -11.380078 0.084325 2.417322 0 0 0 0 1.2275
 -4.530957 0.316113 -10.853223 0.16865 2.473539 0 0 0 0 1.5221
 -5.584668 0.316113 -10.64248 0.140542 2.557864 0 0 0 0 1.473
 -6.111523 0.737598 -10.431738 0.140542 2.670298 0 0 0 0 1.2275
 -6.638379 0.842969 -10.853223 0.196759 2.726515 0 0 0 0 0.8347
 -6.849121 1.159082 -10.958594 0.421626 2.895165 0 0 0 0 0.5401
 -7.059863 1.369824 -10.958594 0.281084 2.895165 0 0 0 0 0.2946
 -7.059863 1.475195 -10.747852 0.337301 2.97949 0 0 0 0 0.1473
 -6.954492 1.264453 -11.063965 0.337301 3.007599 0 0 0 0 0.0491
 -6.638379 1.580566 -11.169336 0.337301 2.951382 0 0 0 0 0
 -6.74375 1.475195 -10.958594 0.337301 3.007599 0 0 0 0 0
 -6.322266 1.369824 -10.747852 0.309192 2.838948 0 0 0 0 0.0491
 -6.427637 1.369824 -10.853223 0.309192 2.838948 0 0 0 0 0.0491
 -6.216895 1.369824 -11.169336 0.252976 2.867057 0 0 0 0 0.1473
 -5.900781 1.264453 -10.958594 0.224867 2.782731 0 0 0 0 0.2455
 -5.900781 1.369824 -11.274707 0.224867 2.81084 0 0 0 0 0.2455
 -6.216895 1.264453 -11.063965 0.309192 2.782731 0 0 0 0 0.2946
 -6.216895 1.369824 -11.274707 0.196759 2.951382 0 0 0 0 0.3437
 -5.584668 1.369824 -11.380078 0.196759 2.838948 0 0 0 0 0.3928
 -5.268555 1.580566 -11.485449 0.140542 2.81084 0 0 0 0 0.4419
 -5.268555 1.791309 -11.59082 0.112434 2.754623 0 0 0 0 0.5401
 -5.163184 1.580566 -11.801563 0.16865 2.754623 0 0 0 0 0.5891999999999999
 -4.741699 1.791309 -11.485449 0.16865 2.642189 0 0 0 0 0.6874
 -3.793359 1.475195 -12.012305 0.196759 2.614081 0 0 0 0 0.8347
 -3.793359 1.053711 -11.801563 0.140542 2.614081 0 0 0 0 0.8838
 -3.89873 1.159082 -11.59082 0.084325 2.529756 0 0 0 0 1.0802
 -3.582617 1.369824 -12.012305 0.112434 2.585973 0 0 0 0 1.1784
 -3.793359 1.264453 -11.59082 0.112434 2.557864 0 0 0 0 1.2275
 -3.477246 1.053711 -11.801563 0.112434 2.529756 0 0 0 0 1.3257
 -3.793359 1.053711 -11.380078 0.028108 2.529756 0 0 0 0 1.3257
 -3.582617 1.264453 -11.59082 0.056217 2.557864 0 0 0 0 1.3748
 -4.109473 1.475195 -11.59082 0 2.501647 0 0 0 0 1.3748
 -3.266504 1.369824 -12.117676 0.028108 2.557864 0 0 0 0 1.3748
 -3.582617 1.580566 -11.59082 -0.056217 2.585973 0 0 0 0 1.3748
 -3.266504 1.580566 -11.906934 -0.056217 2.642189 0 0 0 0 1.4239
 -3.371875 1.685938 -11.59082 -0.112434 2.642189 0 0 0 0 1.4239
 -3.477246 2.002051 -11.801563 -0.056217 2.670298 0 0 0 0 1.4239
 -3.687988 2.528906 -11.485449 0 2.698406 0 0 0 0 1.3748
 -3.793359 2.212793 -12.117676 0.056217 2.698406 0 0 0 0 1.4239
 -3.266504 2.739648 -11.696191 0.056217 2.754623 0 0 0 0 1.3748
 -3.687988 2.528906 -11.485449 0.196759 2.726515 0 0 0 0 1.3748
 -3.687988 2.950391 -12.433789 0.309192 2.782731 0 0 0 0 1.4239
 -3.371875 2.528906 -12.328418 0.337301 2.726515 0 0 0 0 1.3748
 -3.477246 2.634277 -11.696191 0.393518 2.698406 0 0 0 0 1.473
 -3.793359 2.423535 -12.117676 0.365409 2.698406 0 0 0 0 1.4239
 -3.582617 2.318164 -11.906934 0.393518 2.670298 0 0 0 0 1.5221
 -3.161133 1.685938 -11.801563 0.393518 2.585973 0 0 0 0 1.5221
 -3.477246 1.685938 -11.801563 0.365409 2.642189 0 0 0 0 1.5221
 -3.477246 1.685938 -12.855273 0.337301 2.585973 0 0 0 0 1.5221
 -3.477246 1.264453 -11.801563 0.252976 2.529756 0 0 0 0 1.5712
 -3.371875 0.94834 -12.117676 0.224867 2.417322 0 0 0 0 1.5221
 -3.371875 0.842969 -11.906934 0.196759 2.417322 0 0 0 0 1.5712
 -3.371875 0.632227 -11.801563 0.112434 2.417322 0 0 0 0 1.5221
 -3.371875 0.421484 -11.906934 0.056217 2.473539 0 0 0 0 1.5221
 -3.266504 0.421484 -11.696191 0.056217 2.473539 0 0 0 0 1.5221
 -3.266504 0.842969 -11.906934 -0.084325 2.473539 0 0 0 0 1.473
 -3.793359 0.737598 -11.696191 -0.056217 2.501647 0 0 0 0 1.5221
 -3.793359 1.159082 -11.801563 -0.140542 2.529756 0 0 0 0 1.473
 -3.371875 1.264453 -12.117676 -0.056217 2.557864 0 0 0 0 1.473
 -3.266504 1.475195 -11.906934 -0.056217 2.557864 0 0 0 0 1.473
 -3.266504 1.685938 -11.696191 -0.028108 2.557864 0 0 0 0 1.473
 -3.371875 1.791309 -11.696191 0 2.557864 0 0 0 0 1.473
 -3.477246 1.791309 -12.117676 0.028108 2.585973 0 0 0 0 1.5221
 -3.582617 1.580566 -12.012305 0.112434 2.585973 0 0 0 0 1.5712
 -3.161133 1.580566 -11.906934 0.056217 2.614081 0 0 0 0 1.5221
 -3.161133 2.212793 -11.906934 0.056217 2.642189 0 0 0 0 1.5712
 -3.055762 1.475195 -11.485449 0.084325 2.557864 0 0 0 0 1.5712
 -3.89873 1.89668 -12.223047 0.16865 2.614081 0 0 0 0 1.5712
 -3.266504 1.685938 -11.906934 0.16865 2.585973 0 0 0 0 1.5221
 -3.161133 1.791309 -12.328418 0.16865 2.642189 0 0 0 0 1.5712
 -3.371875 2.002051 -12.117676 0.252976 2.642189 0 0 0 0 1.5712
 -3.055762 1.369824 -12.328418 0.224867 2.557864 0 0 0 0 1.5221
 -3.161133 1.264453 -11.59082 0.140542 2.529756 0 0 0 0 1.6203
 -3.055762 1.369824 -12.117676 0.084325 2.557864 0 0 0 0 1.5221
 -3.477246 1.264453 -12.117676 0.084325 2.529756 0 0 0 0 1.5712
 -2.950391 1.580566 -11.801563 0.056217 2.614081 0 0 0 0 1.5712
 -3.582617 1.475195 -12.328418 0.084325 2.557864 0 0 0 0 1.5221
 -3.371875 1.580566 -12.117676 0.140542 2.585973 0 0 0 0 1.5712
 -3.266504 1.791309 -11.906934 0.224867 2.557864 0 0 0 0 1.5712
 -3.266504 1.369824 -12.117676 0.281084 2.501647 0 0 0 0 1.6203
 -3.055762 0.94834 -11.696191 0.224867 2.501647 0 0 0 0 1.6203
 -3.266504 1.475195 -12.012305 0.224867 2.501647 0 0 0 0 1.6694
 -2.84502 1.053711 -12.117676 0.224867 2.473539 0 0 0 0 1.7676
 -2.84502 0.94834 -12.012305 0.084325 2.473539 0 0 0 0 1.6694
 -2.84502 0.737598 -11.59082 0.056217 2.445431 0 0 0 0 1.6694
 -2.528906 0.632227 -12.433789 0.028108 2.445431 0 0 0 0 1.7185
 -2.950391 1.159082 -12.012305 -0.028108 2.473539 0 0 0 0 1.7185
 -2.950391 0.94834 -12.012305 0 2.445431 0 0 0 0 1.6203
 -3.582617 1.369824 -11.59082 0.084325 2.445431 0 0 0 0 1.6694
 -4.004102 1.053711 -11.906934 0.028108 2.473539 0 0 0 0 1.6203
 -2.84502 0.842969 -12.012305 0.112434 2.417322 0 0 0 0 1.5712
 -3.477246 1.369824 -12.223047 0.16865 2.698406 0 0 0 0 1.5712
 -3.582617 1.685938 -12.328418 0.16865 2.754623 0 0 0 0 1.5712
 -3.161133 1.580566 -11.801563 0.140542 2.670298 0 0 0 0 1.6694
 -3.266504 1.264453 -12.433789 0.084325 2.726515 0 0 0 0 1.6203
 -3.266504 1.475195 -12.223047 0.028108 2.698406 0 0 0 0 1.6694
 -2.950391 1.89668 -12.328418 0.028108 2.726515 0 0 0 0 1.6694
 -3.161133 2.107422 -12.433789 0.056217 2.754623 0 0 0 0 1.6694
 -3.793359 2.212793 -11.906934 0.084325 2.81084 0 0 0 0 1.6694
 -3.477246 2.84502 -12.644531 0.084325 2.895165 0 0 0 0 1.6203
 -3.161133 2.528906 -12.433789 0.084325 2.838948 0 0 0 0 1.6203
 -3.793359 2.739648 -12.117676 0.140542 2.923273 0 0 0 0 1.6203
 -3.793359 2.84502 -11.59082 0.140542 2.838948 0 0 0 0 1.5712
 -4.004102 3.582617 -12.117676 0.224867 2.923273 0 0 0 0 1.6203
 -3.371875 3.161133 -12.53916 0.337301 2.867057 0 0 0 0 1.5712
 -2.318164 3.161133 -11.801563 0.421626 2.81084 0 0 0 0 1.6203
 -3.371875 2.950391 -12.117676 0.421626 2.81084 0 0 0 0 1.6203
 -4.004102 2.950391 -12.328418 0.365409 2.867057 0 0 0 0 1.6203
 -3.055762 2.739648 -12.117676 0.365409 2.867057 0 0 0 0 1.7185
 -3.793359 2.634277 -12.433789 0.365409 2.838948 0 0 0 0 1.6203
 -3.371875 2.634277 -12.644531 0.365409 2.867057 0 0 0 0 1.7185
 -3.371875 2.739648 -12.433789 0.309192 2.81084 0 0 0 0 1.6203
 -2.739648 2.634277 -13.803613 0.365409 2.782731 0 0 0 0 1.7185
 -3.477246 2.739648 -12.749902 0.365409 2.838948 0 0 0 0 1.7185
 -3.477246 2.634277 -12.223047 0.309192 2.867057 0 0 0 0 1.6694
 -3.055762 2.528906 -13.382129 0.281084 2.782731 0 0 0 0 1.7676
 -2.950391 2.634277 -12.433789 0.365409 2.726515 0 0 0 0 1.7185
 -2.950391 2.739648 -12.433789 0.309192 2.642189 0 0 0 0 1.7676
 -3.055762 1.89668 -13.066016 0.477843 2.642189 0 0 0 0 1.8167
 -2.528906 2.107422 -11.906934 0.449734 2.642189 0 0 0 0 1.7676
 -2.950391 1.685938 -12.53916 0.365409 2.585973 0 0 0 0 1.8167
 -3.266504 1.89668 -12.53916 0.393518 2.557864 0 0 0 0 1.7676
 -2.84502 1.580566 -12.012305 0.365409 2.642189 0 0 0 0 1.7676
 -3.582617 1.369824 -12.644531 0.252976 2.670298 0 0 0 0 1.7676
 -3.371875 1.475195 -12.223047 0.252976 2.557864 0 0 0 0 1.7676
 -3.793359 1.159082 -12.433789 0.252976 2.642189 0 0 0 0 1.7185
 -3.793359 1.475195 -12.117676 0.224867 2.698406 0 0 0 0 1.7185
 -3.266504 1.580566 -12.328418 0.196759 2.670298 0 0 0 0 1.7185
 -3.266504 1.264453 -12.012305 0.196759 2.642189 0 0 0 0 1.6203
 -3.055762 1.475195 -12.223047 0.16865 2.670298 0 0 0 0 1.6694
 -3.687988 1.685938 -12.433789 0.140542 2.698406 0 0 0 0 1.6694
 -3.687988 1.369824 -12.223047 0.196759 2.642189 0 0 0 0 1.6694
 -4.004102 1.791309 -12.328418 0.16865 2.726515 0 0 0 0 1.6694
 -3.687988 1.89668 -12.117676 0.224867 2.670298 0 0 0 0 1.6203
 -3.477246 1.475195 -12.749902 0.196759 2.726515 0 0 0 0 1.6203
 -3.89873 2.107422 -12.433789 0.224867 2.698406 0 0 0 0 1.6203
 -3.582617 2.318164 -12.117676 0.224867 2.698406 0 0 0 0 1.5712
 -3.793359 1.791309 -12.433789 0.281084 2.754623 0 0 0 0 1.6203
 -3.371875 1.580566 -11.906934 0.140542 2.726515 0 0 0 0 1.5712
 -3.793359 2.107422 -12.223047 0.196759 2.754623 0 0 0 0 1.6203
 -3.687988 2.318164 -12.328418 0.196759 2.754623 0 0 0 0 1.6203
 -3.371875 2.212793 -12.749902 0.196759 2.782731 0 0 0 0 1.6694
 -3.89873 2.423535 -12.223047 0.196759 2.726515 0 0 0 0 1.6694
 -3.477246 2.318164 -12.644531 0.252976 2.782731 0 0 0 0 1.6694
 -2.84502 2.002051 -12.960645 0.252976 2.782731 0 0 0 0 1.7185
 -3.161133 2.318164 -12.644531 0.281084 2.754623 0 0 0 0 1.7185
 -2.739648 2.212793 -12.223047 0.281084 2.726515 0 0 0 0 1.7676
 -3.055762 2.212793 -12.644531 0.421626 2.642189 0 0 0 0 1.8167
 -3.161133 1.685938 -12.328418 0.393518 2.670298 0 0 0 0 1.8167
 -3.161133 1.159082 -12.53916 0.365409 2.614081 0 0 0 0 1.8167
 -3.161133 1.685938 -12.328418 0.393518 2.585973 0 0 0 0 1.8658
 -3.371875 1.159082 -12.53916 0.309192 2.585973 0 0 0 0 1.8658
 -3.266504 2.318164 -13.276758 0.53406 2.81084 0 0 0 0 1.8167
 -2.950391 1.475195 -12.223047 0.337301 2.557864 0 0 0 0 1.8167
 -2.634277 0.94834 -12.53916 0.337301 2.614081 0 0 0 0 1.8658
 -3.161133 1.264453 -12.960645 0.505951 2.670298 0 0 0 0 1.8658
 -2.950391 0.632227 -12.53916 0.224867 2.585973 0 0 0 0 1.8167
 -3.266504 0.632227 -12.53916 0.112434 2.670298 0 0 0 0 1.8167
 -3.371875 0.842969 -12.223047 0.112434 2.501647 0 0 0 0 1.7185
 -3.582617 1.053711 -11.801563 0.084325 2.614081 0 0 0 0 1.7676
 -3.687988 1.159082 -12.960645 0.028108 2.642189 0 0 0 0 1.7185
 -3.582617 1.264453 -11.906934 0.112434 2.642189 0 0 0 0 1.6694
 -3.371875 1.580566 -12.223047 0 2.698406 0 0 0 0 1.7185
 -3.582617 1.475195 -12.433789 0.084325 2.670298 0 0 0 0 1.6694
 -2.950391 1.475195 -13.171387 -0.028108 2.726515 0 0 0 0 1.7676
 -3.477246 2.002051 -12.223047 0.084325 2.726515 0 0 0 0 1.7185
 -3.477246 2.107422 -12.328418 0.112434 2.754623 0 0 0 0 1.7676
 -3.161133 2.528906 -12.749902 0.112434 2.782731 0 0 0 0 1.8167
 -3.266504 2.423535 -12.012305 0.140542 2.782731 0 0 0 0 1.8167
 -2.950391 2.84502 -12.223047 0.140542 2.81084 0 0 0 0 1.8167
 -2.950391 2.950391 -12.328418 0.252976 2.782731 0 0 0 0 1.8167
 -2.84502 2.634277 -12.53916 0.281084 2.782731 0 0 0 0 1.8658
 -2.739648 2.107422 -12.012305 0.224867 2.782731 0 0 0 0 1.8167
 -3.266504 2.528906 -12.012305 0.281084 2.81084 0 0 0 0 1.8658
 -2.84502 2.318164 -12.855273 0.224867 2.726515 0 0 0 0 1.9149
 -2.423535 2.318164 -12.117676 0.196759 2.754623 0 0 0 0 1.9149
 -2.950391 2.950391 -12.960645 0.252976 2.81084 0 0 0 0 1.8658
 -2.739648 2.634277 -11.906934 0.252976 2.782731 0 0 0 0 1.9149
 -3.055762 2.739648 -12.53916 0.309192 2.81084 0 0 0 0 1.9149
 -2.528906 2.634277 -12.117676 0.281084 2.754623 0 0 0 0 1.9149
 -2.634277 2.528906 -12.53916 0.252976 2.726515 0 0 0 0 1.9149
 -2.212793 2.528906 -12.223047 0.224867 2.698406 0 0 0 0 2.0131
 -2.423535 2.528906 -12.328418 0.337301 2.670298 0 0 0 0 2.0131
 -2.528906 2.212793 -12.855273 0.309192 2.698406 0 0 0 0 2.0131
 -3.266504 1.685938 -11.801563 0.365409 2.698406 0 0 0 0 2.0622
 -2.739648 1.791309 -11.906934 0.281084 2.614081 0 0 0 0 2.0622
 -2.84502 1.369824 -13.171387 0.252976 2.585973 0 0 0 0 2.0622
 -2.634277 1.369824 -11.59082 0.281084 2.529756 0 0 0 0 2.0131
 -3.055762 1.369824 -12.855273 0.224867 2.557864 0 0 0 0 2.0131
 -1.685938 1.791309 -11.696191 0.16865 2.670298 0 0 0 0 2.0131
 -2.318164 1.475195 -13.171387 0.16865 2.585973 0 0 0 0 1.964
 -2.950391 1.580566 -11.906934 0.140542 2.585973 0 0 0 0 1.964
 -2.739648 1.580566 -12.53916 0.084325 2.642189 0 0 0 0 1.964
 -2.634277 1.791309 -12.328418 0.028108 2.614081 0 0 0 0 1.964
 -2.318164 1.791309 -12.328418 0.112434 2.670298 0 0 0 0 1.9149
 -2.634277 2.002051 -12.749902 0.056217 2.670298 0 0 0 0 1.964
 -2.84502 1.791309 -12.433789 0.140542 2.698406 0 0 0 0 1.964
 -3.055762 2.107422 -12.012305 0.112434 2.642189 0 0 0 0 1.9149
 -2.950391 2.002051 -12.117676 0.16865 2.670298 0 0 0 0 1.964
 -3.266504 1.89668 -11.696191 0.16865 2.642189 0 0 0 0 1.9149
 -3.161133 2.107422 -12.328418 0.224867 2.726515 0 0 0 0 1.8658
 -3.055762 2.528906 -12.644531 0.252976 2.726515 0 0 0 0 1.8658
 -2.950391 2.318164 -11.801563 0.224867 2.754623 0 0 0 0 1.8167
 -3.161133 1.791309 -12.749902 0.224867 2.726515 0 0 0 0 1.8167
 -2.84502 2.528906 -13.066016 0.112434 2.754623 0 0 0 0 1.8658
 -3.582617 1.053711 -11.906934 0.140542 2.951382 0 0 0 0 1.8658
 -2.528906 2.528906 -11.906934 0.140542 2.782731 0 0 0 0 1.8658
 -2.739648 2.84502 -12.433789 0.084325 2.867057 0 0 0 0 1.964
 -2.318164 3.055762 -11.906934 0.084325 2.838948 0 0 0 0 1.9149
 -2.84502 2.634277 -12.749902 0.224867 2.81084 0 0 0 0 1.964
 -3.371875 2.950391 -12.433789 0.224867 2.867057 0 0 0 0 1.964
 -2.634277 3.371875 -11.906934 0.224867 2.867057 0 0 0 0 1.9149
 -2.528906 3.371875 -12.223047 0.309192 2.81084 0 0 0 0 1.9149
 -2.528906 2.950391 -12.855273 0.393518 2.81084 0 0 0 0 1.964
 -2.318164 2.739648 -12.328418 0.449734 2.754623 0 0 0 0 2.0131
 -1.791309 2.739648 -12.855273 0.393518 2.726515 0 0 0 0 2.0131
 -2.634277 2.318164 -12.433789 0.421626 2.642189 0 0 0 0 2.0131
 -3.161133 2.212793 -12.433789 0.53406 2.670298 0 0 0 0 2.0131
 -2.528906 1.685938 -11.906934 0.477843 2.557864 0 0 0 0 2.0131
 -2.84502 1.580566 -12.223047 0.449734 2.529756 0 0 0 0 1.964
 -3.161133 1.053711 -12.53916 0.421626 2.529756 0 0 0 0 2.0131
 -3.055762 1.580566 -12.223047 0.477843 2.642189 0 0 0 0 2.0131
 -3.161133 0.526855 -12.644531 0.337301 2.417322 0 0 0 0 1.964
 -2.002051 0.421484 -12.328418 0.140542 2.501647 0 0 0 0 1.964
 -2.528906 0.632227 -12.223047 0.140542 2.501647 0 0 0 0 2.0131
 -2.739648 0.842969 -12.117676 0.028108 2.557864 0 0 0 0 2.0131
 -2.634277 0.94834 -12.855273 0 2.501647 0 0 0 0 1.964
 -2.84502 1.475195 -11.801563 -0.112434 2.585973 0 0 0 0 2.0131
 -2.634277 1.685938 -12.433789 -0.084325 2.670298 0 0 0 0 2.0131
 -3.477246 1.89668 -12.433789 -0.028108 2.698406 0 0 0 0 1.9149
 -2.84502 1.89668 -12.012305 -0.028108 2.698406 0 0 0 0 1.964
 -2.423535 2.634277 -12.223047 -0.056217 2.782731 0 0 0 0 1.964
 -2.528906 2.84502 -12.012305 0 2.81084 0 0 0 0 1.964
 -2.634277 2.950391 -12.328418 0 2.838948 0 0 0 0 2.0131
 -2.739648 3.371875 -11.801563 0.16865 2.867057 0 0 0 0 2.0131
 -2.739648 3.687988 -12.749902 0.196759 2.97949 0 0 0 0 2.0622
 -2.950391 3.477246 -12.960645 0.252976 2.97949 0 0 0 0 2.0131
 -2.212793 3.055762 -11.696191 0.309192 2.867057 0 0 0 0 2.0131
 -2.212793 3.477246 -11.906934 0.365409 2.81084 0 0 0 0 2.0622
 -2.739648 3.161133 -12.749902 0.505951 2.81084 0 0 0 0 2.0622
 -2.634277 3.161133 -12.53916 0.618385 2.754623 0 0 0 0 2.1113
 -1.89668 2.423535 -11.906934 0.618385 2.698406 0 0 0 0 2.0622
 -2.634277 1.580566 -12.53916 0.618385 2.614081 0 0 0 0 2.1113
 -2.528906 1.159082 -12.960645 0.646493 2.473539 0 0 0 0 2.1604
 -2.318164 0.737598 -11.801563 0.562168 2.417322 0 0 0 0 2.1113
 -2.107422 0.316113 -12.012305 0.449734 2.361105 0 0 0 0 2.1604
 -2.634277 -0.105371 -11.801563 0.337301 2.304889 0 0 0 0 2.1113
 -3.161133 0.316113 -12.855273 0.281084 2.529756 0 0 0 0 2.1113
 -2.634277 -0.210742 -12.53916 0.056217 2.332997 0 0 0 0 2.1113
 -2.002051 0.316113 -12.433789 -0.140542 2.417322 0 0 0 0 2.0622
 -2.318164 0.526855 -12.012305 -0.16865 2.473539 0 0 0 0 2.0131
 -2.950391 0.842969 -12.433789 -0.252976 2.557864 0 0 0 0 2.0622
 -2.739648 1.264453 -11.906934 -0.252976 2.670298 0 0 0 0 2.0622
 -2.634277 2.423535 -13.382129 -0.337301 2.782731 0 0 0 0 2.0131
 -3.371875 2.950391 -11.906934 -0.224867 2.838948 0 0 0 0 1.964
 -3.371875 3.266504 -12.012305 -0.140542 2.923273 0 0 0 0 2.0131
 -2.528906 3.477246 -12.328418 -0.084325 2.923273 0 0 0 0 1.964
 -2.84502 3.793359 -12.117676 0.028108 3.007599 0 0 0 0 1.9149
 -2.634277 4.214844 -12.012305 0.224867 2.951382 0 0 0 0 1.964
 -2.212793 4.214844 -11.906934 0.365409 2.895165 0 0 0 0 2.0131
 -2.212793 3.687988 -12.012305 0.449734 2.923273 0 0 0 0 2.0131
 -2.739648 3.687988 -12.117676 0.505951 2.81084 0 0 0 0 1.964
 -2.634277 3.055762 -12.749902 0.674602 2.782731 0 0 0 0 1.964
 -2.84502 2.318164 -12.53916 0.590276 2.698406 0 0 0 0 1.964
 -3.055762 2.212793 -11.696191 0.618385 2.642189 0 0 0 0 1.964
 -2.634277 1.791309 -12.855273 0.562168 2.642189 0 0 0 0 1.964
 -2.739648 1.89668 -12.012305 0.562168 2.501647 0 0 0 0 1.9149
 -2.107422 1.475195 -12.223047 0.505951 2.529756 0 0 0 0 1.9149
 -2.950391 0.421484 -12.012305 0.477843 2.473539 0 0 0 0 1.964
 -2.739648 0.105371 -12.960645 0.309192 2.445431 0 0 0 0 1.964
 -2.318164 0.526855 -12.117676 0.140542 2.473539 0 0 0 0 1.964
 -2.107422 0.421484 -12.223047 -13.969874 2.417322 0 0 0 0 2.0622
 -2.528906 0.526855 -12.53916 -0.028108 2.473539 0 0 0 0 2.0622
 -2.634277 1.053711 -12.223047 -0.084325 2.501647 0 0 0 0 2.0622
 -2.739648 1.053711 -12.117676 -0.16865 2.529756 0 0 0 0 2.0131
 -3.161133 1.475195 -11.906934 -0.140542 2.529756 0 0 0 0 2.0622
 -3.266504 2.318164 -12.644531 -0.140542 2.726515 0 0 0 0 1.964
 -3.161133 2.528906 -12.433789 -0.084325 2.754623 0 0 0 0 1.9149
 -3.477246 2.318164 -11.801563 0.028108 2.754623 0 0 0 0 1.964
 -2.739648 2.634277 -12.223047 0.028108 2.81084 0 0 0 0 1.9149
 -2.423535 2.84502 -11.801563 -0.028108 2.867057 0 0 0 0 1.9149
 -2.318164 3.266504 -13.382129 -0.028108 2.838948 0 0 0 0 1.964
 -1.89668 3.055762 -12.012305 0.028108 2.782731 0 0 0 0 2.0622
 -1.89668 3.477246 -11.801563 0.16865 2.867057 0 0 0 0 2.1113
 -2.107422 3.582617 -12.012305 0.224867 2.838948 0 0 0 0 2.1604
 -2.318164 3.055762 -12.223047 0.252976 2.867057 0 0 0 0 2.1113
 -2.634277 3.161133 -12.644531 0.365409 2.81084 0 0 0 0 2.1604
 -2.212793 2.84502 -11.59082 0.393518 2.754623 0 0 0 0 2.2095
 -2.528906 2.634277 -12.53916 0.393518 2.782731 0 0 0 0 2.1113
 -2.318164 2.739648 -13.276758 0.393518 2.726515 0 0 0 0 2.1113
 -2.212793 2.107422 -12.223047 0.337301 2.726515 0 0 0 0 2.1604
 -1.685938 2.002051 -11.906934 0.252976 2.642189 0 0 0 0 2.1604
 -2.002051 1.791309 -12.328418 0.309192 2.614081 0 0 0 0 2.2095
 -2.528906 2.002051 -12.960645 0.337301 2.557864 0 0 0 0 2.2586
 -2.212793 1.791309 -12.223047 0.252976 2.614081 0 0 0 0 2.2095
 -1.580566 1.791309 -11.801563 0.16865 2.529756 0 0 0 0 2.3077
 -1.791309 1.159082 -11.906934 0.16865 2.529756 0 0 0 0 2.3077
 -1.89668 1.369824 -12.855273 0.056217 2.585973 0 0 0 0 2.3568
 -1.791309 1.791309 -12.223047 -0.028108 2.557864 0 0 0 0 2.3568
 -2.212793 1.685938 -12.749902 0.028108 2.557864 0 0 0 0 2.3568
 -2.423535 1.685938 -12.433789 0 2.614081 0 0 0 0 2.4059
 -2.212793 2.002051 -12.328418 0.028108 2.614081 0 0 0 0 2.3568
 -2.002051 2.107422 -11.696191 0 2.642189 0 0 0 0 2.3077
 -2.318164 2.002051 -12.328418 0 2.698406 0 0 0 0 2.3077
 -2.107422 2.212793 -12.855273 -0.056217 2.81084 0 0 0 0 2.3077
 -2.107422 2.634277 -11.380078 0.056217 2.726515 0 0 0 0 2.3568
 -1.685938 2.950391 -11.274707 0.112434 2.754623 0 0 0 0 2.3077
 -1.791309 2.84502 -12.117676 0.084325 2.754623 0 0 0 0 2.2586
 -2.107422 2.950391 -13.066016 0.084325 2.782731 0 0 0 0 2.3077
 -1.580566 3.055762 -13.698242 0.140542 2.782731 0 0 0 0 2.3568
 -1.580566 2.634277 -12.328418 0.224867 2.754623 0 0 0 0 2.3568
 -1.580566 2.950391 -11.169336 0.16865 2.754623 0 0 0 0 2.4059
 -1.685938 2.634277 -11.274707 0.337301 2.754623 0 0 0 0 2.4059
 -1.791309 2.634277 -12.644531 0.337301 2.754623 0 0 0 0 2.4059
 -0.737598 2.528906 -13.4875 0.252976 2.726515 0 0 0 0 2.4059
 -0.526855 1.685938 -13.4875 0.281084 2.782731 0 0 0 0 2.4059
 -1.053711 2.318164 -12.749902 0.196759 2.782731 0 0 0 0 2.4059
 -3.266504 2.107422 -12.012305 0.224867 2.754623 0 0 0 0 2.2586
 -3.793359 2.84502 -12.117676 0.337301 2.838948 0 0 0 0 2.0131
 -5.900781 3.371875 -11.801563 0.53406 2.81084 0 0 0 0 1.6694
 -6.006152 3.371875 -11.696191 0.646493 2.81084 0 0 0 0 1.2275
 -7.586719 2.634277 -11.696191 0.730818 2.895165 0 0 0 0 0.8347
 -7.797461 2.739648 -11.063965 0.674602 2.895165 0 0 0 0 0.6383
 -5.373926 0.737598 -10.431738 0.084325 2.248672 0 0 0 0 0.3928
 -3.161133 0.737598 -10.431738 -0.084325 2.051913 0 0 0 0 -0.2946
 -1.685938 0.316113 -11.696191 0.028108 2.051913 0 0 0 0 -0.8838
 0.210742 -0.105371 -11.801563 0.084325 2.192455 0 0 0 0 -1.3748
 1.89668 -0.105371 -11.696191 -0.028108 2.529756 0 0 0 0 -1.3748
 2.84502 -0.526855 -11.59082 -0.140542 2.614081 0 0 0 0 -0.8838
 3.477246 0.210742 -11.696191 -0.224867 2.585973 0 0 0 0 -0.3928
 2.739648 0.526855 -11.485449 -0.224867 2.304889 0 0 0 0 -0.0491
 0.94834 0.316113 -11.906934 -0.224867 2.332997 0 0 0 0 0
 -0.421484 0.421484 -12.012305 -0.140542 2.361105 0 0 0 0 0.3437
 -0.737598 0.526855 -12.223047 -0.140542 2.445431 0 0 0 0 0.7365
 -0.526855 0.526855 -12.223047 -0.112434 2.417322 0 0 0 0 0.5401
 0.526855 0.421484 -11.906934 -0.084325 2.389214 0 0 0 0 0.2946
 0.632227 0.421484 -11.906934 -0.084325 2.445431 0 0 0 0 -0.1964
 1.053711 0.421484 -12.012305 -0.112434 2.445431 0 0 0 0 -0.2455
 1.475195 0.421484 -11.906934 -0.140542 2.445431 0 0 0 0 -0.1964
 1.369824 0.632227 -11.801563 -0.112434 2.389214 0 0 0 0 -0.0982
 1.159082 0.526855 -12.117676 -0.140542 2.445431 0 0 0 0 0
 0.526855 0.526855 -11.801563 -0.112434 2.389214 0 0 0 0 0
 0.316113 0.737598 -11.801563 -0.084325 2.417322 0 0 0 0 0
 0.526855 0.316113 -11.906934 -0.112434 2.389214 0 0 0 0 0
 0.737598 0.632227 -11.906934 -0.140542 2.417322 0 0 0 0 0
 0.94834 0.526855 -11.801563 -0.084325 2.389214 0 0 0 0 0
 0.94834 0.526855 -11.906934 -0.112434 2.417322 0 0 0 0 0
 1.369824 0.632227 -12.012305 -0.140542 2.417322 0 0 0 0 0
 1.685938 0.737598 -12.117676 -0.084325 2.417322 0 0 0 0 0
 1.053711 0.421484 -11.906934 -0.028108 2.389214 0 0 0 0 0
 0.210742 0.210742 -11.696191 -0.028108 2.445431 0 0 0 0 0
 -0.632227 0.105371 -12.012305 0.028108 2.529756 0 0 0 0 -0.3437
 -1.791309 0.526855 -12.117676 -0.028108 2.557864 0 0 0 0 -0.6874
 -1.580566 -0.421484 -11.696191 -0.056217 2.473539 0 0 0 0 -1.0311
 -1.369824 0.105371 -12.012305 -0.140542 2.557864 0 0 0 0 -1.3257
 -1.475195 0.316113 -11.380078 -0.112434 2.614081 0 0 0 0 -1.3257
 -1.580566 0.316113 -11.801563 -0.112434 2.782731 0 0 0 0 -1.473
 -0.421484 0.632227 -11.380078 -0.140542 2.923273 0 0 0 0 -1.6203
 -1.791309 0.526855 -11.696191 -0.224867 2.951382 0 0 0 0 -1.6694
 -1.053711 0.94834 -11.696191 -0.421626 2.782731 0 0 0 0 -1.6694
 -1.159082 1.685938 -11.59082 -0.477843 2.614081 0 0 0 0 -1.8167
 -2.423535 2.212793 -11.696191 -0.421626 2.501647 0 0 0 0 -1.8167
 -3.477246 2.107422 -11.063965 -0.393518 2.473539 0 0 0 0 -1.9149
 -2.950391 2.528906 -11.169336 -0.421626 2.445431 0 0 0 0 -1.9149
 -2.318164 2.634277 -11.696191 -0.365409 2.304889 0 0 0 0 -2.0622
 -0.842969 3.793359 -11.274707 -0.281084 2.080021 0 0 0 0 -2.0131
 -0.94834 3.582617 -11.380078 0 1.911371 0 0 0 0 -1.9149
 -1.159082 2.950391 -11.801563 0.309192 1.798938 0 0 0 0 -1.8167
 -1.791309 1.89668 -10.958594 0.337301 1.995696 0 0 0 0 -1.6694
 -1.159082 1.159082 -11.906934 0.449734 2.164347 0 0 0 0 -1.6203
 -0.632227 0.737598 -11.169336 0.477843 2.304889 0 0 0 0 -1.6203
 -2.318164 0 -11.59082 0.505951 2.473539 0 0 0 0 -1.6203
 -4.004102 -0.737598 -11.801563 0.393518 2.614081 0 0 0 0 -1.6694
 -3.371875 -1.053711 -10.958594 0.16865 2.698406 0 0 0 0 -1.8167
 -2.212793 -0.842969 -11.063965 0.056217 2.670298 0 0 0 0 -1.9149
 -1.685938 -1.369824 -11.063965 -0.084325 2.642189 0 0 0 0 -2.0622
 -2.107422 -1.053711 -11.696191 -0.196759 2.726515 0 0 0 0 -2.0622
 -3.582617 -0.842969 -10.958594 -0.309192 2.726515 0 0 0 0 -2.0131
 -2.318164 -0.526855 -11.485449 -0.421626 2.726515 0 0 0 0 -2.0131
 -0.94834 0.632227 -11.59082 -0.421626 2.754623 0 0 0 0 -1.964
 -0.94834 0.94834 -12.117676 -0.393518 2.698406 0 0 0 0 -1.9149
 -1.053711 1.89668 -11.274707 -0.224867 2.726515 0 0 0 0 -1.7676
 -3.793359 1.264453 -11.274707 -0.196759 2.726515 0 0 0 0 -1.7185
 -2.528906 1.791309 -11.696191 -0.196759 2.585973 0 0 0 0 -1.7185
 -1.685938 1.580566 -11.801563 -0.196759 2.220563 0 0 0 0 -1.8167
 -1.89668 1.475195 -11.274707 -0.16865 2.023805 0 0 0 0 -1.8658
 -3.687988 1.369824 -12.012305 -0.140542 2.080021 0 0 0 0 -1.8658
 -3.793359 1.053711 -11.169336 -0.028108 2.164347 0 0 0 0 -1.8658
 -1.580566 1.369824 -11.169336 0.056217 2.304889 0 0 0 0 -2.0131
 -0.737598 1.053711 -12.012305 0.084325 2.501647 0 0 0 0 -1.9149
 -0.94834 1.369824 -11.274707 0.224867 2.557864 0 0 0 0 -1.8167
 -2.423535 0.421484 -11.906934 0.309192 2.642189 0 0 0 0 -1.7676
 -2.84502 0.105371 -11.59082 0.196759 2.726515 0 0 0 0 -1.7185
 -2.634277 0 -11.906934 0.196759 2.642189 0 0 0 0 -1.7676
 -2.002051 -0.210742 -10.747852 0.140542 2.642189 0 0 0 0 -1.9149
 -3.161133 -0.842969 -10.958594 0.028108 2.670298 0 0 0 0 -2.0131
 -3.793359 -0.632227 -10.958594 -0.16865 2.726515 0 0 0 0 -2.0131
 -2.423535 -0.105371 -11.380078 -0.281084 2.754623 0 0 0 0 -2.0622
 -1.053711 0.316113 -11.485449 -0.281084 2.698406 0 0 0 0 -2.0622
 -0.632227 0.737598 -11.380078 -0.252976 2.698406 0 0 0 0 -1.8658
 -0.421484 0.632227 -11.696191 -0.224867 2.726515 0 0 0 0 -1.7185
 -1.475195 0.737598 -11.906934 -0.140542 2.782731 0 0 0 0 -1.5712
 -2.528906 0.94834 -11.59082 -0.196759 2.698406 0 0 0 0 -1.473
 -2.107422 1.159082 -11.906934 -0.309192 2.642189 0 0 0 0 -1.6203
 -2.528906 1.264453 -11.063965 -0.309192 2.473539 0 0 0 0 -1.7185
 -4.214844 1.685938 -10.958594 -0.224867 2.473539 0 0 0 0 -1.7676
 -3.793359 1.685938 -11.169336 -0.16865 2.473539 0 0 0 0 -1.964
 -2.528906 1.475195 -11.59082 -0.196759 2.473539 0 0 0 0 -2.0131
 -0.94834 1.89668 -11.380078 -0.196759 2.501647 0 0 0 0 -2.0131
 -0.316113 2.107422 -11.696191 -0.252976 2.585973 0 0 0 0 -1.8658
 -1.159082 2.423535 -11.906934 -0.252976 2.557864 0 0 0 0 -1.6694
 -1.475195 2.002051 -11.801563 -0.252976 2.501647 0 0 0 0 -1.5712
 -1.580566 2.634277 -11.906934 -0.309192 2.417322 0 0 0 0 -1.5712
 -3.161133 2.528906 -11.801563 -0.309192 2.220563 0 0 0 0 -1.5712
 -2.212793 3.161133 -11.485449 -0.309192 2.192455 0 0 0 0 -1.6694
 -4.741699 2.950391 -11.169336 -0.084325 2.080021 0 0 0 0 -1.8167
 -4.425586 2.528906 -10.326367 0.028108 2.10813 0 0 0 0 -1.964
 -2.212793 2.423535 -11.274707 0.196759 2.192455 0 0 0 0 -2.1113
 -2.002051 1.791309 -11.801563 0.196759 2.27678 0 0 0 0 -2.1113
 -1.159082 1.475195 -11.696191 0.224867 2.361105 0 0 0 0 -1.964
 -2.318164 0.526855 -11.380078 0.140542 2.445431 0 0 0 0 -1.8658
 -2.212793 0.526855 -12.223047 0 2.501647 0 0 0 0 -1.8658
 -1.685938 1.053711 -11.801563 -0.028108 2.529756 0 0 0 0 -1.8167
 -1.685938 0.526855 -11.696191 -0.140542 2.529756 0 0 0 0 -1.8167
 -4.84707 1.053711 -10.220996 -0.16865 2.473539 0 0 0 0 -1.9149
 -4.004102 1.264453 -11.906934 -0.16865 2.473539 0 0 0 0 -2.0131
 -2.950391 1.369824 -11.485449 -0.16865 2.529756 0 0 0 0 -2.1113
 -2.002051 1.685938 -11.801563 -0.196759 2.557864 0 0 0 0 -2.1113
 -2.423535 1.369824 -11.380078 -0.112434 2.501647 0 0 0 0 -2.1604
 -1.89668 1.475195 -11.696191 -0.196759 2.501647 0 0 0 0 -2.0622
 -1.580566 1.475195 -11.485449 -0.281084 2.473539 0 0 0 0 -2.0131
 -1.264453 1.580566 -11.485449 -0.337301 2.304889 0 0 0 0 -1.964
 -2.950391 2.002051 -12.117676 -0.393518 2.304889 0 0 0 0 -1.9149
 -3.89873 2.528906 -10.115625 -0.309192 2.304889 0 0 0 0 -1.964
 -3.477246 2.634277 -11.59082 -0.252976 2.332997 0 0 0 0 -2.0131
 -1.89668 3.055762 -11.485449 -0.224867 2.332997 0 0 0 0 -2.1113
 -1.685938 2.739648 -11.274707 -0.084325 2.248672 0 0 0 0 -2.0622
 -2.002051 2.528906 -11.696191 -0.028108 2.27678 0 0 0 0 -2.0131
 -2.528906 2.107422 -11.696191 0 2.27678 0 0 0 0 -1.964
 -2.634277 2.107422 -11.801563 0.028108 2.304889 0 0 0 0 -1.964
 -1.264453 1.89668 -11.59082 0.084325 2.192455 0 0 0 0 -1.964
 -2.423535 1.685938 -11.906934 0.140542 2.192455 0 0 0 0 -1.964
 -3.89873 1.264453 -11.380078 0.196759 2.220563 0 0 0 0 -1.9149
 -2.84502 1.159082 -10.958594 0.196759 2.27678 0 0 0 0 -2.0131
 -2.318164 0.421484 -11.274707 0.224867 2.473539 0 0 0 0 -2.0622
 -1.89668 0.105371 -11.801563 0.140542 2.642189 0 0 0 0 -2.0622
 -1.791309 0.105371 -11.801563 0.056217 2.754623 0 0 0 0 -1.964
 -3.161133 0.210742 -11.485449 -0.056217 2.754623 0 0 0 0 -1.9149
 -1.580566 0.210742 -11.59082 -0.140542 2.642189 0 0 0 0 -1.8658
 -1.053711 0.632227 -11.696191 -0.196759 2.557864 0 0 0 0 -1.8658
 -1.264453 0.842969 -11.59082 -0.224867 2.501647 0 0 0 0 -1.7676
 -2.002051 0.316113 -11.59082 -0.337301 2.473539 0 0 0 0 -1.7676
 -3.477246 1.264453 -11.380078 -0.365409 2.529756 0 0 0 0 -1.7185
 -2.739648 1.685938 -11.485449 -0.393518 2.501647 0 0 0 0 -1.7185
 -1.369824 1.89668 -11.906934 -0.393518 2.529756 0 0 0 0 -1.8167
 -1.159082 2.423535 -12.117676 -0.365409 2.501647 0 0 0 0 -1.8167
 -1.264453 2.423535 -11.485449 -0.365409 2.445431 0 0 0 0 -1.7185
 -2.423535 2.950391 -11.485449 -0.393518 2.417322 0 0 0 0 -1.7185
 -2.107422 2.634277 -11.274707 -0.365409 2.361105 0 0 0 0 -1.6203
 -2.002051 3.266504 -10.747852 -0.224867 2.220563 0 0 0 0 -1.6694
 -1.685938 3.371875 -11.696191 -0.084325 2.136238 0 0 0 0 -1.7185
 -2.634277 2.634277 -11.59082 -0.056217 2.051913 0 0 0 0 -1.7185
 -3.266504 2.84502 -11.169336 -0.056217 2.164347 0 0 0 0 -1.7676
 -2.107422 2.528906 -11.59082 0.056217 2.192455 0 0 0 0 -1.8167
 -1.89668 2.634277 -11.59082 0.056217 2.248672 0 0 0 0 -1.8658
 -1.580566 2.107422 -11.696191 0.140542 2.27678 0 0 0 0 -1.7676
 -1.791309 1.791309 -11.485449 0.16865 2.27678 0 0 0 0 -1.7185
 -1.580566 1.791309 -12.117676 0.16865 2.361105 0 0 0 0 -1.6694
 -1.159082 1.264453 -11.59082 0.140542 2.361105 0 0 0 0 -1.6203
 -1.159082 0.737598 -11.801563 0.140542 2.417322 0 0 0 0 -1.5712
 -1.580566 0.737598 -11.696191 0.140542 2.389214 0 0 0 0 -1.6203
 -3.89873 0.421484 -10.853223 0.056217 2.445431 0 0 0 0 -1.6203
 -2.950391 0.316113 -11.696191 0.056217 2.473539 0 0 0 0 -1.7185
 -1.053711 0.526855 -11.59082 0 2.557864 0 0 0 0 -1.8167
 -0.842969 0.210742 -11.906934 -0.084325 2.557864 0 0 0 0 -1.7676
 -1.053711 0.526855 -11.696191 -0.084325 2.585973 0 0 0 0 -1.7185
 -2.634277 0.632227 -11.696191 -0.16865 2.614081 0 0 0 0 -1.6694
 -2.528906 1.053711 -11.169336 -0.196759 2.557864 0 0 0 0 -1.6694
 -2.002051 0.632227 -11.380078 -0.196759 2.445431 0 0 0 0 -1.7185
 -1.89668 0.421484 -11.169336 -0.252976 2.389214 0 0 0 0 -1.8167
 -2.634277 0.632227 -11.696191 -0.393518 2.389214 0 0 0 0 -1.8167
 -4.320215 1.369824 -11.380078 -0.337301 2.417322 0 0 0 0 -1.8167
 -2.634277 1.580566 -11.485449 -0.365409 2.417322 0 0 0 0 -1.9149
 -1.369824 2.212793 -11.696191 -0.309192 2.445431 0 0 0 0 -1.964
 -0.737598 2.423535 -11.380078 -0.224867 2.389214 0 0 0 0 -1.8658
 -0.842969 2.107422 -11.801563 -0.16865 2.389214 0 0 0 0 -1.7676
 -2.318164 2.423535 -11.380078 -0.140542 2.417322 0 0 0 0 -1.6203
 -1.89668 2.212793 -11.801563 -0.196759 2.304889 0 0 0 0 -1.6203
 -1.264453 2.528906 -11.801563 -0.16865 2.220563 0 0 0 0 -1.6203
 -2.528906 2.634277 -11.59082 -0.16865 2.164347 0 0 0 0 -1.6203
 -3.793359 2.528906 -10.958594 -0.16865 2.248672 0 0 0 0 -1.7185
 -2.634277 2.739648 -11.274707 -0.140542 2.304889 0 0 0 0 -1.8167
 -1.580566 2.84502 -11.169336 -0.112434 2.304889 0 0 0 0 -1.9149
 -0.526855 2.84502 -11.696191 0.028108 2.304889 0 0 0 0 -1.8658
 -2.318164 2.318164 -12.223047 0.140542 2.332997 0 0 0 0 -1.7676
 -1.264453 2.107422 -11.485449 0.252976 2.361105 0 0 0 0 -1.6203
 -2.212793 1.685938 -11.274707 0.224867 2.332997 0 0 0 0 -1.6203
 -2.423535 1.369824 -11.696191 0.252976 2.27678 0 0 0 0 -1.6203
 -1.89668 1.053711 -11.169336 0.337301 2.27678 0 0 0 0 -1.7185
 -3.266504 0.105371 -12.012305 0.281084 2.389214 0 0 0 0 -1.7676
 -3.477246 -0.421484 -11.59082 0.252976 2.417322 0 0 0 0 -1.7676
 -1.264453 -0.210742 -11.485449 0.224867 2.585973 0 0 0 0 -1.8658
 -0.632227 -0.842969 -11.274707 0.16865 2.670298 0 0 0 0 -1.7185
 -1.159082 -0.94834 -11.59082 0.084325 2.782731 0 0 0 0 -1.6694
 -2.423535 -0.737598 -11.169336 -0.056217 2.867057 0 0 0 0 -1.5712
 -2.84502 -0.632227 -10.958594 -0.224867 2.895165 0 0 0 0 -1.5712
 -2.212793 -0.105371 -11.063965 -0.365409 2.726515 0 0 0 0 -1.7676
 -1.89668 0.316113 -12.328418 -0.505951 2.670298 0 0 0 0 -1.7676
 -1.685938 1.264453 -11.906934 -0.449734 2.557864 0 0 0 0 -1.8658
 -3.793359 0.94834 -11.063965 -0.477843 2.473539 0 0 0 0 -1.8658
 -3.161133 1.791309 -11.801563 -0.449734 2.473539 0 0 0 0 -1.8658
 -1.685938 2.423535 -11.274707 -0.365409 2.445431 0 0 0 0 -1.9149
 -1.475195 2.634277 -11.906934 -0.224867 2.417322 0 0 0 0 -1.8167
 -0.94834 2.318164 -11.696191 -0.056217 2.389214 0 0 0 0 -1.7676
 -1.685938 2.212793 -11.380078 -0.084325 2.361105 0 0 0 0 -1.5712
 -1.791309 1.89668 -11.696191 -0.084325 2.304889 0 0 0 0 -1.6203
 -1.580566 2.107422 -11.380078 -0.084325 2.361105 0 0 0 0 -1.5712
 -1.685938 1.791309 -11.696191 -0.112434 2.304889 0 0 0 0 -1.6203
 -2.212793 1.89668 -11.906934 -0.112434 2.304889 0 0 0 0 -1.7185
 -3.687988 1.580566 -10.747852 -0.056217 2.332997 0 0 0 0 -1.7676
 -3.89873 1.685938 -11.380078 -0.112434 2.332997 0 0 0 0 -1.9149
 -2.212793 1.791309 -11.274707 -0.112434 2.361105 0 0 0 0 -1.964
 -1.159082 1.89668 -11.906934 -0.056217 2.361105 0 0 0 0 -1.8658
 -1.475195 2.212793 -11.59082 0.084325 2.332997 0 0 0 0 -1.7676
 -2.423535 1.685938 -11.801563 0.140542 2.445431 0 0 0 0 -1.6694
 -2.002051 1.475195 -11.801563 0.140542 2.389214 0 0 0 0 -1.5712
 -0.737598 0.737598 -11.485449 0.140542 2.417322 0 0 0 0 -1.5712
 -1.369824 0.526855 -12.117676 0.084325 2.473539 0 0 0 0 -1.5221
 -1.791309 0.842969 -11.274707 -0.028108 2.473539 0 0 0 0 -1.5221
 -3.266504 0.842969 -11.274707 -0.028108 2.529756 0 0 0 0 -1.5712
 -1.89668 0.842969 -11.274707 -0.028108 2.473539 0 0 0 0 -1.6203
 -1.791309 0.526855 -11.906934 -0.028108 2.557864 0 0 0 0 -1.7185
 -1.685938 0.316113 -11.906934 0.028108 2.585973 0 0 0 0 -1.6203
 -1.89668 0.316113 -11.485449 -0.056217 2.670298 0 0 0 0 -1.6694
 -2.318164 0.105371 -11.59082 -0.056217 2.614081 0 0 0 0 -1.6203
 -1.053711 0.421484 -12.117676 -0.16865 2.670298 0 0 0 0 -1.6203
 -1.369824 0.632227 -11.801563 -0.196759 2.642189 0 0 0 0 -1.6203
 -1.159082 0.526855 -11.485449 -0.252976 2.557864 0 0 0 0 -1.5712
 -1.264453 0.842969 -12.223047 -0.365409 2.557864 0 0 0 0 -1.473
 -2.739648 1.685938 -11.380078 -0.337301 2.557864 0 0 0 0 -1.5221
 -2.423535 2.002051 -11.696191 -0.281084 2.473539 0 0 0 0 -1.5221
 -1.369824 2.002051 -11.801563 -0.196759 2.445431 0 0 0 0 -1.5712
 -1.580566 1.475195 -12.117676 -0.224867 2.501647 0 0 0 0 -1.6694
 -2.423535 1.685938 -11.380078 -0.196759 2.445431 0 0 0 0 -1.6694
 -3.055762 2.002051 -11.274707 -0.252976 2.501647 0 0 0 0 -1.6694
 -1.89668 2.318164 -11.485449 -0.196759 2.417322 0 0 0 0 -1.6203
 -0.632227 2.528906 -11.696191 -0.196759 2.332997 0 0 0 0 -1.7185
 -1.159082 2.634277 -12.117676 -0.224867 2.27678 0 0 0 0 -1.6203
 -1.369824 2.318164 -11.169336 -0.196759 2.220563 0 0 0 0 -1.5221
 -3.687988 2.528906 -11.485449 -0.084325 2.220563 0 0 0 0 -1.5712
 -2.634277 2.318164 -11.59082 -0.056217 2.304889 0 0 0 0 -1.5712
 -1.89668 2.528906 -11.169336 -0.084325 2.445431 0 0 0 0 -1.7676
 -1.580566 2.423535 -11.59082 -0.056217 2.417322 0 0 0 0 -1.7185
 -2.002051 2.634277 -11.063965 -0.056217 2.417322 0 0 0 0 -1.7676
 -3.161133 2.634277 -11.59082 -0.028108 2.445431 0 0 0 0 -1.7185
 -1.685938 2.528906 -11.274707 -0.028108 2.361105 0 0 0 0 -1.6694
 -0.94834 2.634277 -11.59082 -0.028108 2.332997 0 0 0 0 -1.6694
 -0.421484 2.423535 -11.59082 0.084325 2.248672 0 0 0 0 -1.5712
 -1.369824 2.002051 -11.59082 0.084325 2.192455 0 0 0 0 -1.473
 -2.107422 1.580566 -11.380078 0.140542 2.248672 0 0 0 0 -1.473
 -2.107422 1.264453 -11.696191 0.16865 2.445431 0 0 0 0 -1.4239
 -1.685938 1.053711 -11.696191 0.16865 2.557864 0 0 0 0 -1.473
 -1.685938 1.053711 -11.59082 0.16865 2.585973 0 0 0 0 -1.473
 -2.318164 0.94834 -12.012305 0.112434 2.670298 0 0 0 0 -1.473
 -2.107422 0.526855 -11.169336 0.112434 2.642189 0 0 0 0 -1.5221
 -1.89668 0.421484 -11.801563 -0.028108 2.670298 0 0 0 0 -1.5221
 -1.475195 0.316113 -11.801563 -0.028108 2.585973 0 0 0 0 -1.5221
 -0.842969 0.526855 -12.012305 -0.056217 2.557864 0 0 0 0 -1.3748
 -0.526855 0.526855 -11.801563 0.028108 2.445431 0 0 0 0 -1.3257
 0.526855 0.526855 -11.801563 0.112434 2.417322 0 0 0 0 -1.1293
 0 -0.105371 -12.012305 0.140542 2.642189 0 0 0 0 -0.982
 -0.210742 -0.421484 -11.801563 0.056217 2.670298 0 0 0 0 -0.8347
 -0.632227 -0.316113 -11.906934 -0.084325 2.726515 0 0 0 0 -0.8347
 -1.369824 -0.105371 -11.801563 -0.224867 2.782731 0 0 0 0 -0.8838
 -2.634277 0.316113 -11.380078 -0.252976 2.782731 0 0 0 0 -1.0802
 -1.685938 0.737598 -11.59082 -0.252976 2.726515 0 0 0 0 -1.2275
 -1.580566 0.94834 -11.801563 -0.224867 2.529756 0 0 0 0 -1.4239
 -0.632227 0.737598 -12.012305 -0.196759 2.501647 0 0 0 0 -1.4239
 -0.737598 0.737598 -12.012305 -0.140542 2.445431 0 0 0 0 -1.4239
 -0.210742 1.053711 -11.801563 -0.112434 2.445431 0 0 0 0 -1.2766
 0.632227 0.94834 -11.801563 -0.16865 2.473539 0 0 0 0 -1.1784
 0.105371 0.94834 -12.328418 -0.112434 2.529756 0 0 0 0 -1.0802
 -0.737598 0.632227 -11.696191 -0.112434 2.585973 0 0 0 0 -0.9329
 -1.053711 1.264453 -11.59082 -0.140542 2.670298 0 0 0 0 -1.0311
 -1.159082 1.369824 -11.696191 -0.196759 2.754623 0 0 0 0 -1.0802
 -1.475195 1.475195 -11.906934 -0.16865 2.726515 0 0 0 0 -1.1784
 -2.318164 1.475195 -11.801563 -0.16865 2.754623 0 0 0 0 -1.2766
 -2.212793 1.580566 -12.012305 -0.16865 2.614081 0 0 0 0 -1.4239
 -2.212793 2.212793 -11.696191 -0.196759 2.389214 0 0 0 0 -1.5221
 -1.791309 1.685938 -11.59082 -0.112434 2.304889 0 0 0 0 -1.5712
 -1.369824 2.107422 -11.59082 -0.112434 2.27678 0 0 0 0 -1.5221
 -1.685938 1.89668 -11.696191 -0.140542 2.27678 0 0 0 0 -1.5221
 -0.526855 1.685938 -11.906934 -0.140542 2.361105 0 0 0 0 -1.4239
 0.421484 1.685938 -11.696191 -0.16865 2.529756 0 0 0 0 -1.3748
 0.105371 1.475195 -11.906934 -0.196759 2.614081 0 0 0 0 -1.2275
 -0.526855 2.318164 -11.485449 -0.140542 2.698406 0 0 0 0 -1.1784
 -2.634277 2.002051 -12.012305 -0.140542 2.670298 0 0 0 0 -1.2275
 -2.318164 2.107422 -11.169336 -0.140542 2.614081 0 0 0 0 -1.3257
 -2.212793 2.634277 -11.485449 -0.252976 2.529756 0 0 0 0 -1.5221
 -1.580566 2.950391 -11.59082 -0.16865 2.417322 0 0 0 0 -1.5712
 -1.685938 2.634277 -11.696191 -0.084325 2.304889 0 0 0 0 -1.5221
 -1.369824 2.634277 -11.59082 0 2.304889 0 0 0 0 -1.4239
 0 2.528906 -11.696191 0 2.361105 0 0 0 0 -1.3257
 0 2.528906 -11.801563 0.028108 2.473539 0 0 0 0 -1.2275
 -0.105371 2.318164 -11.59082 0 2.557864 0 0 0 0 -1.0311
 -0.421484 1.89668 -11.696191 0.056217 2.614081 0 0 0 0 -0.9329
 -0.210742 2.107422 -11.906934 -0.028108 2.642189 0 0 0 0 -0.8838
 -0.842969 2.002051 -11.59082 0.056217 2.670298 0 0 0 0 -0.8838
 -0.94834 1.685938 -11.906934 0.028108 2.698406 0 0 0 0 -0.8838
 -1.264453 1.580566 -11.59082 0.028108 2.670298 0 0 0 0 -0.982
 -1.475195 1.369824 -12.012305 -0.028108 2.698406 0 0 0 0 -1.0802
 -2.528906 1.791309 -11.380078 0.028108 2.698406 0 0 0 0 -1.1784
 -0.842969 1.685938 -12.012305 0.028108 2.642189 0 0 0 0 -1.2275
 -0.210742 1.685938 -11.801563 0.028108 2.557864 0 0 0 0 -1.2275
 -0.421484 1.053711 -11.59082 0.056217 2.529756 0 0 0 0 -1.1293
 -0.105371 0.737598 -11.906934 0.084325 2.585973 0 0 0 0 -0.9329
 1.159082 0.94834 -11.696191 0.112434 2.614081 0 0 0 0 -0.8347
 0.632227 0.737598 -11.696191 0.084325 2.81084 0 0 0 0 -0.6874
 -0.94834 0 -12.012305 -0.028108 2.923273 0 0 0 0 -0.5891999999999999
 -0.94834 0.210742 -11.696191 -0.16865 2.951382 0 0 0 0 -0.6874
 -0.94834 1.159082 -11.696191 -0.309192 2.867057 0 0 0 0 -0.8838
 -1.053711 1.475195 -11.906934 -0.337301 2.782731 0 0 0 0 -0.982
 -1.369824 1.89668 -11.485449 -0.252976 2.867057 0 0 0 0 -1.0802
 -1.685938 2.107422 -11.485449 -0.337301 2.838948 0 0 0 0 -1.2275
 -2.423535 2.528906 -11.380078 -0.252976 2.698406 0 0 0 0 -1.2275
 -1.369824 2.634277 -11.801563 -0.224867 2.614081 0 0 0 0 -1.2766
 -0.842969 2.739648 -11.59082 -0.16865 2.557864 0 0 0 0 -1.2766
 -0.105371 2.739648 -11.59082 -0.028108 2.557864 0 0 0 0 -1.1784
 0.105371 2.528906 -11.801563 0.028108 2.473539 0 0 0 0 -1.1293
 0.632227 2.318164 -11.906934 0.084325 2.557864 0 0 0 0 -0.9329
 -0.210742 2.107422 -12.117676 0.140542 2.726515 0 0 0 0 -0.7856
 0.210742 1.685938 -11.801563 0.112434 2.923273 0 0 0 0 -0.6874
 -1.264453 1.053711 -11.906934 0.084325 2.97949 0 0 0 0 -0.6874
 -1.053711 1.369824 -12.012305 0.028108 2.97949 0 0 0 0 -0.6383
 -0.842969 0.842969 -12.117676 0.028108 2.782731 0 0 0 0 -0.7365
 -0.316113 0.316113 -12.117676 -0.084325 2.642189 0 0 0 0 -0.8347
 1.053711 0.842969 -12.012305 -0.224867 2.445431 0 0 0 0 -0.8347
 1.159082 1.159082 -11.801563 -0.224867 2.473539 0 0 0 0 -0.7365
 0.210742 1.685938 -11.696191 -0.16865 2.473539 0 0 0 0 -0.5891999999999999
 -1.053711 1.264453 -11.801563 -0.140542 2.614081 0 0 0 0 -0.5401
 -1.264453 1.369824 -12.117676 -0.140542 2.614081 0 0 0 0 -0.491
 -0.526855 1.369824 -11.801563 -0.112434 2.529756 0 0 0 0 -0.5401
 0 1.475195 -12.117676 -12.98608 2.529756 0 0 0 0 -0.5891999999999999
 0.210742 1.475195 -12.117676 -0.028108 2.501647 0 0 0 0 -0.6874
 0.421484 1.369824 -11.696191 0 2.445431 0 0 0 0 -0.6383
 0.210742 0.737598 -11.59082 -0.028108 2.389214 0 0 0 0 -0.5891999999999999
 0.105371 0.632227 -11.696191 -0.112434 2.445431 0 0 0 0 -0.491
 -0.526855 0.737598 -11.906934 -0.16865 2.473539 0 0 0 0 -0.4419
 -0.105371 1.159082 -12.012305 -0.252976 2.557864 0 0 0 0 -0.3928
 -0.210742 1.159082 -11.906934 -0.224867 2.473539 0 0 0 0 -0.4419
 0.526855 1.264453 -11.696191 -0.281084 2.389214 0 0 0 0 -0.3437
 0.632227 1.580566 -11.906934 -0.252976 2.389214 0 0 0 0 -0.2946
 0.737598 2.107422 -11.801563 -0.281084 2.417322 0 0 0 0 -0.1964
 0.94834 2.318164 -11.801563 -0.252976 2.361105 0 0 0 0 -0.1473
 0.94834 2.423535 -11.906934 -0.140542 2.389214 0 0 0 0 0
 0.421484 2.212793 -11.801563 -0.196759 2.361105 0 0 0 0 0
 0.632227 2.212793 -12.012305 -0.16865 2.361105 0 0 0 0 0
 0.632227 2.212793 -11.906934 -0.084325 2.389214 0 0 0 0 0
 0.842969 2.212793 -11.801563 -0.140542 2.417322 0 0 0 0 0
 0.421484 1.89668 -11.906934 -0.140542 2.417322 0 0 0 0 0
 0.737598 2.212793 -12.012305 -0.140542 2.445431 0 0 0 0 0
 0.842969 1.89668 -12.012305 -0.112434 2.389214 0 0 0 0 0
 0.737598 2.318164 -12.012305 -0.140542 2.445431 0 0 0 0 0
 0.421484 2.107422 -12.012305 -0.084325 2.389214 0 0 0 0 0
 0.526855 2.107422 -11.801563 -0.084325 2.389214 0 0 0 0 0
 0.842969 2.107422 -12.012305 -0.140542 2.361105 0 0 0 0 0
 0.737598 2.212793 -11.59082 -0.140542 2.361105 0 0 0 0 0
 0.737598 2.002051 -12.012305 -0.112434 2.361105 0 0 0 0 0
 0.737598 1.89668 -12.012305 -0.140542 2.417322 0 0 0 0 0
 0.842969 2.212793 -11.906934 -0.140542 2.445431 0 0 0 0 0
 0.632227 2.318164 -11.696191 -0.112434 2.389214 0 0 0 0 0
 0.737598 2.318164 -11.801563 -0.140542 2.417322 0 0 0 0 0
 0.737598 2.002051 -12.117676 -0.140542 2.445431 0 0 0 0 0
 0.526855 2.107422 -11.801563 -0.112434 2.361105 0 0 0 0 0
 0.737598 2.318164 -12.012305 -0.140542 2.445431 0 0 0 0 0
 0.737598 2.318164 -11.696191 -0.16865 2.417322 0 0 0 0 0
 0.632227 1.89668 -11.906934 -0.16865 2.389214 0 0 0 0 0
 0.842969 2.107422 -11.59082 -0.084325 2.389214 0 0 0 0 0
 0.94834 2.107422 -11.906934 -0.140542 2.389214 0 0 0 0 0
 0.526855 2.107422 -11.906934 -0.140542 2.417322 0 0 0 0 0
 0.526855 2.318164 -11.696191 -0.112434 2.361105 0 0 0 0 0
 0.526855 2.002051 -11.696191 -0.084325 2.389214 0 0 0 0 0
 0.526855 2.107422 -11.801563 -0.16865 2.389214 0 0 0 0 0
 0.842969 2.318164 -11.906934 -0.140542 2.445431 0 0 0 0 0
 0.737598 2.107422 -12.117676 -0.112434 2.445431 0 0 0 0 0
 0.632227 2.107422 -12.012305 -0.084325 2.389214 0 0 0 0 0
 0.842969 2.318164 -12.012305 -0.16865 2.417322 0 0 0 0 0
 0.842969 2.318164 -11.906934 -0.16865 2.389214 0 0 0 0 0
 0.526855 2.107422 -11.696191 -0.112434 2.389214 0 0 0 0 0
 0.842969 2.318164 -12.012305 -0.140542 2.389214 0 0 0 0 0
 0.632227 2.318164 -11.696191 -0.140542 2.361105 0 0 0 0 0
 0.737598 2.423535 -11.696191 -0.140542 2.445431 0 0 0 0 0
 0.526855 2.002051 -11.906934 -0.084325 2.389214 0 0 0 0 0
 0.632227 2.002051 -12.012305 -0.112434 2.361105 0 0 0 0 0
 0.526855 2.107422 -11.696191 -0.084325 2.389214 0 0 0 0 0
 0.737598 2.002051 -12.012305 -0.112434 2.389214 0 0 0 0 0
 0.737598 2.212793 -11.906934 -0.140542 2.417322 0 0 0 0 0
 0.526855 2.107422 -11.801563 -0.084325 2.389214 0 0 0 0 0
 0.94834 2.212793 -11.696191 -0.16865 2.389214 0 0 0 0 0
 0.632227 2.107422 -11.59082 -0.084325 2.389214 0 0 0 0 0
 0.526855 2.002051 -11.696191 -0.112434 2.361105 0 0 0 0 0
 0.632227 2.002051 -11.906934 -0.112434 2.361105 0 0 0 0 0
 0.842969 2.107422 -12.012305 -0.112434 2.445431 0 0 0 0 0
 0.842969 2.212793 -11.801563 -0.140542 2.445431 0 0 0 0 0
 0.526855 2.107422 -11.696191 -0.084325 2.389214 0 0 0 0 0
 0.737598 2.212793 -12.012305 -0.140542 2.389214 0 0 0 0 0
 0.421484 2.107422 -11.906934 -0.112434 2.445431 0 0 0 0 0
 0.842969 2.107422 -12.012305 -0.140542 2.389214 0 0 0 0 0
 0.842969 2.318164 -11.906934 -0.16865 2.417322 0 0 0 0 0
 0.526855 2.107422 -11.906934 -0.140542 2.361105 0 0 0 0 0
 0.421484 2.318164 -11.906934 -0.16865 2.417322 0 0 0 0 0
 0.842969 2.318164 -11.801563 -0.16865 2.417322 0 0 0 0 0
 0.526855 2.212793 -12.012305 -0.112434 2.417322 0 0 0 0 0
 0.421484 2.212793 -11.906934 -0.140542 2.417322 0 0 0 0 0
 0.842969 2.212793 -12.012305 -0.140542 2.445431 0 0 0 0 0
 0.632227 2.423535 -11.906934 -0.140542 2.417322 0 0 0 0 0
 0.526855 2.318164 -11.906934 -0.140542 2.445431 0 0 0 0 0
 0.842969 2.002051 -11.801563 -0.112434 2.361105 0 0 0 0 0
 0.526855 2.318164 -11.801563 -0.140542 2.389214 0 0 0 0 0
 0.632227 2.002051 -11.59082 -0.084325 2.389214 0 0 0 0 0
 0.632227 2.107422 -11.59082 -0.140542 2.361105 0 0 0 0 0
 0.632227 2.212793 -11.696191 -0.16865 2.361105 0 0 0 0 0
 0.632227 2.107422 -11.696191 -0.140542 2.361105 0 0 0 0 0
 0.526855 2.212793 -11.801563 -0.084325 2.417322 0 0 0 0 0
 0.632227 2.212793 -11.696191 -0.112434 2.417322 0 0 0 0 0
 0.421484 2.212793 -11.906934 -0.084325 2.389214 0 0 0 0 0
 0.526855 2.212793 -11.906934 -0.140542 2.417322 0 0 0 0 0
 0.632227 2.528906 -11.801563 -0.140542 2.445431 0 0 0 0 0
 0.842969 2.107422 -11.801563 -0.084325 2.389214 0 0 0 0 0
 0.526855 2.107422 -11.696191 -0.140542 2.361105 0 0 0 0 0
 0.94834 2.423535 -11.696191 -0.140542 2.445431 0 0 0 0 0
 0.842969 2.318164 -11.801563 -0.16865 2.445431 0 0 0 0 0
 0.632227 2.318164 -11.696191 -0.084325 2.389214 0 0 0 0 0
 0.737598 2.423535 -12.117676 -0.140542 2.417322 0 0 0 0 0
 0.526855 2.212793 -11.696191 -0.112434 2.417322 0 0 0 0 0
 0.526855 2.107422 -11.906934 -0.16865 2.417322 0 0 0 0 0
 0.737598 2.423535 -12.012305 -0.16865 2.417322 0 0 0 0 0
 0.421484 2.212793 -11.906934 -0.140542 2.417322 0 0 0 0 0
 0.94834 2.318164 -11.696191 -0.112434 2.417322 0 0 0 0 0
 0.632227 2.423535 -11.59082 -0.140542 2.361105 0 0 0 0 0
 0.526855 2.318164 -11.696191 -0.112434 2.361105 0 0 0 0 0
 0.632227 2.212793 -11.696191 -0.140542 2.361105 0 0 0 0 0
 0.842969 2.318164 -11.801563 -0.140542 2.417322 0 0 0 0 0
 0.421484 2.212793 -11.906934 -0.084325 2.389214 0 0 0 0 0
 0.842969 2.423535 -12.012305 -0.16865 2.417322 0 0 0 0 0
 0.632227 2.107422 -11.801563 -0.112434 2.389214 0 0 0 0 0
 0.632227 2.212793 -11.801563 -0.112434 2.389214 0 0 0 0 0
 0.737598 2.107422 -12.012305 -0.112434 2.417322 0 0 0 0 0
 0.842969 2.318164 -12.117676 -0.140542 2.417322 0 0 0 0 0
 0.737598 2.107422 -11.906934 -0.16865 2.417322 0 0 0 0 0
 0.842969 2.318164 -11.906934 -0.16865 2.417322 0 0 0 0 0
 0.737598 2.423535 -11.801563 -0.140542 2.389214 0 0 0 0 0
 0.842969 2.212793 -11.696191 -0.140542 2.389214 0 0 0 0 0
 0.737598 2.212793 -11.906934 -0.112434 2.417322 0 0 0 0 0
 0.526855 2.212793 -11.696191 -0.112434 2.417322 0 0 0 0 0
 0.632227 2.212793 -12.012305 -0.140542 2.445431 0 0 0 0 0
 0.421484 2.212793 -11.906934 -0.140542 2.417322 0 0 0 0 0
 0.526855 2.212793 -11.906934 -0.140542 2.445431 0 0 0 0 0
 0.526855 2.002051 -11.906934 -0.084325 2.389214 0 0 0 0 0
 0.632227 2.212793 -11.906934 -0.196759 2.389214 0 0 0 0 0
 0.632227 2.318164 -12.012305 -0.140542 2.389214 0 0 0 0 0
 0.632227 2.318164 -11.801563 -0.112434 2.389214 0 0 0 0 0
 0.632227 2.423535 -11.59082 -0.084325 2.361105 0 0 0 0 0
 0.842969 2.107422 -11.906934 -0.140542 2.389214 0 0 0 0 0
 0.421484 2.212793 -11.906934 -0.112434 2.417322 0 0 0 0 0
 0.526855 2.423535 -11.906934 -0.140542 2.417322 0 0 0 0 0
 0.842969 2.528906 -12.012305 -0.112434 2.389214 0 0 0 0 0
 0.842969 2.528906 -12.012305 -0.084325 2.417322 0 0 0 0 0
 0.526855 2.107422 -11.906934 -0.056217 2.389214 0 0 0 0 0
 0.526855 2.107422 -11.906934 -0.196759 2.361105 0 0 0 0 0
 0.421484 2.318164 -11.696191 -0.112434 2.445431 0 0 0 0 0
 0.632227 2.423535 -11.696191 -0.16865 2.389214 0 0 0 0 0
 0.842969 2.528906 -11.906934 -0.112434 2.389214 0 0 0 0 0
 0.842969 2.423535 -11.906934 -0.140542 2.417322 0 0 0 0 0
 0.526855 2.212793 -11.696191 -0.112434 2.361105 0 0 0 0 0
 0.632227 2.212793 -11.801563 -0.084325 2.389214 0 0 0 0 0
 0.842969 2.423535 -11.59082 -0.140542 2.389214 0 0 0 0 0
 0.526855 2.318164 -11.801563 -0.084325 2.389214 0 0 0 0 0
 0.842969 2.528906 -11.906934 -0.112434 2.417322 0 0 0 0 0
 0.842969 2.423535 -11.906934 -0.112434 2.417322 0 0 0 0 0
 0.842969 2.212793 -11.906934 -0.140542 2.361105 0 0 0 0 0
 0.526855 2.318164 -11.906934 -0.16865 2.417322 0 0 0 0 0
 0.526855 2.212793 -11.801563 -0.140542 2.389214 0 0 0 0 0
 0.842969 2.528906 -11.696191 -0.084325 2.389214 0 0 0 0 0
 0.526855 2.318164 -11.696191 -0.112434 2.361105 0 0 0 0 0
 0.842969 2.423535 -12.117676 -0.140542 2.445431 0 0 0 0 0
 0.421484 2.423535 -11.696191 -0.112434 2.417322 0 0 0 0 0
 0.421484 2.318164 -11.906934 -0.140542 2.417322 0 0 0 0 0
 0.421484 2.423535 -11.801563 -0.112434 2.389214 0 0 0 0 0
 0.526855 2.528906 -11.696191 -0.140542 2.417322 0 0 0 0 0
 0.737598 2.212793 -11.906934 -0.112434 2.417322 0 0 0 0 0
 0.526855 2.212793 -11.906934 -0.16865 2.389214 0 0 0 0 0
 0.526855 2.318164 -11.801563 -0.112434 2.361105 0 0 0 0 0
 0.842969 2.528906 -12.012305 -0.112434 2.417322 0 0 0 0 0
 0.842969 2.318164 -12.012305 -0.140542 2.361105 0 0 0 0 0
 0.842969 2.528906 -11.801563 -0.140542 2.417322 0 0 0 0 0
 0.526855 2.528906 -11.906934 -0.140542 2.417322 0 0 0 0 0
 0.737598 2.212793 -11.906934 -0.112434 2.445431 0 0 0 0 0
 0.842969 2.423535 -11.906934 -0.140542 2.417322 0 0 0 0 0
 0.737598 2.528906 -12.012305 -0.140542 2.445431 0 0 0 0 0
 0.632227 2.528906 -11.801563 -0.112434 2.445431 0 0 0 0 0
 0.737598 2.528906 -11.696191 -0.112434 2.361105 0 0 0 0 0
 0.632227 2.212793 -11.906934 -0.140542 2.361105 0 0 0 0 0
 0.737598 2.423535 -11.696191 -0.16865 2.389214 0 0 0 0 0
 0.526855 2.212793 -11.906934 -0.084325 2.417322 0 0 0 0 0
 0.737598 2.212793 -11.801563 -0.140542 2.361105 0 0 0 0 0
 0.526855 2.528906 -11.696191 -0.140542 2.389214 0 0 0 0 0
 0.737598 2.528906 -11.696191 -0.140542 2.389214 0 0 0 0 0
 0.737598 2.528906 -11.696191 -0.16865 2.445431 0 0 0 0 0
 0.632227 2.634277 -12.012305 -0.16865 2.445431 0 0 0 0 0
 0.526855 2.318164 -11.696191 -0.112434 2.417322 0 0 0 0 0
 0.632227 2.318164 -12.012305 -0.140542 2.361105 0 0 0 0 0
 0.842969 2.634277 -11.801563 -0.224867 2.389214 0 0 0 0 0
 0.842969 2.634277 -12.012305 -0.196759 2.361105 0 0 0 0 0
 0.632227 2.84502 -11.696191 -0.196759 2.361105 0 0 0 0 0
 0.632227 2.739648 -11.801563 -0.084325 2.417322 0 0 0 0 0
 0.842969 2.950391 -11.696191 -0.084325 2.473539 0 0 0 0 0
 0.632227 2.528906 -11.696191 0 2.417322 0 0 0 0 0
 0.737598 2.423535 -11.906934 -0.084325 2.389214 0 0 0 0 0
 0.632227 2.318164 -11.696191 -0.112434 2.417322 0 0 0 0 0
 0.526855 2.002051 -12.012305 -0.112434 2.389214 0 0 0 0 0
 0.737598 2.212793 -11.696191 -0.112434 2.361105 0 0 0 0 0
 0.632227 2.739648 -12.012305 -0.140542 2.417322 0 0 0 0 0
 0.632227 2.739648 -11.696191 -0.16865 2.445431 0 0 0 0 0
 0.737598 2.423535 -11.906934 -0.140542 2.417322 0 0 0 0 0
 0.842969 2.528906 -11.696191 -0.140542 2.417322 0 0 0 0 0
 0.842969 2.528906 -11.906934 -0.140542 2.417322 0 0 0 0 0
 0.842969 2.634277 -11.801563 -0.112434 2.389214 0 0 0 0 0
 0.421484 2.423535 -11.696191 -0.112434 2.389214 0 0 0 0 0
 0.842969 2.423535 -12.012305 -0.112434 2.389214 0 0 0 0 0
 0.737598 2.634277 -12.117676 -0.140542 2.417322 0 0 0 0 0
 0.842969 2.528906 -11.801563 -0.140542 2.417322 0 0 0 0 0
 0.842969 2.423535 -12.012305 -0.112434 2.445431 0 0 0 0 0
 0.737598 2.318164 -11.906934 -0.112434 2.361105 0 0 0 0 0
 0.737598 2.528906 -12.012305 -0.140542 2.445431 0 0 0 0 0
 0.737598 2.423535 -12.012305 -0.16865 2.417322 0 0 0 0 0
 0.842969 2.634277 -11.801563 -0.16865 2.445431 0 0 0 0 0
 0.737598 2.634277 -12.012305 -0.140542 2.445431 0 0 0 0 0
 0.526855 2.423535 -11.906934 -0.140542 2.389214 0 0 0 0 0
 0.526855 2.739648 -11.906934 -0.140542 2.445431 0 0 0 0 0
 0.526855 2.318164 -11.906934 -0.140542 2.445431 0 0 0 0 0
 0.632227 2.423535 -12.012305 -0.140542 2.389214 0 0 0 0 0
 0.632227 2.423535 -12.012305 -0.112434 2.445431 0 0 0 0 0
 0.842969 2.528906 -11.906934 -0.16865 2.445431 0 0 0 0 0
 0.842969 2.634277 -11.801563 -0.16865 2.417322 0 0 0 0 0
 0.632227 2.318164 -11.906934 -0.112434 2.417322 0 0 0 0 0
 0.842969 2.634277 -11.696191 -0.140542 2.417322 0 0 0 0 0
 0.526855 2.318164 -11.906934 -0.16865 2.417322 0 0 0 0 0
 0.737598 2.423535 -12.012305 -0.112434 2.389214 0 0 0 0 0
 0.526855 2.423535 -12.012305 -0.084325 2.389214 0 0 0 0 0
 0.526855 2.528906 -11.906934 -0.140542 2.417322 0 0 0 0 0
 0.526855 2.739648 -11.696191 -0.112434 2.445431 0 0 0 0 0
 0.737598 2.318164 -12.012305 -0.140542 2.445431 0 0 0 0 0
 0.526855 2.528906 -11.59082 -0.112434 2.417322 0 0 0 0 0
 0.842969 2.318164 -11.801563 -0.084325 2.389214 0 0 0 0 0
 0.421484 2.423535 -11.801563 -0.112434 2.389214 0 0 0 0 0
 0.737598 2.423535 -11.696191 -0.140542 2.417322 0 0 0 0 0
 0.737598 2.212793 -11.906934 -0.112434 2.389214 0 0 0 0 0
 0.737598 2.318164 -11.906934 -0.140542 2.445431 0 0 0 0 0
 0.526855 2.423535 -11.906934 -0.084325 2.389214 0 0 0 0 0
 0.632227 2.423535 -11.696191 -0.112434 2.389214 0 0 0 0 0
 0.737598 2.634277 -11.906934 -14.194741 2.417322 0 0 0 0 0
 0.737598 2.318164 -12.012305 -0.112434 2.389214 0 0 0 0 0
 0.842969 2.528906 -11.801563 -0.084325 2.389214 0 0 0 0 0
 0.526855 2.318164 -11.906934 -0.140542 2.361105 0 0 0 0 0
 0.632227 2.318164 -11.59082 -0.140542 2.417322 0 0 0 0 0
 0.737598 2.318164 -11.801563 -0.112434 2.389214 0 0 0 0 0
 0.842969 2.423535 -11.906934 -0.140542 2.361105 0 0 0 0 0
 0.842969 2.423535 -12.012305 -0.084325 2.389214 0 0 0 0 0
 0.526855 2.528906 -11.801563 -0.084325 2.361105 0 0 0 0 0
 0.632227 2.528906 -11.59082 -0.140542 2.445431 0 0 0 0 0
 0.421484 2.528906 -11.906934 -0.140542 2.389214 0 0 0 0 0
 0.526855 2.528906 -11.696191 -0.140542 2.389214 0 0 0 0 0
 0.737598 2.423535 -11.906934 -0.112434 2.389214 0 0 0 0 0
 0.842969 2.634277 -12.012305 -0.112434 2.417322 0 0 0 0 0
 0.842969 2.528906 -11.906934 -0.140542 2.417322 0 0 0 0 0
 0.94834 2.318164 -11.801563 -0.112434 2.389214 0 0 0 0 0
 0.632227 2.318164 -11.906934 -0.140542 2.389214 0 0 0 0 0
 0.842969 2.634277 -11.696191 -0.16865 2.417322 0 0 0 0 0
 0.526855 2.423535 -11.801563 -0.112434 2.417322 0 0 0 0 0
 0.526855 2.528906 -11.696191 -0.112434 2.389214 0 0 0 0 0
 0.737598 2.528906 -11.906934 -0.140542 2.417322 0 0 0 0 0
 0.842969 2.634277 -11.801563 -0.140542 2.445431 0 0 0 0 0
 0.737598 2.318164 -11.801563 -0.112434 2.389214 0 0 0 0 0
 0.842969 2.634277 -11.906934 -0.16865 2.417322 0 0 0 0 0
 0.842969 2.634277 -12.012305 -0.140542 2.417322 0 0 0 0 0
 0.526855 2.318164 -11.59082 -0.112434 2.361105 0 0 0 0 0
 0.526855 2.318164 -11.801563 -0.140542 2.417322 0 0 0 0 0
 0.737598 2.212793 -11.696191 -0.084325 -12.733104 0 0 0 0 0
 0.632227 2.423535 -11.696191 -0.140542 2.389214 0 0 0 0 0
 0.632227 2.318164 -12.012305 -0.084325 2.389214 0 0 0 0 0
 0.737598 2.528906 -11.906934 -0.112434 2.389214 0 0 0 0 0
 0.632227 2.423535 -12.012305 -0.084325 2.417322 0 0 0 0 0
 0.526855 2.423535 -11.801563 -0.140542 2.417322 0 0 0 0 0
 0.842969 2.423535 -11.906934 -0.112434 2.389214 0 0 0 0 0
 0.632227 2.423535 -11.696191 -0.140542 2.389214 0 0 0 0 0
 0.737598 2.528906 -11.59082 -0.140542 2.417322 0 0 0 0 0
 0.737598 2.528906 -11.696191 -0.112434 2.361105 0 0 0 0 0
 0.632227 2.423535 -11.59082 -0.140542 2.361105 0 0 0 0 0
 0.737598 2.739648 -11.696191 -0.112434 2.389214 0 0 0 0 0
 0.737598 2.423535 -11.906934 -0.112434 2.445431 0 0 0 0 0
 0.842969 2.634277 -11.801563 -0.084325 2.389214 0 0 0 0 0
 0.421484 2.423535 -11.696191 -0.084325 2.417322 0 0 0 0 0
 0.526855 2.318164 -12.012305 -0.140542 2.445431 0 0 0 0 0
 0.842969 2.423535 -12.012305 -0.140542 2.361105 0 0 0 0 0
 0.842969 2.318164 -11.801563 -0.16865 2.417322 0 0 0 0 0
 0.632227 2.634277 -11.906934 -0.16865 2.417322 0 0 0 0 0
 0.632227 2.528906 -12.012305 -0.16865 2.445431 0 0 0 0 0
 0.632227 2.528906 -11.59082 -0.112434 2.361105 0 0 0 0 0
 0.632227 2.528906 -11.59082 -0.112434 2.445431 0 0 0 0 0
 0.737598 2.318164 -11.906934 -0.112434 2.389214 0 0 0 0 0
 0.842969 2.423535 -11.801563 -0.112434 2.389214 0 0 0 0 0
 0.526855 2.528906 -12.012305 -0.112434 2.445431 0 0 0 0 0
 0.632227 2.739648 -11.696191 -0.140542 2.389214 0 0 0 0 0
 0.632227 2.634277 -11.59082 -0.140542 2.445431 0 0 0 0 0
 0.842969 2.634277 -11.906934 -0.112434 2.389214 0 0 0 0 0
 0.632227 2.634277 -12.012305 -0.140542 2.445431 0 0 0 0 0
 0.526855 2.634277 -11.696191 -0.140542 2.361105 0 0 0 0 0
 0.632227 2.739648 -11.59082 -0.140542 2.445431 0 0 0 0 0
 0.842969 2.634277 -11.801563 -0.084325 2.389214 0 0 0 0 0
 0.737598 2.318164 -11.906934 -0.140542 2.445431 0 0 0 0 0
 0.421484 2.634277 -11.59082 -0.140542 2.389214 0 0 0 0 0
 0.526855 2.318164 -12.012305 -0.084325 2.389214 0 0 0 0 0
 0.737598 2.634277 -11.696191 -0.112434 2.445431 0 0 0 0 0
 0.842969 2.528906 -12.012305 -0.140542 2.361105 0 0 0 0 0
 0.737598 2.634277 -11.59082 -0.112434 2.361105 0 0 0 0 0
 0.737598 2.634277 -11.59082 -0.16865 2.445431 0 0 0 0 0
 0.737598 2.318164 -12.012305 -0.112434 2.417322 0 0 0 0 0
 0.842969 2.318164 -11.906934 -0.084325 2.417322 0 0 0 0 0
 0.842969 2.634277 -11.696191 -0.16865 2.417322 0 0 0 0 0
 0.842969 2.423535 -11.906934 -0.112434 2.417322 0 0 0 0 0
 0.526855 2.739648 -11.696191 -0.112434 2.389214 0 0 0 0 0
 0.737598 2.423535 -11.59082 -0.112434 2.389214 0 0 0 0 0
 0.737598 2.423535 -11.696191 -0.112434 2.417322 0 0 0 0 0
 0.632227 2.634277 -12.117676 -0.112434 2.445431 0 0 0 0 0
 0.421484 2.423535 -11.696191 -0.084325 2.417322 0 0 0 0 0
 0.737598 2.423535 -11.696191 -0.112434 2.361105 0 0 0 0 0
 0.632227 2.212793 -11.801563 -0.140542 2.417322 0 0 0 0 0
 0.632227 2.634277 -11.906934 -0.140542 2.445431 0 0 0 0 0
 0.526855 2.528906 -11.906934 -0.16865 2.417322 0 0 0 0 0
 0.842969 2.528906 -11.696191 -0.16865 2.417322 0 0 0 0 0
 0.632227 2.634277 -11.59082 -0.140542 2.445431 0 0 0 0 0
 0.632227 2.423535 -12.012305 -0.112434 2.389214 0 0 0 0 0
 0.526855 2.423535 -11.59082 -0.140542 2.361105 0 0 0 0 0
 0.632227 2.739648 -11.696191 -0.112434 2.389214 0 0 0 0 0
 0.632227 2.739648 -11.906934 -0.140542 2.417322 0 0 0 0 0
 0.737598 2.212793 -11.906934 -0.112434 2.417322 0 0 0 0 0
 0.842969 2.318164 -11.696191 -0.140542 2.361105 0 0 0 0 0
 0.737598 2.634277 -11.696191 -0.112434 2.417322 0 0 0 0 0
 0.842969 2.528906 -11.801563 -12.789321 2.417322 0 0 0 0 0
 0.632227 2.634277 -11.906934 -0.140542 2.417322 0 0 0 0 0
 0.526855 2.423535 -11.906934 -0.112434 2.389214 0 0 0 0 0
 0.737598 2.634277 -12.012305 -0.16865 2.417322 0 0 0 0 0
 0.842969 2.634277 -11.906934 -0.16865 2.445431 0 0 0 0 0
 0.632227 2.318164 -11.59082 -0.084325 2.389214 0 0 0 0 0
 0.737598 2.318164 -11.696191 -0.112434 2.389214 0 0 0 0 0
 0.421484 2.528906 -11.906934 -0.16865 2.417322 0 0 0 0 0
 0.632227 2.423535 -11.906934 -0.084325 2.389214 0 0 0 0 0
 0.842969 2.528906 -12.012305 -0.16865 2.417322 0 0 0 0 0
 0.842969 2.528906 -11.906934 -0.140542 2.389214 0 0 0 0 0
 0.632227 2.423535 -11.906934 -0.140542 2.361105 0 0 0 0 0
 0.737598 2.423535 -11.906934 -0.112434 2.417322 0 0 0 0 0
 0.421484 2.528906 -11.696191 -0.112434 2.389214 0 0 0 0 0
 0.632227 2.634277 -11.59082 -0.140542 2.445431 0 0 0 0 0
 0.421484 2.423535 -11.696191 -0.140542 2.417322 0 0 0 0 0
 0.526855 2.423535 -11.906934 -0.084325 2.389214 0 0 0 0 0
 0.632227 2.423535 -12.012305 -0.140542 2.389214 0 0 0 0 0
 0.526855 2.528906 -11.59082 -0.112434 2.445431 0 0 0 0 0
 0.421484 2.423535 -11.906934 -0.112434 2.389214 0 0 0 0 0
 0.737598 2.423535 -11.906934 -0.140542 2.361105 0 0 0 0 0
 0.526855 2.634277 -11.906934 -0.16865 2.417322 0 0 0 0 0
 0.632227 2.423535 -12.012305 -0.084325 2.389214 0 0 0 0 0
 0.632227 2.634277 -12.012305 -0.140542 2.445431 0 0 0 0 0
 0.737598 2.423535 -12.012305 -0.112434 2.417322 0 0 0 0 0
 0.526855 2.528906 -11.696191 -0.112434 2.417322 0 0 0 0 0
 0.526855 2.423535 -11.801563 -0.112434 2.417322 0 0 0 0 0
 0.737598 2.634277 -11.906934 -0.140542 2.417322 0 0 0 0 0
 0.421484 2.528906 -11.801563 -0.140542 2.417322 0 0 0 0 0
 0.737598 2.634277 -11.696191 -0.140542 2.417322 0 0 0 0 0
 0.842969 2.634277 -11.696191 -0.140542 2.361105 0 0 0 0 0
 0.737598 2.528906 -12.117676 -0.112434 2.445431 0 0 0 0 0
 0.632227 2.423535 -11.696191 -0.140542 2.389214 0 0 0 0 0
 0.632227 2.318164 -11.906934 -0.084325 2.389214 0 0 0 0 0
 0.632227 2.318164 -11.59082 -0.140542 2.389214 0 0 0 0 0
 0.526855 2.423535 -11.906934 -0.084325 2.389214 0 0 0 0 0
 0.632227 2.423535 -11.801563 -0.140542 2.417322 0 0 0 0 0
 0.842969 2.634277 -11.906934 -0.16865 2.417322 0 0 0 0 0
 0.526855 2.423535 -12.012305 -0.140542 2.389214 0 0 0 0 0
 0.842969 2.528906 -11.801563 -0.16865 2.389214 0 0 0 0 0
 0.842969 2.634277 -11.801563 -0.084325 2.389214 0 0 0 0 0
 0.632227 2.528906 -12.012305 -0.140542 2.417322 0 0 0 0 0
 0.842969 2.634277 -11.59082 -0.16865 2.361105 0 0 0 0 0
 0.842969 2.528906 -11.696191 -0.16865 2.417322 0 0 0 0 0
 0.526855 2.739648 -11.696191 -0.112434 2.389214 0 0 0 0 0
 0.526855 2.318164 -11.906934 -0.084325 2.417322 0 0 0 0 0
 0.842969 2.423535 -11.906934 -0.140542 2.389214 0 0 0 0 0
 0.94834 2.423535 -11.801563 -0.084325 2.389214 0 0 0 0 0
 0.737598 2.634277 -11.801563 -0.084325 2.389214 0 0 0 0 0
 0.842969 2.423535 -11.906934 -0.140542 2.361105 0 0 0 0 0
 0.737598 2.318164 -11.801563 -0.16865 2.417322 0 0 0 0 0
 0.632227 2.318164 -11.59082 -0.140542 2.361105 0 0 0 0 0
 0.526855 2.423535 -11.801563 -0.16865 2.445431 0 0 0 0 0
 0.842969 2.528906 -11.906934 -0.140542 2.389214 0 0 0 0 0
 0.632227 2.739648 -12.012305 -0.112434 2.417322 0 0 0 0 0
 0.737598 2.423535 -12.012305 -0.140542 2.389214 0 0 0 0 0
 0.632227 2.423535 -11.696191 -0.112434 2.389214 0 0 0 0 0
 0.737598 2.739648 -11.906934 -0.16865 2.445431 0 0 0 0 0
 0.737598 2.423535 -12.012305 -0.112434 2.417322 0 0 0 0 0
 0.526855 2.528906 -11.59082 -0.084325 2.389214 0 0 0 0 0
 0.737598 2.423535 -11.906934 -0.16865 2.417322 0 0 0 0 0
 0.632227 2.634277 -11.696191 -12.789321 2.417322 0 0 0 0 0
 0.737598 2.528906 -11.696191 -0.112434 2.361105 0 0 0 0 0
 0.526855 2.423535 -11.696191 -0.084325 2.417322 0 0 0 0 0
 0.737598 2.634277 -11.696191 -0.112434 2.361105 0 0 0 0 0
 0.526855 2.528906 -11.696191 -0.112434 2.389214 0 0 0 0 0
 0.842969 2.634277 -11.696191 -0.112434 2.389214 0 0 0 0 0
 0.737598 2.739648 -11.59082 -0.140542 2.445431 0 0 0 0 0
 0.842969 2.739648 -11.906934 -0.140542 2.445431 0 0 0 0 0
 0.526855 2.318164 -11.801563 -0.112434 2.417322 0 0 0 0 0
 0.632227 2.528906 -11.906934 -0.140542 2.445431 0 0 0 0 0
 0.842969 2.423535 -11.801563 -0.140542 2.417322 0 0 0 0 0
 0.842969 2.528906 -11.906934 -0.112434 2.389214 0 0 0 0 0
 0.421484 2.528906 -11.801563 -0.084325 2.389214 0 0 0 0 0
 0.737598 2.528906 -11.906934 -0.140542 2.445431 0 0 0 0 0
 0.421484 2.528906 -11.59082 -0.084325 2.445431 0 0 0 0 0
 0.737598 2.423535 -12.012305 -0.140542 2.417322 0 0 0 0 0
 0.421484 2.528906 -11.906934 -0.084325 2.417322 0 0 0 0 0
 0.842969 2.528906 -11.906934 -0.140542 2.417322 0 0 0 0 0
 0.526855 2.318164 -11.696191 -0.140542 2.389214 0 0 0 0 0
 0.632227 2.423535 -11.906934 -0.084325 2.417322 0 0 0 0 0
 0.632227 2.528906 -11.696191 -0.140542 2.389214 0 0 0 0 0
 0.737598 2.634277 -11.696191 -0.16865 2.417322 0 0 0 0 0
 0.94834 2.318164 -11.801563 -0.084325 2.389214 0 0 0 0 0
 0.526855 2.423535 -11.59082 -0.084325 2.389214 0 0 0 0 0
 0.737598 2.528906 -12.012305 -0.112434 2.445431 0 0 0 0 0
 0.737598 2.528906 -12.117676 -0.140542 2.417322 0 0 0 0 0
 0.737598 2.423535 -11.696191 -0.112434 2.389214 0 0 0 0 0
 0.526855 2.634277 -11.59082 -0.084325 2.361105 0 0 0 0 0
 0.737598 2.528906 -11.906934 -0.140542 2.389214 0 0 0 0 0
 0.842969 2.634277 -11.906934 -0.140542 2.417322 0 0 0 0 0
 0.526855 2.318164 -11.59082 -0.084325 2.417322 0 0 0 0 0
 0.632227 2.634277 -11.59082 -0.140542 2.361105 0 0 0 0 0
 0.526855 2.739648 -11.906934 -0.16865 2.445431 0 0 0 0 0
 0.842969 2.528906 -11.801563 -0.140542 2.389214 0 0 0 0 0
 0.526855 2.318164 -11.906934 -0.112434 2.389214 0 0 0 0 0
 0.421484 2.423535 -11.906934 -0.112434 2.445431 0 0 0 0 0
 0.632227 2.318164 -12.012305 -0.084325 2.417322 0 0 0 0 0
 0.526855 2.318164 -11.906934 -0.16865 2.417322 0 0 0 0 0
 0.737598 2.318164 -12.012305 -0.140542 2.361105 0 0 0 0 0
 0.737598 2.739648 -11.696191 -0.112434 2.389214 0 0 0 0 0
 0.526855 2.423535 -11.801563 -0.112434 2.389214 0 0 0 0 0
 0.526855 2.528906 -11.59082 -0.112434 2.417322 0 0 0 0 0
 0.632227 2.212793 -11.906934 -0.112434 2.361105 0 0 0 0 0
 0.737598 2.423535 -12.012305 -0.16865 2.417322 0 0 0 0 0
 0.737598 2.423535 -12.012305 -0.140542 2.417322 0 0 0 0 0
 0.421484 2.528906 -11.801563 -0.112434 2.389214 0 0 0 0 0
 0.737598 2.318164 -12.012305 -0.112434 2.389214 0 0 0 0 0
 0.842969 2.528906 -12.012305 -0.112434 2.417322 0 0 0 0 0
 0.737598 2.423535 -12.117676 -0.140542 2.417322 0 0 0 0 0
 0.632227 2.528906 -11.696191 -0.140542 2.389214 0 0 0 0 0
 0.526855 2.423535 -11.906934 -0.084325 2.417322 0 0 0 0 0
 0.737598 2.634277 -11.696191 -0.140542 2.361105 0 0 0 0 0
 0.737598 2.634277 -11.801563 -0.16865 2.417322 0 0 0 0 0
 0.94834 2.634277 -11.801563 -0.112434 2.445431 0 0 0 0 0
 0.526855 2.423535 -11.906934 -0.112434 2.361105 0 0 0 0 0
 0.526855 2.423535 -11.59082 -0.140542 2.361105 0 0 0 0 0
 0.632227 2.739648 -11.696191 -0.140542 2.361105 0 0 0 0 0
 0.737598 2.423535 -11.906934 -0.140542 2.361105 0 0 0 0 0
 0.421484 2.318164 -11.696191 -0.112434 2.417322 0 0 0 0 0
 0.737598 2.528906 -11.801563 -0.112434 2.389214 0 0 0 0 0
 0.526855 2.739648 -11.696191 -0.140542 2.361105 0 0 0 0 0
 0.526855 2.423535 -11.696191 -0.112434 2.417322 0 0 0 0 0
 0.737598 2.634277 -11.801563 -0.16865 2.389214 0 0 0 0 0
 0.526855 2.318164 -11.59082 -0.084325 2.417322 0 0 0 0 0
 0.526855 2.423535 -11.801563 -0.140542 2.361105 0 0 0 0 0
 0.632227 2.634277 -11.59082 -0.140542 2.445431 0 0 0 0 0
 0.737598 2.423535 -12.012305 -0.112434 2.445431 0 0 0 0 0
 0.421484 2.423535 -11.906934 -0.084325 2.417322 0 0 0 0 0
 0.632227 2.423535 -12.117676 -0.112434 2.445431 0 0 0 0 0
 0.526855 2.634277 -12.012305 -0.140542 2.445431 0 0 0 0 0
 0.737598 2.528906 -11.906934 -0.112434 2.417322 0 0 0 0 0
 0.526855 2.528906 -11.801563 -0.084325 2.389214 0 0 0 0 0
 0.526855 2.423535 -11.696191 -0.112434 2.417322 0 0 0 0 0
 0.842969 2.634277 -11.801563 -0.140542 2.417322 0 0 0 0 0
 0.737598 2.634277 -11.801563 -0.084325 2.389214 0 0 0 0 0
 0.737598 2.634277 -11.696191 -0.16865 2.417322 0 0 0 0 0
 0.842969 2.423535 -12.012305 -0.140542 2.417322 0 0 0 0 0
 0.737598 2.634277 -11.696191 -0.16865 2.445431 0 0 0 0 0
 0.737598 2.739648 -11.696191 -0.140542 2.389214 0 0 0 0 0
 0.632227 2.423535 -12.012305 -0.084325 2.473539 0 0 0 0 0
 0.737598 2.528906 -12.117676 -0.112434 2.445431 0 0 0 0 0
 0.421484 2.634277 -11.801563 -0.084325 2.417322 0 0 0 0 0
 0.526855 2.423535 -11.696191 -0.112434 2.361105 0 0 0 0 0
 0.632227 2.634277 -11.696191 -0.084325 2.389214 0 0 0 0 0
 0.842969 2.739648 -11.801563 -0.112434 2.361105 0 0 0 0 0
 0.526855 2.528906 -11.696191 -0.112434 2.417322 0 0 0 0 0
 0.526855 2.528906 -11.696191 -0.112434 2.389214 0 0 0 0 0
 0.526855 2.739648 -11.59082 -0.140542 2.445431 0 0 0 0 0
 0.421484 2.318164 -11.801563 -0.112434 2.361105 0 0 0 0 0
 0.737598 2.739648 -11.696191 -0.084325 2.389214 0 0 0 0 0
 0.632227 2.739648 -11.696191 -0.140542 2.445431 0 0 0 0 0
 0.842969 2.528906 -11.801563 -0.140542 2.389214 0 0 0 0 0
 0.842969 2.423535 -11.906934 -0.140542 2.389214 0 0 0 0 0
 0.421484 2.423535 -11.801563 -0.16865 2.389214 0 0 0 0 0
 0.632227 2.634277 -11.696191 -0.140542 2.389214 0 0 0 0 0
 0.737598 2.634277 -11.906934 -0.112434 2.417322 0 0 0 0 0
 0.737598 2.634277 -12.012305 -0.16865 2.445431 0 0 0 0 0
 0.421484 2.528906 -11.801563 -0.084325 2.417322 0 0 0 0 0
 0.737598 2.423535 -11.696191 -0.140542 2.417322 0 0 0 0 0
 0.632227 2.634277 -11.801563 -0.112434 2.417322 0 0 0 0 0
 0.632227 2.528906 -11.906934 -0.140542 2.473539 0 0 0 0 0
 0.632227 2.528906 -11.59082 -0.112434 2.389214 0 0 0 0 0
 0.632227 2.318164 -11.59082 -0.112434 2.417322 0 0 0 0 0
 0.526855 2.318164 -11.696191 -0.112434 2.417322 0 0 0 0 0
 0.842969 2.634277 -11.801563 -0.16865 2.417322 0 0 0 0 0
 0.842969 2.634277 -12.012305 -0.112434 2.445431 0 0 0 0 0
 0.842969 2.528906 -11.59082 -0.140542 2.389214 0 0 0 0 0
 0.737598 2.318164 -11.801563 -0.112434 2.417322 0 0 0 0 0
 0.421484 2.318164 -12.012305 -0.16865 2.417322 0 0 0 0 0
 0.526855 2.423535 -11.696191 -0.084325 2.389214 0 0 0 0 0
 0.526855 2.423535 -11.906934 -0.140542 2.445431 0 0 0 0 0
 0.842969 2.423535 -12.012305 -0.112434 2.445431 0 0 0 0 0
 0.632227 2.423535 -11.801563 -0.140542 2.389214 0 0 0 0 0
 0.632227 2.423535 -11.906934 -0.16865 2.417322 0 0 0 0 0
 0.526855 2.528906 -11.696191 -0.112434 2.389214 0 0 0 0 0
 0.526855 2.634277 -11.801563 -0.16865 2.417322 0 0 0 0 0
 0.526855 2.634277 -11.59082 -0.112434 2.361105 0 0 0 0 0
 0.526855 2.528906 -11.696191 -0.084325 2.445431 0 0 0 0 0
 0.421484 2.528906 -11.801563 -0.140542 2.417322 0 0 0 0 0
 0.526855 2.423535 -11.801563 -0.084325 2.417322 0 0 0 0 0
 0.842969 2.528906 -11.801563 -0.140542 2.417322 0 0 0 0 0
 0.737598 2.739648 -11.801563 -0.140542 2.417322 0 0 0 0 0
 0.737598 2.318164 -11.696191 -0.112434 2.389214 0 0 0 0 0
 0.737598 2.634277 -11.696191 -0.16865 2.417322 0 0 0 0 0
 0.632227 2.318164 -11.59082 -0.084325 2.417322 0 0 0 0 0
 0.421484 2.423535 -11.696191 -0.112434 2.417322 0 0 0 0 0
 0.526855 2.423535 -11.801563 -0.112434 2.417322 0 0 0 0 0
 0.632227 2.739648 -11.696191 -0.112434 2.361105 0 0 0 0 0
 0.526855 2.739648 -12.012305 -0.112434 2.445431 0 0 0 0 0
 0.632227 2.634277 -11.906934 -0.140542 2.417322 0 0 0 0 0
 0.632227 2.634277 -11.59082 -0.084325 2.417322 0 0 0 0 0
 0.526855 2.423535 -11.696191 -0.112434 2.417322 0 0 0 0 0
 0.842969 2.528906 -11.696191 -0.140542 2.417322 0 0 0 0 0
 0.737598 2.318164 -12.012305 -0.140542 2.417322 0 0 0 0 0
 0.526855 2.423535 -11.906934 -0.112434 2.389214 0 0 0 0 0
 0.421484 2.318164 -11.906934 -0.140542 2.417322 0 0 0 0 0
 0.526855 2.528906 -12.117676 -0.112434 2.445431 0 0 0 0 0
 0.632227 2.528906 -11.801563 -0.112434 2.389214 0 0 0 0 0
 0.632227 2.423535 -11.696191 -0.112434 2.389214 0 0 0 0 0
 0.737598 2.634277 -11.906934 -0.140542 2.389214 0 0 0 0 0
 0.421484 2.423535 -11.696191 -0.112434 2.417322 0 0 0 0 0
 0.737598 2.528906 -11.906934 -0.140542 2.417322 0 0 0 0 0
 0.421484 2.528906 -11.696191 -0.112434 2.389214 0 0 0 0 0
 0.842969 2.634277 -11.801563 -0.140542 2.445431 0 0 0 0 0
 0.842969 2.423535 -11.696191 -0.112434 2.445431 0 0 0 0 0
 0.526855 2.423535 -11.801563 -0.084325 2.417322 0 0 0 0 0
 0.842969 2.634277 -11.696191 -0.16865 2.417322 0 0 0 0 0
 0.842969 2.318164 -11.906934 -0.140542 2.445431 0 0 0 0 0
 0.737598 2.634277 -11.696191 -0.084325 2.445431 0 0 0 0 0
 0.421484 2.423535 -11.696191 -0.112434 2.417322 0 0 0 0 0
 0.842969 2.634277 -11.801563 -0.140542 2.417322 0 0 0 0 0
 0.632227 2.739648 -11.696191 -0.140542 2.389214 0 0 0 0 0
 0.737598 2.634277 -11.696191 -0.140542 2.445431 0 0 0 0 0
 0.526855 2.423535 -11.801563 -0.084325 2.417322 0 0 0 0 0
 0.842969 2.528906 -11.801563 -0.16865 2.417322 0 0 0 0 0
 0.842969 2.528906 -11.906934 -0.112434 2.389214 0 0 0 0 0
 0.842969 2.634277 -12.012305 -0.140542 2.445431 0 0 0 0 0
 0.842969 2.423535 -11.906934 -0.140542 2.389214 0 0 0 0 0
 0.842969 2.634277 -11.696191 -0.112434 2.389214 0 0 0 0 0
 0.632227 2.634277 -11.59082 -0.140542 2.473539 0 0 0 0 0
 0.526855 2.318164 -11.801563 -0.084325 2.389214 0 0 0 0 0
 0.737598 2.739648 -11.696191 -0.140542 2.445431 0 0 0 0 0
 0.842969 2.528906 -11.906934 -0.140542 2.389214 0 0 0 0 0
 0.526855 2.423535 -11.696191 -0.112434 2.389214 0 0 0 0 0
 0.526855 2.528906 -11.801563 -0.140542 2.417322 0 0 0 0 0
 0.737598 2.423535 -11.906934 -0.140542 2.389214 0 0 0 0 0
 0.526855 2.423535 -11.906934 -0.16865 2.417322 0 0 0 0 0
 0.737598 2.318164 -11.696191 -0.112434 2.361105 0 0 0 0 0
 0.737598 2.634277 -11.59082 -0.112434 2.361105 0 0 0 0 0
 0.526855 2.528906 -11.59082 -0.112434 2.473539 0 0 0 0 0
 0.526855 2.528906 -11.696191 -0.084325 2.389214 0 0 0 0 0
 0.737598 2.423535 -12.012305 -0.112434 2.389214 0 0 0 0 0
 0.737598 2.528906 -12.012305 -0.112434 2.417322 0 0 0 0 0
 0.421484 2.423535 -11.696191 -0.084325 2.417322 0 0 0 0 0
 0.842969 2.423535 -11.696191 -0.084325 2.389214 0 0 0 0 0
 0.842969 2.318164 -12.012305 -0.16865 2.417322 0 0 0 0 0
 0.526855 2.423535 -12.012305 -0.112434 2.417322 0 0 0 0 0
 0.94834 2.528906 -11.801563 -0.140542 2.389214 0 0 0 0 0
 0.842969 2.528906 -11.696191 -0.16865 2.417322 0 0 0 0 0
 0.526855 2.528906 -11.59082 -0.112434 2.361105 0 0 0 0 0
 0.632227 2.528906 -12.012305 -0.140542 2.417322 0 0 0 0 0
 0.737598 2.634277 -12.012305 -0.140542 2.445431 0 0 0 0 0
 0.526855 2.528906 -11.906934 -0.112434 2.417322 0 0 0 0 0
 0.737598 2.634277 -11.696191 -0.140542 2.445431 0 0 0 0 0
 0.842969 2.634277 -11.801563 -0.112434 2.445431 0 0 0 0 0
 0.421484 2.423535 -11.801563 -0.112434 2.417322 0 0 0 0 0
 0.842969 2.423535 -11.906934 -0.140542 2.361105 0 0 0 0 0
 0.526855 2.423535 -11.801563 -0.112434 2.417322 0 0 0 0 0
 0.632227 2.423535 -11.801563 -0.140542 2.445431 0 0 0 0 0
 0.737598 2.318164 -11.696191 -0.112434 2.389214 0 0 0 0 0
 0.842969 2.739648 -11.906934 -0.140542 2.417322 0 0 0 0 0
 0.632227 2.739648 -11.696191 -0.140542 2.389214 0 0 0 0 0
 0.737598 2.634277 -12.012305 -0.16865 2.417322 0 0 0 0 0
 0.632227 2.739648 -11.906934 -0.140542 2.445431 0 0 0 0 0
 0.737598 2.423535 -11.696191 -0.084325 2.389214 0 0 0 0 0
 0.526855 2.318164 -11.801563 -0.140542 2.361105 0 0 0 0 0
 0.737598 2.423535 -11.485449 -0.112434 2.389214 0 0 0 0 0
 0.737598 2.634277 -11.59082 -0.16865 2.417322 0 0 0 0 0
 0.632227 2.739648 -11.801563 -0.140542 2.445431 0 0 0 0 0
 0.842969 2.634277 -11.906934 -0.140542 2.389214 0 0 0 0 0
 0.842969 2.423535 -11.906934 -0.084325 2.417322 0 0 0 0 0
 0.737598 2.634277 -11.696191 -0.16865 2.445431 0 0 0 0 0
 0.632227 2.318164 -11.696191 -0.112434 2.361105 0 0 0 0 0
 0.842969 2.634277 -11.906934 -0.140542 2.389214 0 0 0 0 0
 0.842969 2.528906 -11.906934 -0.112434 2.417322 0 0 0 0 0
 0.632227 2.634277 -12.012305 -0.084325 2.389214 0 0 0 0 0
 0.421484 2.423535 -11.801563 -0.084325 2.389214 0 0 0 0 0
 0.526855 2.528906 -11.906934 -0.16865 2.417322 0 0 0 0 0
 0.526855 2.423535 -11.59082 -0.112434 2.361105 0 0 0 0 0
 0.842969 2.634277 -12.012305 -0.140542 2.445431 0 0 0 0 0
 0.526855 2.423535 -11.801563 -0.140542 2.361105 0 0 0 0 0
 0.632227 2.634277 -11.696191 -0.112434 2.417322 0 0 0 0 0
 0.737598 2.318164 -12.012305 -0.112434 2.389214 0 0 0 0 0
 0.526855 2.634277 -11.906934 -0.112434 2.417322 0 0 0 0 0
 0.526855 2.423535 -11.801563 -0.084325 2.389214 0 0 0 0 0
 0.526855 2.423535 -11.696191 -0.112434 2.445431 0 0 0 0 0
 0.842969 2.528906 -11.906934 -0.140542 2.389214 0 0 0 0 0
 0.737598 2.423535 -11.59082 -0.112434 2.361105 0 0 0 0 0
 0.632227 2.423535 -11.59082 -0.112434 2.361105 0 0 0 0 0
 0.526855 2.528906 -11.59082 -0.16865 2.389214 0 0 0 0 0
 0.842969 2.634277 -11.906934 -0.112434 2.445431 0 0 0 0 0
 0.737598 2.423535 -11.801563 -0.084325 2.417322 0 0 0 0 0
 0.737598 2.423535 -12.012305 -0.140542 2.361105 0 0 0 0 0
 0.421484 2.739648 -11.696191 -0.112434 2.389214 0 0 0 0 0
 0.737598 2.528906 -12.012305 -0.140542 2.445431 0 0 0 0 0
 0.842969 2.528906 -11.801563 -0.140542 2.389214 0 0 0 0 0
 0.632227 2.739648 -11.696191 -0.112434 2.445431 0 0 0 0 0
 0.737598 2.212793 -11.59082 -0.112434 2.361105 0 0 0 0 0
 0.737598 2.318164 -12.012305 -0.140542 2.445431 0 0 0 0 0
 0.842969 2.634277 -11.801563 -0.16865 2.417322 0 0 0 0 0
 0.526855 2.423535 -11.801563 -0.112434 2.417322 0 0 0 0 0
 0.526855 2.528906 -11.801563 -0.112434 2.417322 0 0 0 0 0
 0.632227 2.84502 -11.696191 -0.112434 2.389214 0 0 0 0 0
 0.737598 2.318164 -11.696191 -0.112434 2.389214 0 0 0 0 0
 0.526855 2.423535 -12.012305 -0.16865 2.417322 0 0 0 0 0
 0.632227 2.528906 -11.59082 -0.084325 2.417322 0 0 0 0 0
 0.737598 2.634277 -12.012305 -0.112434 2.417322 0 0 0 0 0
 0.842969 2.634277 -11.696191 -0.140542 2.445431 0 0 0 0 0
 0.842969 2.318164 -11.906934 -0.140542 2.445431 0 0 0 0 0
 0.632227 2.423535 -11.801563 -0.140542 2.389214 0 0 0 0 0
 0.632227 2.423535 -11.696191 -0.112434 2.417322 0 0 0 0 0
 0.632227 2.212793 -11.801563 -0.112434 2.361105 0 0 0 0 0
 0.842969 2.739648 -12.012305 -0.140542 2.445431 0 0 0 0 0
 0.842969 2.634277 -11.801563 -0.140542 2.445431 0 0 0 0 0
 0.526855 2.739648 -11.59082 -0.112434 2.361105 0 0 0 0 0
 0.737598 2.528906 -12.012305 -0.140542 2.445431 0 0 0 0 0
 0.526855 2.528906 -11.696191 -0.140542 2.417322 0 0 0 0 0
 0.526855 2.423535 -11.696191 -0.112434 2.389214 0 0 0 0 0
 0.842969 2.634277 -11.906934 -0.16865 2.417322 0 0 0 0 0
 0.526855 2.423535 -11.801563 -0.140542 2.389214 0 0 0 0 0
 0.526855 2.318164 -11.801563 -0.112434 2.389214 0 0 0 0 0
 0.421484 2.423535 -11.696191 -0.112434 2.361105 0 0 0 0 0
 0.526855 2.318164 -11.906934 -0.140542 2.417322 0 0 0 0 0
 0.526855 2.528906 -11.59082 -0.112434 2.389214 0 0 0 0 0
 0.632227 2.739648 -11.801563 -0.140542 2.445431 0 0 0 0 0
 0.526855 2.634277 -12.012305 -0.112434 2.445431 0 0 0 0 0
 0.842969 2.739648 -11.906934 -0.140542 2.445431 0 0 0 0 0
 0.526855 2.528906 -11.801563 -0.16865 2.417322 0 0 0 0 0
 0.737598 2.634277 -12.012305 -0.140542 2.445431 0 0 0 0 0
 0.632227 2.528906 -11.485449 -0.084325 2.361105 0 0 0 0 0
 0.842969 2.634277 -12.012305 -0.16865 2.417322 0 0 0 0 0
 0.526855 2.423535 -11.801563 -0.112434 2.417322 0 0 0 0 0
 0.842969 2.528906 -11.906934 -0.140542 2.361105 0 0 0 0 0
 0.526855 2.634277 -11.906934 -0.16865 2.445431 0 0 0 0 0
 0.526855 2.528906 -11.801563 -0.084325 2.417322 0 0 0 0 0
 0.421484 2.318164 -11.906934 -0.140542 2.445431 0 0 0 0 0
 0.526855 2.318164 -11.906934 -0.112434 2.389214 0 0 0 0 0
 0.737598 2.528906 -12.012305 -0.140542 2.417322 0 0 0 0 0
 0.737598 2.318164 -11.906934 -0.112434 2.389214 0 0 0 0 0
 0.526855 2.318164 -11.59082 -0.112434 2.389214 0 0 0 0 0
 0.632227 2.634277 -11.906934 -0.16865 2.417322 0 0 0 0 0
 0.842969 2.634277 -11.906934 -0.16865 2.445431 0 0 0 0 0
 0.632227 2.318164 -11.906934 -0.112434 2.445431 0 0 0 0 0
 0.632227 2.739648 -12.012305 -0.140542 2.445431 0 0 0 0 0
 0.526855 2.528906 -11.801563 -0.112434 2.389214 0 0 0 0 0
 0.421484 2.423535 -11.801563 -0.112434 2.417322 0 0 0 0 0
 0.632227 2.634277 -11.59082 -0.112434 2.417322 0 0 0 0 0
 0.632227 2.423535 -12.012305 -12.81743 2.445431 0 0 0 0 0
 0.526855 2.318164 -11.906934 -0.140542 2.361105 0 0 0 0 0
 0.632227 2.634277 -11.696191 -0.112434 2.361105 0 0 0 0 0
 0.737598 2.318164 -11.906934 -0.140542 2.389214 0 0 0 0 0
 0.842969 2.634277 -11.696191 -0.112434 2.417322 0 0 0 0 0
 0.526855 2.634277 -11.801563 -0.16865 2.417322 0 0 0 0 0
 0.632227 2.528906 -11.59082 -0.112434 2.389214 0 0 0 0 0
 0.526855 2.528906 -11.696191 -0.112434 2.389214 0 0 0 0 0
 0.842969 2.739648 -11.801563 -0.16865 2.417322 0 0 0 0 0
 0.632227 2.739648 -11.59082 -0.140542 2.445431 0 0 0 0 0
 0.842969 2.634277 -11.906934 -0.140542 2.417322 0 0 0 0 0
 0.632227 2.634277 -11.696191 -0.112434 2.389214 0 0 0 0 0
 0.737598 2.423535 -12.012305 -0.140542 2.389214 0 0 0 0 0
 0.737598 2.528906 -11.906934 -0.112434 2.417322 0 0 0 0 0
 0.526855 2.528906 -11.59082 -0.112434 2.361105 0 0 0 0 0
 0.632227 2.528906 -11.696191 -0.112434 2.389214 0 0 0 0 0
 0.842969 2.634277 -11.696191 -0.16865 2.417322 0 0 0 0 0
 0.842969 2.528906 -12.012305 -0.140542 2.445431 0 0 0 0 0
 0.632227 2.423535 -11.696191 -0.084325 2.389214 0 0 0 0 0
 0.842969 2.739648 -11.801563 -0.140542 2.445431 0 0 0 0 0
 0.632227 2.634277 -11.59082 -0.112434 2.445431 0 0 0 0 0
 0.526855 2.423535 -11.696191 -0.084325 2.389214 0 0 0 0 0
 0.526855 2.318164 -11.696191 -0.112434 2.389214 0 0 0 0 0
 0.842969 2.634277 -11.906934 -0.16865 2.417322 0 0 0 0 0
 0.526855 2.423535 -11.801563 -0.084325 2.417322 0 0 0 0 0
 0.842969 2.739648 -11.906934 -0.112434 2.445431 0 0 0 0 0
 0.842969 2.423535 -12.012305 -0.16865 2.417322 0 0 0 0 0
 0.526855 2.634277 -12.012305 -0.140542 2.445431 0 0 0 0 0
 0.632227 2.423535 -11.906934 -0.140542 2.389214 0 0 0 0 0
 0.632227 2.423535 -12.012305 -0.112434 2.389214 0 0 0 0 0
 0.737598 2.634277 -11.801563 -0.140542 2.445431 0 0 0 0 0
 0.737598 2.423535 -11.801563 -0.112434 2.389214 0 0 0 0 0
 0.842969 2.528906 -12.012305 -0.140542 2.417322 0 0 0 0 0
 0.526855 2.634277 -11.906934 -0.16865 2.417322 0 0 0 0 0
 0.737598 2.634277 -11.801563 -0.16865 2.417322 0 0 0 0 0
 0.737598 2.318164 -11.59082 -0.112434 2.389214 0 0 0 0 0
 0.737598 2.634277 -11.906934 -0.112434 2.417322 0 0 0 0 0
 0.632227 2.423535 -11.59082 -0.084325 2.389214 0 0 0 0 0
 0.526855 2.528906 -11.696191 -0.112434 2.389214 0 0 0 0 0
 0.421484 2.423535 -11.801563 -0.084325 2.417322 0 0 0 0 0
 0.737598 2.739648 -12.012305 -0.140542 2.417322 0 0 0 0 0
 0.737598 2.318164 -11.906934 -0.112434 2.389214 0 0 0 0 0
 0.737598 2.739648 -11.696191 -0.084325 2.389214 0 0 0 0 0
 0.526855 2.423535 -11.696191 -0.16865 2.445431 0 0 0 0 0
 0.842969 2.318164 -11.906934 -0.16865 2.417322 0 0 0 0 0
 0.526855 2.212793 -12.012305 -0.112434 2.389214 0 0 0 0 0
 0.632227 2.318164 -12.012305 -0.140542 2.361105 0 0 0 0 0
 0.526855 2.739648 -11.59082 -0.140542 2.445431 0 0 0 0 0
 0.737598 2.634277 -11.801563 -0.084325 2.417322 0 0 0 0 0
 0.737598 2.634277 -12.012305 -0.16865 2.445431 0 0 0 0 0
 0.737598 2.528906 -12.012305 -0.140542 2.445431 0 0 0 0 0
 0.632227 2.423535 -12.012305 -0.140542 2.417322 0 0 0 0 0
 0.421484 2.423535 -11.696191 -0.084325 2.389214 0 0 0 0 0
 0.737598 2.423535 -11.696191 -0.140542 2.389214 0 0 0 0 0
 0.737598 2.423535 -11.696191 -0.112434 2.389214 0 0 0 0 0
 0.526855 2.423535 -11.696191 -0.084325 2.417322 0 0 0 0 0
 0.632227 2.528906 -11.59082 -0.112434 2.389214 0 0 0 0 0
 0.526855 2.423535 -11.906934 -0.140542 2.389214 0 0 0 0 0
 0.526855 2.318164 -11.801563 -0.112434 2.389214 0 0 0 0 0
 0.737598 2.318164 -11.906934 -0.112434 2.417322 0 0 0 0 0
 0.737598 2.528906 -11.906934 -0.140542 2.389214 0 0 0 0 0
 0.842969 2.634277 -12.012305 -0.140542 2.445431 0 0 0 0 0
 0.632227 2.739648 -11.696191 -0.112434 2.417322 0 0 0 0 0
 0.526855 2.423535 -11.696191 -0.140542 2.389214 0 0 0 0 0
 0.842969 2.528906 -12.012305 -0.140542 2.389214 0 0 0 0 0
 0.737598 2.423535 -11.59082 -0.140542 2.361105 0 0 0 0 0
 0.737598 2.318164 -11.906934 -0.112434 2.417322 0 0 0 0 0
 0.737598 2.528906 -11.906934 -0.140542 2.417322 0 0 0 0 0
 0.842969 2.528906 -11.906934 -0.140542 2.389214 0 0 0 0 0
 0.421484 2.528906 -12.012305 -0.112434 2.473539 0 0 0 0 0
 0.737598 2.528906 -11.906934 -0.140542 2.389214 0 0 0 0 0
 0.842969 2.528906 -11.906934 -0.16865 2.445431 0 0 0 0 0
 0.737598 2.528906 -12.012305 -0.112434 2.417322 0 0 0 0 0
 0.421484 2.318164 -11.696191 -0.140542 2.389214 0 0 0 0 0
 0.842969 2.634277 -11.696191 -0.16865 2.417322 0 0 0 0 0
 0.632227 2.318164 -11.59082 -0.16865 2.445431 0 0 0 0 0
 0.632227 2.318164 -12.012305 -0.112434 2.445431 0 0 0 0 0
 0.632227 2.739648 -11.59082 -0.112434 2.389214 0 0 0 0 0
 0.737598 2.634277 -11.696191 -0.112434 2.389214 0 0 0 0 0
 0.632227 2.634277 -11.906934 -0.112434 2.445431 0 0 0 0 0
 0.421484 2.528906 -11.906934 -0.084325 2.417322 0 0 0 0 0
 0.737598 2.423535 -11.696191 -0.112434 2.389214 0 0 0 0 0
 0.632227 2.318164 -11.906934 -0.140542 2.389214 0 0 0 0 0
 0.421484 2.528906 -12.012305 -0.084325 2.389214 0 0 0 0 0
 0.737598 2.528906 -12.012305 -0.112434 2.389214 0 0 0 0 0
 0.526855 2.634277 -11.696191 -0.112434 2.417322 0 0 0 0 0
 0.737598 2.634277 -11.906934 -0.16865 2.417322 0 0 0 0 0
 0.632227 2.423535 -11.59082 -0.140542 2.389214 0 0 0 0 0
 0.737598 2.528906 -11.59082 -0.112434 2.361105 0 0 0 0 0
 0.526855 2.423535 -11.696191 -0.140542 2.361105 0 0 0 0 0
 0.526855 2.634277 -11.906934 -0.112434 2.417322 0 0 0 0 0
 0.526855 2.423535 -11.801563 -0.084325 2.417322 0 0 0 0 0
 0.737598 2.528906 -11.906934 -0.112434 2.389214 0 0 0 0 0
 0.421484 2.528906 -11.696191 -0.16865 2.417322 0 0 0 0 0
 0.526855 2.634277 -11.906934 -0.140542 2.445431 0 0 0 0 0
 0.526855 2.423535 -11.906934 -0.112434 2.361105 0 0 0 0 0
 0.421484 2.423535 -11.696191 -0.084325 2.389214 0 0 0 0 0
 0.737598 2.739648 -11.906934 -0.140542 2.417322 0 0 0 0 0
 0.842969 2.634277 -11.801563 -0.140542 2.389214 0 0 0 0 0
 0.526855 2.528906 -11.801563 -0.16865 2.417322 0 0 0 0 0
 0.421484 2.528906 -11.59082 -0.084325 2.417322 0 0 0 0 0
 0.737598 2.634277 -12.012305 -0.140542 2.417322 0 0 0 0 0
