
1217282823.403300,0.000010,0.000000,-0.000000,0.000000,0.004962,-0.523598,0.000000,0.000000,0.899268,0.934739,-1.892683,-0.267982,2.329713
1217282823.503300,0.000039,0.000003,-0.000000,-0.000000,0.011657,-0.523595,0.000000,0.000000,0.899269,0.934740,-1.892682,-0.267982,2.329713
1217282823.603300,0.000060,0.000012,-0.000000,-0.000000,-0.000207,-0.523591,0.000000,-0.000000,0.899267,0.934740,-1.892681,-0.267982,2.329713
1217282823.703305,0.000104,0.000035,-0.000000,-0.000000,-0.025152,-0.523586,0.000003,-0.000002,0.899260,0.934741,-1.892680,-0.267982,2.329713
1217282823.803307,0.000158,0.000072,-0.000000,-0.000000,-0.058396,-0.523580,0.000009,-0.000005,0.899249,0.934741,-1.892679,-0.267982,2.329712
1217282823.903495,0.000208,0.000125,0.000000,0.000000,-0.097005,-0.523572,0.000021,-0.000012,0.899235,0.934740,-1.892676,-0.267981,2.329713
1217282824.003335,0.000228,0.000178,0.000000,0.000000,-0.132985,-0.523563,0.000038,-0.000022,0.899219,0.934739,-1.892673,-0.267981,2.329714
1217282824.103550,0.000207,0.000218,0.000000,0.000000,-0.161766,-0.523553,0.000059,-0.000034,0.899203,0.934740,-1.892669,-0.267981,2.329714
1217282824.203300,0.000179,0.000256,0.000000,0.000000,-0.186806,-0.523541,0.000084,-0.000048,0.899186,0.934738,-1.892665,-0.267981,2.329715
1217282824.303300,0.000137,0.000286,0.000000,0.000000,-0.206146,-0.523529,0.000112,-0.000065,0.899170,0.934734,-1.892659,-0.267980,2.329715
1217282824.403300,0.000130,0.000335,0.000000,0.000000,-0.220456,-0.523515,0.000151,-0.000087,0.899153,0.934729,-1.892655,-0.267980,2.329713
1217282824.503300,0.000187,0.000437,0.000000,0.000000,-0.231154,-0.523499,0.000214,-0.000123,0.899137,0.934718,-1.892650,-0.267980,2.329713
1217282824.603306,0.000360,0.000651,0.000000,0.000000,-0.241027,-0.523483,0.000328,-0.000189,0.899120,0.934702,-1.892646,-0.267979,2.329712
1217282824.703301,0.000717,0.001054,0.000000,0.000000,-0.242500,-0.523465,0.000534,-0.000308,0.899106,0.934692,-1.892643,-0.267979,2.329709
1217282824.803333,0.001370,0.001804,0.000000,0.000000,-0.241499,-0.523446,0.000921,-0.000531,0.899092,0.934681,-1.892639,-0.267979,2.329709
1217282824.903305,0.002380,0.003033,0.000000,0.000000,-0.239950,-0.523425,0.001585,-0.000915,0.899079,0.934666,-1.892637,-0.267979,2.329707
1217282825.003489,0.003697,0.004762,0.000000,0.000000,-0.233307,-0.523404,0.002588,-0.001494,0.899067,0.934648,-1.892635,-0.267979,2.329707
1217282825.103300,0.005460,0.007244,0.000000,0.000000,-0.230885,-0.523381,0.004116,-0.002376,0.899053,0.934630,-1.892632,-0.267980,2.329708
1217282825.203351,0.007626,0.010505,0.000000,0.000000,-0.224272,-0.523356,0.006262,-0.003614,0.899042,0.934622,-1.892630,-0.267980,2.329707
1217282825.303300,0.010083,0.014517,0.000000,0.000000,-0.220330,-0.523331,0.009096,-0.005250,0.899028,0.934614,-1.892626,-0.267981,2.329706
1217282825.403300,0.012757,0.019240,0.000000,0.000000,-0.217843,-0.523304,0.012674,-0.007314,0.899013,0.934607,-1.892622,-0.267982,2.329709
1217282825.503300,0.015889,0.025064,0.000000,0.000000,-0.215807,-0.523276,0.017326,-0.009999,0.898997,0.934612,-1.892620,-0.267982,2.329712
1217282825.603300,0.019392,0.031960,0.000000,0.000000,-0.212603,-0.523247,0.023150,-0.013359,0.898982,0.934620,-1.892618,-0.267983,2.329717
1217282825.703305,0.023266,0.040019,0.000000,0.000000,-0.209969,-0.523216,0.030326,-0.017500,0.898966,0.934633,-1.892617,-0.267984,2.329722
1217282825.803307,0.027392,0.049119,0.000000,0.000000,-0.203956,-0.523184,0.038886,-0.022438,0.898953,0.934652,-1.892613,-0.267984,2.329725
1217282825.903493,0.032071,0.059820,0.000000,0.000000,-0.196662,-0.523151,0.049377,-0.028490,0.898940,0.934666,-1.892612,-0.267984,2.329730
1217282826.003335,0.037116,0.071940,0.000000,0.000000,-0.191391,-0.523117,0.061826,-0.035671,0.898927,0.934680,-1.892611,-0.267984,2.329737
1217282826.103378,0.042187,0.084935,-0.000000,-0.000000,-0.185491,-0.523081,0.075920,-0.043801,0.898913,0.934704,-1.892609,-0.267985,2.329747
1217282826.203300,0.047749,0.099706,-0.000000,-0.000000,-0.183717,-0.523044,0.092554,-0.053395,0.898896,0.934735,-1.892605,-0.267985,2.329757
1217282826.303300,0.053060,0.114903,-0.000000,-0.000000,-0.182272,-0.523006,0.110685,-0.063850,0.898879,0.934777,-1.892601,-0.267985,2.329769
1217282826.403300,0.058472,0.131163,-0.000000,-0.000000,-0.180335,-0.522967,0.130959,-0.075541,0.898861,0.934826,-1.892598,-0.267986,2.329783
1217282826.503300,0.063921,0.148394,-0.000000,-0.000000,-0.180312,-0.522926,0.153407,-0.088484,0.898841,0.934891,-1.892594,-0.267985,2.329796
1217282826.603306,0.069134,0.166033,-0.000000,-0.000000,-0.184180,-0.522884,0.177574,-0.102416,0.898816,0.934968,-1.892591,-0.267984,2.329807
1217282826.703301,0.074365,0.184524,-0.000000,-0.000000,-0.184345,-0.522841,0.203953,-0.117622,0.898794,0.935015,-1.892590,-0.267981,2.329811
1217282826.803330,0.079515,0.203690,-0.000000,-0.000000,-0.185336,-0.522796,0.232458,-0.134051,0.898771,0.935063,-1.892583,-0.267979,2.329817
1217282826.903306,0.084576,0.223475,-0.000000,-0.000000,-0.186939,-0.522750,0.263096,-0.151707,0.898746,0.935082,-1.892581,-0.267976,2.329818
1217282827.003555,0.089519,0.243776,-0.000000,-0.000000,-0.186791,-0.522703,0.295818,-0.170562,0.898722,0.935098,-1.892575,-0.267973,2.329818
1217282827.103300,0.094558,0.265095,-0.000000,-0.000000,-0.188217,-0.522655,0.331260,-0.190981,0.898696,0.935111,-1.892574,-0.267971,2.329814
1217282827.203344,0.099683,0.287405,-0.000000,-0.000000,-0.187165,-0.522606,0.369490,-0.213004,0.898673,0.935103,-1.892569,-0.267969,2.329805
1217282827.303300,0.104613,0.309992,-0.000000,-0.000000,-0.184729,-0.522555,0.409739,-0.236185,0.898650,0.935070,-1.892569,-0.267967,2.329797
1217282827.403300,0.109589,0.333439,-0.000000,-0.000000,-0.180414,-0.522503,0.452758,-0.260959,0.898630,0.935053,-1.892568,-0.267966,2.329783
1217282827.503300,0.114530,0.357587,-0.000000,-0.000000,-0.178448,-0.522450,0.498455,-0.287272,0.898608,0.935027,-1.892562,-0.267965,2.329767
1217282827.603300,0.119449,0.382426,-0.000000,-0.000000,-0.176836,-0.522396,0.546873,-0.315146,0.898584,0.935001,-1.892556,-0.267965,2.329753
1217282827.703308,0.123777,0.406361,-0.000000,-0.000000,-0.173902,-0.522340,0.595960,-0.343399,0.898562,0.934955,-1.892556,-0.267965,2.329738
1217282827.803308,0.128020,0.430749,-0.000000,-0.000000,-0.173846,-0.522283,0.647495,-0.373057,0.898536,0.934922,-1.892551,-0.267966,2.329731
1217282827.903484,0.131617,0.453935,-0.000000,-0.000000,-0.173804,-0.522225,0.699229,-0.402821,0.898509,0.934899,-1.892546,-0.267968,2.329726
1217282828.003302,0.134844,0.476611,-0.000000,-0.000000,-0.176079,-0.522166,0.752043,-0.433199,0.898478,0.934885,-1.892542,-0.267970,2.329729
1217282828.103558,0.137729,0.498749,-0.000000,-0.000000,-0.176495,-0.522106,0.805837,-0.464134,0.898449,0.934900,-1.892534,-0.267972,2.329732
1217282828.203300,0.139956,0.519373,-0.000000,-0.000000,-0.179822,-0.522044,0.859157,-0.494787,0.898415,0.934927,-1.892536,-0.267974,2.329740
1217282828.303300,0.141580,0.538470,-0.000000,-0.000000,-0.178825,-0.521982,0.911836,-0.525062,0.898387,0.934954,-1.892528,-0.267976,2.329755
1217282828.403300,0.143492,0.558675,-0.000000,-0.000000,-0.178757,-0.521918,0.967720,-0.557173,0.898356,0.934992,-1.892524,-0.267977,2.329767
1217282828.503300,0.144757,0.577182,-0.000000,-0.000000,-0.180232,-0.521853,1.022630,-0.588713,0.898323,0.935042,-1.892519,-0.267980,2.329793
1217282828.603301,0.146033,0.595875,-0.000000,-0.000000,-0.179963,-0.521787,1.079327,-0.621273,0.898292,0.935121,-1.892511,-0.267982,2.329820
1217282828.703301,0.146990,0.613759,-0.000000,-0.000000,-0.181972,-0.521720,1.136278,-0.653967,0.898256,0.935218,-1.892511,-0.267983,2.329854
1217282828.803495,0.147699,0.630913,-0.000000,-0.000001,-0.178318,-0.521651,1.193500,-0.686807,0.898230,0.935335,-1.892503,-0.267984,2.329894
1217282828.903333,0.148407,0.648184,-0.000000,-0.000001,-0.176817,-0.521582,1.252355,-0.720576,0.898200,0.935465,-1.892494,-0.267983,2.329936
1217282829.003557,0.148814,0.664601,-0.000000,-0.000001,-0.178553,-0.521511,1.311260,-0.754362,0.898164,0.935610,-1.892495,-0.267981,2.329977
1217282829.103300,0.148680,0.679260,-0.000000,-0.000001,-0.176927,-0.521440,1.368621,-0.787247,0.898133,0.935751,-1.892492,-0.267977,2.330014
1217282829.203339,0.148610,0.694104,-0.000000,-0.000001,-0.174095,-0.521367,1.427578,-0.821037,0.898105,0.935864,-1.892482,-0.267972,2.330044
1217282829.303300,0.148590,0.709115,-0.000000,-0.000001,-0.173218,-0.521293,1.488123,-0.855729,0.898072,0.935978,-1.892478,-0.267966,2.330064
1217282829.403300,0.148019,0.722298,-0.000000,-0.000001,-0.172508,-0.521219,1.546862,-0.889369,0.898040,0.936056,-1.892469,-0.267960,2.330078
1217282829.503306,0.147231,0.734693,-0.000000,-0.000001,-0.173376,-0.521143,1.605459,-0.922915,0.898003,0.936089,-1.892468,-0.267953,2.330075
1217282829.603301,0.145941,0.745309,-0.000000,-0.000001,-0.174120,-0.521067,1.662142,-0.955345,0.897966,0.936110,-1.892461,-0.267947,2.330076
1217282829.703334,0.144793,0.756226,-0.000000,-0.000001,-0.173227,-0.520989,1.720424,-0.988682,0.897932,0.936084,-1.892450,-0.267942,2.330058
1217282829.803305,0.143176,0.765412,-0.000000,-0.000001,-0.173178,-0.520911,1.776741,-1.020874,0.897896,0.936023,-1.892444,-0.267937,2.330029
1217282829.903491,0.141465,0.774003,-0.000000,-0.000001,-0.169950,-0.520832,1.832947,-1.052989,0.897866,0.935954,-1.892448,-0.267935,2.330000
1217282830.003302,0.140193,0.783930,-0.000000,-0.000001,-0.166622,-0.520751,1.892544,-1.087041,0.897837,0.935892,-1.892436,-0.267934,2.329974
1217282830.103351,0.138488,0.792187,-0.000000,-0.000001,-0.162996,-0.520670,1.950142,-1.119929,0.897809,0.935807,-1.892428,-0.267934,2.329948
1217282830.203300,0.137224,0.801809,-0.000000,-0.000001,-0.161519,-0.520589,2.011193,-1.154787,0.897776,0.935742,-1.892421,-0.267937,2.329937
1217282830.303300,0.136086,0.811754,-0.000000,-0.000001,-0.161825,-0.520506,2.073867,-1.190563,0.897739,0.935714,-1.892413,-0.267940,2.329929
1217282830.403299,0.134516,0.820038,-0.000000,-0.000001,-0.160519,-0.520421,2.134499,-1.225149,0.897705,0.935700,-1.892404,-0.267942,2.329930
1217282830.503300,0.133116,0.828727,-0.000000,-0.000001,-0.160120,-0.520336,2.196818,-1.260690,0.897669,0.935700,-1.892406,-0.267946,2.329934
1217282830.603305,0.131261,0.835728,-0.000000,-0.000001,-0.162097,-0.520250,2.257022,-1.294999,0.897627,0.935732,-1.892404,-0.267948,2.329943
1217282830.703307,0.129325,0.842191,-0.000000,-0.000001,-0.160702,-0.520164,2.317083,-1.329211,0.897592,0.935756,-1.892393,-0.267951,2.329952
1217282830.803495,0.127264,0.848059,-0.000000,-0.000001,-0.162566,-0.520076,2.376943,-1.363292,0.897549,0.935813,-1.892388,-0.267953,2.329969
1217282830.903333,0.124831,0.852388,-0.000000,-0.000002,-0.164070,-0.519987,2.434761,-1.396184,0.897506,0.935885,-1.892387,-0.267954,2.329986
1217282831.003376,0.122301,0.856179,-0.000000,-0.000002,-0.167672,-0.519898,2.492406,-1.428961,0.897457,0.935951,-1.892377,-0.267956,2.330017
1217282831.103300,0.119490,0.858596,-0.000000,-0.000002,-0.166696,-0.519808,2.548118,-1.460613,0.897418,0.936067,-1.892382,-0.267957,2.330052
1217282831.203300,0.116927,0.861607,-0.000000,-0.000002,-0.166644,-0.519717,2.605639,-1.493289,0.897376,0.936201,-1.892387,-0.267958,2.330097
1217282831.303300,0.114589,0.865176,-0.000000,-0.000003,-0.166705,-0.519625,2.664946,-1.526975,0.897333,0.936336,-1.892372,-0.267958,2.330142
1217282831.403300,0.112508,0.869366,-0.000000,-0.000003,-0.165929,-0.519532,2.726087,-1.561698,0.897293,0.936499,-1.892365,-0.267957,2.330193
1217282831.503306,0.110093,0.872129,-0.000001,-0.000003,-0.164432,-0.519439,2.785229,-1.595259,0.897253,0.936672,-1.892366,-0.267954,2.330243
1217282831.603300,0.107901,0.875473,-0.000001,-0.000004,-0.163289,-0.519346,2.846168,-1.629835,0.897213,0.936796,-1.892345,-0.267951,2.330281
1217282831.703335,0.105993,0.879503,-0.000001,-0.000004,-0.161407,-0.519252,2.908977,-1.665468,0.897175,0.936947,-1.892354,-0.267948,2.330324
1217282831.803305,0.103434,0.881065,-0.000001,-0.000004,-0.159097,-0.519157,2.967855,-1.698831,0.897138,0.937073,-1.892347,-0.267945,2.330362
1217282831.903551,0.101094,0.883225,-0.000001,-0.000005,-0.161047,-0.519062,3.028539,-1.733214,0.897089,0.937200,-1.892334,-0.267941,2.330401
1217282832.003302,0.098770,0.885110,-0.000001,-0.000005,-0.158785,-0.518966,3.089211,-1.767574,0.897051,0.937320,-1.892323,-0.267936,2.330431
1217282832.103346,0.096099,0.885593,-0.000001,-0.000005,-0.159929,-0.518869,3.147902,-1.800783,0.897004,0.937432,-1.892318,-0.267931,2.330451
1217282832.203300,0.093438,0.885812,-0.000001,-0.000005,-0.160810,-0.518772,3.206589,-1.833975,0.896956,0.937517,-1.892325,-0.267925,2.330466
1217282832.303300,0.090821,0.885820,-0.000001,-0.000006,-0.155454,-0.518675,3.265294,-1.867162,0.896927,0.937565,-1.892306,-0.267919,2.330482
1217282832.403300,0.088465,0.886541,-0.000001,-0.000006,-0.155517,-0.518577,3.325852,-1.901396,0.896882,0.937605,-1.892310,-0.267915,2.330477
1217282832.503300,0.086106,0.886995,-0.000001,-0.000006,-0.154794,-0.518479,3.386385,-1.935600,0.896839,0.937635,-1.892310,-0.267910,2.330467
1217282832.603309,0.083478,0.886211,-0.000001,-0.000006,-0.150360,-0.518381,3.445039,-1.968711,0.896807,0.937645,-1.892292,-0.267906,2.330452
1217282832.703308,0.081413,0.887197,-0.000001,-0.000006,-0.151221,-0.518282,3.507416,-2.003938,0.896759,0.937617,-1.892296,-0.267903,2.330442
1217282832.803487,0.079018,0.886863,-0.000001,-0.000006,-0.154229,-0.518182,3.567872,-2.038050,0.896705,0.937608,-1.892300,-0.267901,2.330437
1217282832.903300,0.076327,0.885267,-0.000001,-0.000006,-0.155275,-0.518082,3.626449,-2.071071,0.896656,0.937589,-1.892270,-0.267899,2.330433
1217282833.003604,0.073726,0.883596,-0.000001,-0.000006,-0.154441,-0.517982,3.685083,-2.104111,0.896611,0.937559,-1.892286,-0.267899,2.330422
1217282833.103301,0.071140,0.881735,-0.000001,-0.000006,-0.154517,-0.517880,3.743723,-2.137137,0.896563,0.937540,-1.892297,-0.267900,2.330406
1217282833.203300,0.068539,0.879644,-0.000001,-0.000006,-0.156195,-0.517778,3.802351,-2.170141,0.896510,0.937551,-1.892276,-0.267901,2.330401
1217282833.303300,0.065702,0.876426,-0.000001,-0.000006,-0.157509,-0.517676,3.859179,-2.202104,0.896456,0.937563,-1.892276,-0.267902,2.330402
1217282833.403300,0.063188,0.874085,-0.000001,-0.000007,-0.159420,-0.517573,3.917857,-2.235109,0.896401,0.937595,-1.892257,-0.267904,2.330414
1217282833.503300,0.060449,0.870651,-0.000001,-0.000007,-0.159414,-0.517470,3.974751,-2.267081,0.896350,0.937639,-1.892248,-0.267906,2.330420
1217282833.603301,0.058060,0.868155,-0.000001,-0.000007,-0.159408,-0.517366,4.033488,-2.300091,0.896298,0.937695,-1.892238,-0.267908,2.330438
1217282833.703493,0.055439,0.864571,-0.000001,-0.000007,-0.158578,-0.517262,4.090449,-2.332078,0.896249,0.937761,-1.892238,-0.267909,2.330461
1217282833.803332,0.053129,0.861880,-0.000001,-0.000008,-0.160987,-0.517158,4.149217,-2.365082,0.896189,0.937850,-1.892229,-0.267909,2.330485
1217282833.903555,0.050901,0.859164,-0.000001,-0.000008,-0.159898,-0.517053,4.207999,-2.398081,0.896139,0.937941,-1.892218,-0.267909,2.330521
1217282834.003302,0.048439,0.855377,-0.000001,-0.000009,-0.158176,-0.516948,4.265003,-2.430059,0.896091,0.938054,-1.892213,-0.267908,2.330564
1217282834.103336,0.046008,0.851506,-0.000001,-0.000009,-0.158289,-0.516842,4.322012,-2.462024,0.896037,0.938225,-1.892195,-0.267907,2.330600
1217282834.203300,0.043366,0.846614,-0.000001,-0.000010,-0.158320,-0.516737,4.377271,-2.492983,0.895983,0.938375,-1.892197,-0.267905,2.330643
1217282834.303300,0.040451,0.840618,-0.000001,-0.000010,-0.162201,-0.516633,4.430777,-2.522935,0.895915,0.938480,-1.892186,-0.267901,2.330687
1217282834.403300,0.037634,0.834664,-0.000001,-0.000011,-0.165433,-0.516529,4.484325,-2.552903,0.895848,0.938586,-1.892167,-0.267900,2.330724
1217282834.503300,0.035265,0.829874,-0.000001,-0.000012,-0.165776,-0.516423,4.539663,-2.583875,0.895789,0.938751,-1.892175,-0.267897,2.330769
1217282834.603334,0.032655,0.824047,-0.000001,-0.000012,-0.166070,-0.516319,4.593258,-2.613850,0.895729,0.938871,-1.892153,-0.267896,2.330813
1217282834.703305,0.030173,0.818336,-0.000002,-0.000013,-0.163977,-0.516214,4.646875,-2.643826,0.895678,0.938992,-1.892137,-0.267895,2.330852
1217282834.803482,0.028356,0.814716,-0.000002,-0.000014,-0.165315,-0.516108,4.703936,-2.675753,0.895614,0.939149,-1.892132,-0.267893,2.330910
1217282834.903300,0.026927,0.812191,-0.000002,-0.000014,-0.164878,-0.516003,4.762678,-2.708627,0.895555,0.939284,-1.892139,-0.267889,2.330956
1217282835.003563,0.025565,0.809697,-0.000002,-0.000015,-0.160663,-0.515897,4.821362,-2.741455,0.895510,0.939433,-1.892122,-0.267883,2.330995
1217282835.103300,0.024877,0.809320,-0.000002,-0.000016,-0.155597,-0.515791,4.883386,-2.776171,0.895469,0.939570,-1.892127,-0.267877,2.331015
1217282835.203300,0.024156,0.808824,-0.000002,-0.000016,-0.153687,-0.515685,4.945300,-2.810812,0.895418,0.939696,-1.892119,-0.267871,2.331042
1217282835.303300,0.023407,0.808223,-0.000002,-0.000017,-0.155175,-0.515581,5.007100,-2.845391,0.895354,0.939797,-1.892111,-0.267866,2.331063
1217282835.403300,0.022455,0.806675,-0.000002,-0.000017,-0.148684,-0.515480,5.067119,-2.878952,0.895320,0.939824,-1.892094,-0.267859,2.331063
1217282835.503305,0.021788,0.806082,-0.000002,-0.000018,-0.147123,-0.515378,5.128715,-2.913399,0.895269,0.939863,-1.892086,-0.267855,2.331070
1217282835.603308,0.020823,0.804408,-0.000002,-0.000018,-0.147337,-0.515277,5.188533,-2.946824,0.895211,0.939903,-1.892091,-0.267849,2.331071
1217282835.703492,0.019569,0.801662,-0.000002,-0.000018,-0.147515,-0.515176,5.246593,-2.979247,0.895153,0.939930,-1.892067,-0.267844,2.331058
1217282835.803333,0.018676,0.800001,-0.000002,-0.000019,-0.147656,-0.515077,5.306216,-3.012551,0.895094,0.939918,-1.892065,-0.267840,2.331044
1217282835.903375,0.017811,0.798340,-0.000002,-0.000019,-0.148534,-0.514979,5.365730,-3.045786,0.895032,0.939892,-1.892073,-0.267838,2.331031
1217282836.003302,0.017287,0.797733,-0.000002,-0.000019,-0.146970,-0.514880,5.426777,-3.079880,0.894979,0.939880,-1.892059,-0.267837,2.331010
1217282836.103300,0.016480,0.796079,-0.000002,-0.000019,-0.145642,-0.514782,5.486063,-3.112967,0.894925,0.939854,-1.892054,-0.267836,2.330996
1217282836.203300,0.016020,0.795497,-0.000002,-0.000019,-0.142994,-0.514682,5.546868,-3.146901,0.894877,0.939855,-1.892051,-0.267836,2.330975
1217282836.303300,0.015846,0.795891,-0.000002,-0.000020,-0.143107,-0.514581,5.609168,-3.181667,0.894818,0.939897,-1.892053,-0.267838,2.330976
1217282836.403306,0.015978,0.797293,-0.000002,-0.000020,-0.140905,-0.514482,5.672945,-3.217272,0.894768,0.939898,-1.892034,-0.267840,2.330976
1217282836.503301,0.015806,0.797615,-0.000002,-0.000020,-0.138274,-0.514382,5.734956,-3.251864,0.894720,0.939927,-1.892028,-0.267841,2.330977
1217282836.603334,0.015917,0.798911,-0.000002,-0.000021,-0.136861,-0.514282,5.798435,-3.287283,0.894668,0.939998,-1.892020,-0.267843,2.330992
1217282836.703305,0.015686,0.799072,-0.000002,-0.000021,-0.137979,-0.514182,5.860157,-3.321699,0.894605,0.940055,-1.892022,-0.267844,2.331007
1217282836.803559,0.015452,0.799189,-0.000002,-0.000022,-0.138147,-0.514081,5.921734,-3.356020,0.894546,0.940141,-1.892005,-0.267847,2.331030
1217282836.903300,0.014917,0.798237,-0.000002,-0.000023,-0.139039,-0.513981,5.981572,-3.389360,0.894483,0.940242,-1.892002,-0.267850,2.331076
1217282837.003346,0.014083,0.796222,-0.000002,-0.000023,-0.141311,-0.513881,6.039683,-3.421714,0.894413,0.940343,-1.892002,-0.267852,2.331130
1217282837.103300,0.013295,0.794250,-0.000002,-0.000025,-0.141664,-0.513778,6.097663,-3.453986,0.894350,0.940503,-1.891987,-0.267853,2.331176
1217282837.203300,0.012198,0.791206,-0.000002,-0.000026,-0.145033,-0.513675,6.153931,-3.485280,0.894274,0.940679,-1.891964,-0.267854,2.331231
1217282837.303300,0.011510,0.789347,-0.000003,-0.000027,-0.145523,-0.513572,6.211638,-3.517388,0.894208,0.940870,-1.891982,-0.267853,2.331286
1217282837.403300,0.010885,0.787567,-0.000003,-0.000028,-0.140537,-0.513474,6.269193,-3.549416,0.894166,0.940989,-1.891949,-0.267853,2.331341
1217282837.503305,0.010225,0.785722,-0.000003,-0.000030,-0.142542,-0.513369,6.326620,-3.581350,0.894094,0.941213,-1.891934,-0.267852,2.331420
1217282837.603307,0.009626,0.783956,-0.000003,-0.000031,-0.141895,-0.513265,6.383895,-3.613192,0.894033,0.941424,-1.891919,-0.267853,2.331500
1217282837.703486,0.009358,0.783266,-0.000003,-0.000034,-0.142132,-0.513153,6.442594,-3.645815,0.893968,0.941771,-1.891922,-0.267852,2.331596
1217282837.803300,0.009410,0.783625,-0.000003,-0.000036,-0.139263,-0.513047,6.502681,-3.679230,0.893916,0.942030,-1.891876,-0.267846,2.331677
1217282837.903580,0.009146,0.782913,-0.000004,-0.000038,-0.139932,-0.512939,6.561055,-3.711668,0.893849,0.942305,-1.891876,-0.267839,2.331758
1217282838.003302,0.008865,0.782163,-0.000004,-0.000039,-0.142038,-0.512837,6.619266,-3.744034,0.893775,0.942491,-1.891857,-0.267832,2.331840
1217282838.103300,0.008642,0.781496,-0.000004,-0.000041,-0.142240,-0.512732,6.677315,-3.776290,0.893708,0.942739,-1.891882,-0.267824,2.331906
1217282838.203300,0.008402,0.780788,-0.000004,-0.000043,-0.142419,-0.512627,6.735209,-3.808449,0.893640,0.942943,-1.891856,-0.267817,2.331955
1217282838.303300,0.007892,0.779084,-0.000004,-0.000045,-0.141777,-0.512523,6.791398,-3.839641,0.893576,0.943147,-1.891847,-0.267807,2.331997
1217282838.403300,0.007385,0.777382,-0.000004,-0.000046,-0.143554,-0.512423,6.847432,-3.870745,0.893501,0.943258,-1.891840,-0.267797,2.332022
1217282838.503301,0.006908,0.775721,-0.000004,-0.000047,-0.144266,-0.512326,6.903299,-3.901756,0.893429,0.943338,-1.891818,-0.267788,2.332031
1217282838.603495,0.006480,0.774136,-0.000004,-0.000048,-0.144852,-0.512227,6.959004,-3.932663,0.893357,0.943419,-1.891831,-0.267781,2.332031
1217282838.703333,0.005790,0.771573,-0.000004,-0.000048,-0.143784,-0.512134,7.013005,-3.962622,0.893292,0.943436,-1.891831,-0.267772,2.332023
1217282838.803554,0.005429,0.770095,-0.000004,-0.000049,-0.142904,-0.512042,7.068366,-3.993345,0.893227,0.943437,-1.891808,-0.267766,2.332015
1217282838.903300,0.005419,0.769738,-0.000004,-0.000049,-0.139862,-0.511954,7.125077,-4.024838,0.893171,0.943372,-1.891784,-0.267762,2.331989
1217282839.003339,0.005115,0.768357,-0.000004,-0.000049,-0.138078,-0.511866,7.180095,-4.055370,0.893111,0.943324,-1.891781,-0.267761,2.331972
1217282839.103300,0.005080,0.767970,-0.000004,-0.000049,-0.140462,-0.511773,7.236478,-4.086643,0.893031,0.943324,-1.891764,-0.267761,2.331972
1217282839.203300,0.005110,0.767685,-0.000004,-0.000050,-0.137819,-0.511683,7.292676,-4.117817,0.892974,0.943292,-1.891751,-0.267762,2.331973
1217282839.303301,0.005113,0.767365,-0.000004,-0.000050,-0.138699,-0.511588,7.348717,-4.148883,0.892900,0.943326,-1.891750,-0.267761,2.331964
1217282839.403300,0.004829,0.766032,-0.000004,-0.000051,-0.139419,-0.511496,7.403062,-4.179000,0.892826,0.943327,-1.891764,-0.267761,2.331964
1217282839.503334,0.004513,0.764656,-0.000004,-0.000051,-0.143111,-0.511406,7.457254,-4.209042,0.892737,0.943311,-1.891743,-0.267763,2.331983
1217282839.603305,0.004281,0.763416,-0.000004,-0.000052,-0.142330,-0.511314,7.511265,-4.238968,0.892668,0.943328,-1.891747,-0.267768,2.332010
1217282839.703486,0.004368,0.763250,-0.000004,-0.000053,-0.141689,-0.511210,7.566640,-4.269604,0.892598,0.943432,-1.891746,-0.267771,2.332055
1217282839.803300,0.003821,0.760965,-0.000004,-0.000054,-0.143446,-0.511107,7.618821,-4.298442,0.892515,0.943536,-1.891732,-0.267774,2.332101
1217282839.903559,0.003599,0.759767,-0.000004,-0.000056,-0.146467,-0.511000,7.672338,-4.328012,0.892425,0.943675,-1.891725,-0.267777,2.332166
1217282840.003301,0.003712,0.759667,-0.000005,-0.000058,-0.147459,-0.510886,7.727203,-4.358301,0.892343,0.943885,-1.891707,-0.267779,2.332230
1217282840.103300,0.003255,0.757550,-0.000005,-0.000060,-0.146715,-0.510779,7.778860,-4.386812,0.892269,0.944008,-1.891711,-0.267781,2.332295
1217282840.203300,0.002798,0.755444,-0.000005,-0.000062,-0.147638,-0.510666,7.830348,-4.415226,0.892187,0.944220,-1.891682,-0.267783,2.332370
1217282840.303300,0.002396,0.753439,-0.000005,-0.000065,-0.147633,-0.510545,7.881665,-4.443507,0.892108,0.944522,-1.891675,-0.267784,2.332445
1217282840.403305,0.002040,0.751521,-0.000005,-0.000068,-0.146083,-0.510423,7.932806,-4.471682,0.892038,0.944808,-1.891657,-0.267784,2.332539
1217282840.503307,0.001703,0.749651,-0.000006,-0.000072,-0.145558,-0.510295,7.983774,-4.499734,0.891962,0.945150,-1.891635,-0.267786,2.332644
1217282840.603495,0.001360,0.747789,-0.000006,-0.000076,-0.148207,-0.510160,8.034581,-4.527656,0.891869,0.945529,-1.891613,-0.267785,2.332768
1217282840.703333,0.001106,0.746084,-0.000006,-0.000080,-0.146556,-0.510017,8.085210,-4.555444,0.891797,0.945983,-1.891613,-0.267780,2.332873
1217282840.803376,0.001475,0.746509,-0.000007,-0.000084,-0.144429,-0.509881,8.138645,-4.584827,0.891728,0.946348,-1.891587,-0.267770,2.332979
1217282840.903300,0.001498,0.745841,-0.000007,-0.000088,-0.145731,-0.509746,8.190411,-4.613260,0.891641,0.946678,-1.891561,-0.267760,2.333066
1217282841.003303,0.001843,0.746260,-0.000007,-0.000092,-0.146831,-0.509611,8.243493,-4.642421,0.891554,0.947010,-1.891553,-0.267747,2.333134
1217282841.103300,0.001885,0.745654,-0.000007,-0.000095,-0.146966,-0.509484,8.294889,-4.670658,0.891471,0.947252,-1.891538,-0.267731,2.333173
1217282841.203300,0.002527,0.747137,-0.000007,-0.000097,-0.147877,-0.509364,8.349088,-4.700489,0.891383,0.947419,-1.891519,-0.267715,2.333183
1217282841.303306,0.002581,0.746574,-0.000007,-0.000099,-0.146298,-0.509251,8.400100,-4.728550,0.891308,0.947532,-1.891519,-0.267699,2.333173
1217282841.403300,0.002609,0.745987,-0.000008,-0.000100,-0.147297,-0.509147,8.450915,-4.756530,0.891220,0.947570,-1.891507,-0.267684,2.333143
1217282841.503334,0.002656,0.745444,-0.000007,-0.000100,-0.147359,-0.509047,8.501544,-4.784414,0.891135,0.947570,-1.891495,-0.267669,2.333093
1217282841.603305,0.003020,0.745978,-0.000007,-0.000099,-0.146652,-0.508973,8.553447,-4.813099,0.891055,0.947360,-1.891480,-0.267659,2.333012
1217282841.703550,0.003066,0.745460,-0.000007,-0.000097,-0.146821,-0.508906,8.603654,-4.840861,0.890969,0.947092,-1.891468,-0.267652,2.332941
1217282841.803300,0.003480,0.746099,-0.000007,-0.000096,-0.143114,-0.508832,8.655186,-4.869325,0.890905,0.946880,-1.891483,-0.267651,2.332860
1217282841.903344,0.003832,0.746652,-0.000007,-0.000095,-0.141566,-0.508749,8.706547,-4.897658,0.890831,0.946745,-1.891440,-0.267655,2.332799
1217282842.003302,0.004782,0.749291,-0.000007,-0.000094,-0.141843,-0.508675,8.760712,-4.927593,0.890745,0.946531,-1.891451,-0.267660,2.332737
1217282842.103300,0.005383,0.750819,-0.000007,-0.000094,-0.142066,-0.508585,8.813219,-4.956536,0.890660,0.946453,-1.891455,-0.267664,2.332696
1217282842.203300,0.005975,0.752337,-0.000007,-0.000093,-0.140711,-0.508493,8.865565,-4.985359,0.890584,0.946374,-1.891455,-0.267670,2.332675
1217282842.303300,0.006865,0.754889,-0.000006,-0.000094,-0.135737,-0.508395,8.919229,-5.014894,0.890529,0.946335,-1.891410,-0.267680,2.332665
1217282842.403306,0.007679,0.757328,-0.000007,-0.000095,-0.135444,-0.508287,8.972745,-5.044307,0.890449,0.946355,-1.891402,-0.267694,2.332696
1217282842.503307,0.008128,0.758625,-0.000007,-0.000097,-0.137507,-0.508164,9.024601,-5.072730,0.890355,0.946495,-1.891402,-0.267705,2.332728
1217282842.603499,0.008539,0.759857,-0.000007,-0.000100,-0.140006,-0.508027,9.076317,-5.100993,0.890257,0.946696,-1.891381,-0.267713,2.332791
1217282842.703333,0.008658,0.760062,-0.000007,-0.000103,-0.139765,-0.507884,9.126356,-5.128290,0.890173,0.946938,-1.891365,-0.267720,2.332876
1217282842.803375,0.008752,0.760225,-0.000007,-0.000108,-0.141879,-0.507724,9.176230,-5.155430,0.890075,0.947283,-1.891360,-0.267726,2.332994
1217282842.903301,0.008537,0.759334,-0.000008,-0.000113,-0.144403,-0.507561,9.224439,-5.181610,0.889972,0.947629,-1.891360,-0.267728,2.333122
1217282843.003302,0.008042,0.757436,-0.000008,-0.000118,-0.144957,-0.507391,9.270967,-5.206822,0.889880,0.948018,-1.891331,-0.267728,2.333241
1217282843.103300,0.007934,0.756716,-0.000008,-0.000124,-0.141565,-0.507212,9.318836,-5.232742,0.889812,0.948450,-1.891323,-0.267724,2.333371
1217282843.203300,0.007781,0.755930,-0.000009,-0.000130,-0.143364,-0.507032,9.366518,-5.258545,0.889713,0.948884,-1.891314,-0.267718,2.333501
1217282843.303306,0.007643,0.755171,-0.000009,-0.000136,-0.144095,-0.506847,9.414034,-5.284223,0.889618,0.949320,-1.891289,-0.267710,2.333621
1217282843.403301,0.007866,0.755548,-0.000010,-0.000143,-0.140856,-0.506655,9.462870,-5.310600,0.889548,0.949799,-1.891271,-0.267699,2.333730
1217282843.503495,0.007726,0.754793,-0.000010,-0.000149,-0.142771,-0.506471,9.510028,-5.336081,0.889447,0.950218,-1.891254,-0.267686,2.333829
1217282843.603333,0.007878,0.755067,-0.000010,-0.000154,-0.145928,-0.506299,9.558478,-5.362320,0.889336,0.950555,-1.891228,-0.267669,2.333906
1217282843.703558,0.007775,0.754373,-0.000011,-0.000158,-0.145460,-0.506131,9.605228,-5.387622,0.889246,0.950872,-1.891228,-0.267649,2.333928
1217282843.803300,0.007671,0.753685,-0.000011,-0.000162,-0.145841,-0.505983,9.651768,-5.412881,0.889151,0.951063,-1.891224,-0.267625,2.333916
1217282843.903337,0.007272,0.751971,-0.000011,-0.000163,-0.146147,-0.505859,9.696579,-5.437262,0.889055,0.951104,-1.891202,-0.267602,2.333893
1217282844.003302,0.007187,0.751325,-0.000011,-0.000164,-0.147188,-0.505753,9.742684,-5.462439,0.888954,0.951039,-1.891167,-0.267583,2.333847
1217282844.103300,0.006789,0.749630,-0.000010,-0.000162,-0.151128,-0.505674,9.787054,-5.486749,0.888833,0.950823,-1.891162,-0.267566,2.333767
1217282844.203299,0.006473,0.748069,-0.000010,-0.000160,-0.150554,-0.505601,9.831239,-5.510953,0.888739,0.950562,-1.891167,-0.267556,2.333676
1217282844.303300,0.006189,0.746570,-0.000010,-0.000157,-0.148531,-0.505533,9.875224,-5.535060,0.888653,0.950278,-1.891149,-0.267554,2.333584
1217282844.403334,0.006232,0.746160,-0.000010,-0.000155,-0.146082,-0.505449,9.920560,-5.559845,0.888572,0.950080,-1.891118,-0.267557,2.333491
1217282844.503306,0.006576,0.746803,-0.000010,-0.000154,-0.145589,-0.505367,9.967206,-5.585363,0.888478,0.949860,-1.891122,-0.267565,2.333445
1217282844.603478,0.007206,0.748465,-0.000009,-0.000153,-0.145193,-0.505272,10.015202,-5.611559,0.888383,0.949705,-1.891117,-0.267574,2.333398
1217282844.703301,0.008104,0.751117,-0.000009,-0.000153,-0.144108,-0.505156,10.064547,-5.638418,0.888293,0.949660,-1.891085,-0.267584,2.333386
1217282844.803560,0.009263,0.754742,-0.000009,-0.000154,-0.143218,-0.505027,10.115227,-5.665967,0.888201,0.949681,-1.891067,-0.267589,2.333363
1217282844.903300,0.010052,0.757218,-0.000009,-0.000156,-0.144008,-0.504898,10.164221,-5.692581,0.888099,0.949703,-1.891075,-0.267594,2.333374
1217282845.003302,0.010515,0.758608,-0.000009,-0.000157,-0.143114,-0.504771,10.211517,-5.718251,0.888007,0.949725,-1.891075,-0.267597,2.333362
1217282845.103300,0.010665,0.758937,-0.000010,-0.000159,-0.140046,-0.504634,10.257156,-5.742965,0.887930,0.949792,-1.891038,-0.267600,2.333385
1217282845.203300,0.011067,0.760227,-0.000010,-0.000161,-0.142893,-0.504500,10.304109,-5.768412,0.887815,0.949837,-1.891056,-0.267604,2.333421
1217282845.303305,0.011186,0.760499,-0.000010,-0.000164,-0.140633,-0.504345,10.349412,-5.792876,0.887732,0.949996,-1.891033,-0.267607,2.333468
1217282845.403308,0.010950,0.759646,-0.000010,-0.000168,-0.142594,-0.504185,10.393025,-5.816375,0.887622,0.950178,-1.891005,-0.267609,2.333540
1217282845.503497,0.010785,0.758902,-0.000010,-0.000171,-0.140366,-0.504028,10.436472,-5.839788,0.887539,0.950338,-1.891000,-0.267612,2.333600
1217282845.603332,0.010601,0.758127,-0.000010,-0.000176,-0.140052,-0.503855,10.479752,-5.863044,0.887443,0.950568,-1.890967,-0.267615,2.333672
1217282845.703550,0.010708,0.758376,-0.000011,-0.000180,-0.142115,-0.503688,10.524342,-5.887042,0.887331,0.950753,-1.890948,-0.267614,2.333769
1217282845.803300,0.010538,0.757622,-0.000011,-0.000185,-0.142277,-0.503506,10.567278,-5.910049,0.887230,0.951008,-1.890952,-0.267612,2.333854
1217282845.903300,0.010710,0.757969,-0.000011,-0.000190,-0.139338,-0.503317,10.611544,-5.933760,0.887151,0.951287,-1.890938,-0.267609,2.333927
1217282846.003302,0.010850,0.758269,-0.000011,-0.000195,-0.139199,-0.503135,10.655625,-5.957399,0.887053,0.951521,-1.890933,-0.267605,2.334037
1217282846.103300,0.011294,0.759607,-0.000012,-0.000201,-0.137555,-0.502932,10.701058,-5.981702,0.886965,0.951850,-1.890904,-0.267599,2.334111
1217282846.203306,0.011381,0.759816,-0.000012,-0.000207,-0.139258,-0.502731,10.744800,-6.005063,0.886855,0.952157,-1.890884,-0.267592,2.334209
1217282846.303301,0.011502,0.760073,-0.000012,-0.000215,-0.138359,-0.502514,10.788379,-6.028261,0.886762,0.952536,-1.890889,-0.267583,2.334296
1217282846.403333,0.011907,0.761341,-0.000013,-0.000219,-0.137626,-0.502328,10.833257,-6.052281,0.886667,0.952749,-1.890864,-0.267571,2.334357
1217282846.503305,0.011987,0.761528,-0.000013,-0.000225,-0.137772,-0.502130,10.876452,-6.075319,0.886566,0.953011,-1.890859,-0.267560,2.334419
1217282846.603487,0.012072,0.761718,-0.000013,-0.000229,-0.136354,-0.501946,10.919467,-6.098285,0.886477,0.953202,-1.890825,-0.267546,2.334469
1217282846.703300,0.012454,0.762938,-0.000013,-0.000234,-0.135949,-0.501760,10.963807,-6.121974,0.886380,0.953394,-1.890819,-0.267535,2.334480
1217282846.803350,0.012507,0.763069,-0.000013,-0.000237,-0.136371,-0.501590,11.006422,-6.144760,0.886277,0.953514,-1.890814,-0.267525,2.334505
1217282846.903300,0.013167,0.765282,-0.000014,-0.000239,-0.135977,-0.501432,11.051879,-6.169142,0.886179,0.953561,-1.890809,-0.267514,2.334517
1217282847.003302,0.013493,0.766394,-0.000014,-0.000241,-0.135636,-0.501286,11.095614,-6.192612,0.886081,0.953559,-1.890814,-0.267504,2.334516
1217282847.103300,0.013761,0.767410,-0.000014,-0.000242,-0.139208,-0.501132,11.139204,-6.215927,0.885954,0.953582,-1.890838,-0.267495,2.334463
1217282847.203300,0.014365,0.769503,-0.000014,-0.000244,-0.136041,-0.500974,11.184127,-6.239956,0.885873,0.953605,-1.890798,-0.267489,2.334450
1217282847.303306,0.014622,0.770474,-0.000013,-0.000244,-0.133390,-0.500848,11.227314,-6.263131,0.885791,0.953504,-1.890732,-0.267485,2.334384
1217282847.403307,0.015141,0.772413,-0.000013,-0.000244,-0.135036,-0.500714,11.271840,-6.287007,0.885678,0.953428,-1.890737,-0.267481,2.334331
1217282847.503503,0.015625,0.774284,-0.000013,-0.000244,-0.136415,-0.500581,11.316219,-6.310760,0.885566,0.953326,-1.890731,-0.267476,2.334265
1217282847.603333,0.015779,0.775055,-0.000013,-0.000242,-0.137554,-0.500462,11.358875,-6.333604,0.885454,0.953174,-1.890726,-0.267474,2.334211
1217282847.703372,0.015931,0.775807,-0.000013,-0.000242,-0.136967,-0.500335,11.401354,-6.356317,0.885354,0.953047,-1.890700,-0.267475,2.334171
1217282847.803300,0.016397,0.777604,-0.000013,-0.000242,-0.134938,-0.500188,11.445216,-6.379696,0.885264,0.952995,-1.890700,-0.267476,2.334144
1217282847.903300,0.016483,0.778224,-0.000013,-0.000242,-0.137862,-0.500052,11.487353,-6.402165,0.885139,0.952892,-1.890715,-0.267480,2.334143
1217282848.003302,0.016553,0.778802,-0.000013,-0.000243,-0.140308,-0.499895,11.529361,-6.424451,0.885014,0.952865,-1.890709,-0.267485,2.334143
1217282848.103300,0.016637,0.779383,-0.000013,-0.000245,-0.140038,-0.499729,11.571198,-6.446599,0.884908,0.952863,-1.890688,-0.267489,2.334169
1217282848.203305,0.016683,0.779891,-0.000013,-0.000247,-0.142128,-0.499541,11.612898,-6.468568,0.884783,0.952938,-1.890667,-0.267492,2.334181
1217282848.303301,0.016741,0.780399,-0.000013,-0.000251,-0.143094,-0.499337,11.654440,-6.490375,0.884665,0.953065,-1.890672,-0.267494,2.334221
1217282848.403330,0.016454,0.779785,-0.000013,-0.000254,-0.146211,-0.499144,11.694277,-6.511278,0.884529,0.953141,-1.890651,-0.267496,2.334287
1217282848.503305,0.015926,0.778210,-0.000013,-0.000258,-0.144170,-0.498937,11.732436,-6.531191,0.884431,0.953269,-1.890608,-0.267503,2.334354
1217282848.603562,0.015708,0.777680,-0.000014,-0.000264,-0.144783,-0.498705,11.771967,-6.551751,0.884313,0.953475,-1.890603,-0.267508,2.334435
1217282848.703301,0.015511,0.777173,-0.000014,-0.000270,-0.144519,-0.498455,11.811365,-6.572160,0.884201,0.953735,-1.890603,-0.267510,2.334543
1217282848.803341,0.014987,0.775578,-0.000014,-0.000277,-0.147371,-0.498204,11.849058,-6.591622,0.884064,0.953995,-1.890608,-0.267513,2.334638
1217282848.903300,0.014558,0.774122,-0.000015,-0.000285,-0.142810,-0.497925,11.886642,-6.610891,0.883984,0.954335,-1.890570,-0.267518,2.334761
1217282849.003302,0.014115,0.772643,-0.000015,-0.000296,-0.142851,-0.497613,11.924092,-6.629949,0.883870,0.954782,-1.890565,-0.267518,2.334870
1217282849.103300,0.013977,0.772207,-0.000016,-0.000304,-0.143674,-0.497330,11.962837,-6.649843,0.883749,0.955125,-1.890527,-0.267517,2.334979
1217282849.203299,0.013561,0.770761,-0.000016,-0.000314,-0.143571,-0.497029,11.999908,-6.668739,0.883634,0.955522,-1.890505,-0.267507,2.335089
1217282849.303309,0.013166,0.769350,-0.000017,-0.000324,-0.144250,-0.496714,12.036829,-6.687513,0.883513,0.955973,-1.890505,-0.267492,2.335157
1217282849.403308,0.013096,0.769012,-0.000017,-0.000331,-0.143293,-0.496453,12.075002,-6.707178,0.883404,0.956239,-1.890450,-0.267478,2.335183
1217282849.503483,0.012709,0.767612,-0.000017,-0.000339,-0.144793,-0.496185,12.111515,-6.725917,0.883276,0.956532,-1.890411,-0.267463,2.335209
1217282849.603301,0.012306,0.766188,-0.000017,-0.000346,-0.149901,-0.495926,12.147829,-6.744575,0.883116,0.956799,-1.890389,-0.267444,2.335179
1217282849.703568,0.011677,0.763845,-0.000018,-0.000349,-0.151058,-0.495725,12.182351,-6.762475,0.882984,0.956877,-1.890394,-0.267420,2.335135
1217282849.803300,0.010800,0.760553,-0.000018,-0.000351,-0.150466,-0.495543,12.215160,-6.779492,0.882865,0.956902,-1.890383,-0.267400,2.335048
1217282849.903300,0.009977,0.757356,-0.000017,-0.000350,-0.149968,-0.495409,12.247714,-6.796556,0.882746,0.956762,-1.890366,-0.267381,2.334990
1217282850.003339,0.009198,0.754247,-0.000017,-0.000347,-0.151087,-0.495312,12.280037,-6.813637,0.882613,0.956513,-1.890377,-0.267368,2.334903
1217282850.103300,0.008798,0.752312,-0.000017,-0.000339,-0.148946,-0.495279,12.313604,-6.831642,0.882506,0.956070,-1.890355,-0.267360,2.334802
1217282850.203305,0.008398,0.750394,-0.000016,-0.000335,-0.150241,-0.495194,12.347091,-6.849378,0.882371,0.955791,-1.890355,-0.267361,2.334671
1217282850.303308,0.008348,0.749605,-0.000016,-0.000330,-0.149790,-0.495129,12.381894,-6.867901,0.882248,0.955456,-1.890349,-0.267365,2.334526
1217282850.403493,0.007997,0.747790,-0.000016,-0.000327,-0.149402,-0.495006,12.415116,-6.885299,0.882126,0.955287,-1.890309,-0.267370,2.334423
1217282850.503333,0.008003,0.747123,-0.000015,-0.000323,-0.148312,-0.494927,12.449615,-6.903565,0.882009,0.954978,-1.890320,-0.267375,2.334335
1217282850.603557,0.008009,0.746466,-0.000015,-0.000321,-0.146634,-0.494788,12.484036,-6.921534,0.881898,0.954835,-1.890274,-0.267387,2.334305
1217282850.703300,0.008005,0.745813,-0.000015,-0.000320,-0.146777,-0.494650,12.518303,-6.939428,0.881772,0.954693,-1.890228,-0.267397,2.334275
1217282850.803300,0.007688,0.744118,-0.000015,-0.000321,-0.149968,-0.494473,12.550933,-6.956265,0.881619,0.954662,-1.890222,-0.267411,2.334260
1217282850.903300,0.007134,0.741502,-0.000015,-0.000324,-0.149530,-0.494273,12.581940,-6.972119,0.881495,0.954688,-1.890204,-0.267424,2.334303
1217282851.003302,0.006300,0.737900,-0.000015,-0.000328,-0.150693,-0.494041,12.611301,-6.986941,0.881358,0.954798,-1.890175,-0.267434,2.334361
1217282851.103306,0.005454,0.734308,-0.000015,-0.000333,-0.157838,-0.493795,12.640546,-7.001626,0.881167,0.954938,-1.890146,-0.267441,2.334434
1217282851.203300,0.004413,0.729865,-0.000016,-0.000342,-0.159927,-0.493495,12.668189,-7.015211,0.881013,0.955221,-1.890105,-0.267450,2.334522
1217282851.303334,0.003172,0.724579,-0.000016,-0.000348,-0.159337,-0.493222,12.694231,-7.028008,0.880881,0.955418,-1.890059,-0.267457,2.334610
1217282851.403305,0.002309,0.720492,-0.000016,-0.000359,-0.161165,-0.492890,12.721730,-7.041345,0.880727,0.955760,-1.890064,-0.267462,2.334728
1217282851.503490,0.001522,0.716562,-0.000017,-0.000368,-0.160372,-0.492564,12.749132,-7.054568,0.880593,0.956046,-1.890011,-0.267468,2.334877
1217282851.603300,0.000788,0.712756,-0.000017,-0.000381,-0.161249,-0.492170,12.776480,-7.067478,0.880446,0.956505,-1.889982,-0.267472,2.335011
1217282851.703347,0.000435,0.710153,-0.000018,-0.000398,-0.161218,-0.491701,12.805313,-7.080877,0.880304,0.957140,-1.889976,-0.267471,2.335175
1217282851.803300,0.000462,0.708756,-0.000019,-0.000412,-0.157342,-0.491273,12.835504,-7.095122,0.880196,0.957632,-1.889945,-0.267465,2.335355
1217282851.903300,0.000501,0.707418,-0.000020,-0.000426,-0.154105,-0.490853,12.865516,-7.109290,0.880085,0.958095,-1.889891,-0.267455,2.335520
1217282852.003302,0.001163,0.708234,-0.000020,-0.000443,-0.152972,-0.490386,12.898518,-7.124920,0.879957,0.958678,-1.889903,-0.267440,2.335639
1217282852.103300,0.001772,0.709002,-0.000021,-0.000458,-0.154345,-0.489939,12.931321,-7.140506,0.879808,0.959203,-1.889885,-0.267420,2.335744
1217282852.203305,0.002679,0.710838,-0.000022,-0.000471,-0.154735,-0.489534,12.965458,-7.156990,0.879665,0.959611,-1.889866,-0.267396,2.335848
1217282852.303308,0.002926,0.710533,-0.000022,-0.000480,-0.156585,-0.489179,12.996294,-7.171878,0.879509,0.959903,-1.889817,-0.267374,2.335908
1217282852.403499,0.003200,0.710302,-0.000022,-0.000486,-0.157358,-0.488900,13.026882,-7.186927,0.879360,0.960017,-1.889798,-0.267352,2.335890
1217282852.503333,0.003191,0.709092,-0.000022,-0.000490,-0.155677,-0.488629,13.055770,-7.201081,0.879233,0.960102,-1.889743,-0.267332,2.335903
1217282852.603375,0.003522,0.709014,-0.000022,-0.000494,-0.154284,-0.488384,13.085985,-7.216041,0.879104,0.960127,-1.889749,-0.267310,2.335870
1217282852.703300,0.003550,0.707927,-0.000022,-0.000494,-0.152337,-0.488188,13.114477,-7.230218,0.878981,0.960033,-1.889718,-0.267296,2.335805
1217282852.803300,0.003884,0.707919,-0.000022,-0.000490,-0.151497,-0.488057,13.144231,-7.245330,0.878849,0.959788,-1.889681,-0.267287,2.335694
1217282852.903300,0.004230,0.707961,-0.000022,-0.000488,-0.150795,-0.487883,13.173924,-7.260204,0.878716,0.959632,-1.889687,-0.267284,2.335614