
1217282823.403300,-0.309192,2.332997,3.477246,1.159082,-10.220996,-0.025083,-0.002973,-5.204048,0.000556,0.785600,10S
1217282823.503300,-0.140542,2.304889,3.055762,1.369824,-10.853223,-0.026553,-0.002983,-5.204048,0.000000,1.178400,10S
1217282823.603300,-0.224867,2.332997,-1.369824,0.948340,-9.694141,-0.026553,-0.002983,-5.204048,0.000000,1.522100,10S
1217282823.703305,-0.224867,2.332997,-3.793359,1.053711,-10.115625,-0.028024,-0.002992,-5.204048,0.000278,1.767600,10S
1217282823.803307,-0.196759,2.248672,-5.373926,1.053711,-10.431738,-0.028024,-0.002992,-5.204048,0.000278,1.522100,10S
1217282823.903495,-0.168650,2.361105,-6.638379,0.737598,-9.694141,-0.028024,-0.002992,-5.204048,0.000556,1.227500,10S
1217282824.003335,-0.168650,2.389214,-6.849121,0.737598,-9.167285,-0.028024,-0.002992,-5.204048,0.000556,0.834700,10S
1217282824.103550,-0.056217,2.361105,-6.427637,1.053711,-9.272656,-0.028024,-0.002992,-5.204048,0.000556,0.491000,10S
1217282824.203300,-0.112434,2.389214,-6.427637,0.737598,-9.378027,-0.030977,-0.001160,-5.204048,0.000556,0.392800,10S
1217282824.303300,-0.112434,2.304889,-6.111523,0.526855,-9.061914,-0.030977,-0.001160,-5.204048,0.000556,0.294600,10S
1217282824.403300,-0.112434,2.248672,-5.795410,0.526855,-9.588770,-0.030989,0.000692,-5.204048,0.000833,0.294600,10S
1217282824.503300,-0.140542,2.332997,-5.584668,0.000000,-9.588770,-0.030989,0.000692,-5.204048,0.000833,0.343700,10S
1217282824.603306,-0.168650,2.276780,-5.690039,-0.316113,-10.220996,-0.033894,-0.004883,-5.204048,0.000556,0.441900,10S
1217282824.703301,-0.196759,2.248672,-4.741699,0.210742,-10.537109,-0.033894,-0.004883,-5.204048,0.000556,0.540100,10S
1217282824.803333,-0.224867,2.304889,-4.425586,0.210742,-10.537109,-0.035304,-0.014151,-5.204048,0.001389,0.736500,10S
1217282824.903305,-0.281084,2.276780,-4.320215,0.000000,-11.063965,-0.035304,-0.014151,-5.204048,0.001389,0.932900,10S
1217282825.003489,-0.309192,2.332997,-3.582617,-0.105371,-10.958594,-0.035267,-0.019706,-5.204048,0.001389,1.031100,10S
1217282825.103300,-0.365409,2.361105,-4.004102,-0.105371,-10.958594,-0.035267,-0.019706,-5.204048,0.002222,1.227500,10S
1217282825.203351,-0.421626,2.304889,-3.371875,0.526855,-11.169336,-0.035267,-0.019706,-5.204048,0.002222,1.325700,10S
1217282825.303300,-0.449734,2.304889,-3.582617,0.526855,-10.853223,-0.036750,-0.017864,-5.204048,0.001111,1.374800,10S
1217282825.403300,-0.449734,2.389214,-3.687988,0.632227,-10.747852,-0.036750,-0.017864,-5.204048,0.001111,1.374800,10S
1217282825.503300,-0.393518,2.417322,-3.687988,1.159082,-11.274707,-0.038233,-0.016022,-5.204048,0.000556,1.473000,10S
1217282825.603300,-0.393518,2.417322,-3.477246,1.264453,-11.274707,-0.038233,-0.016022,-5.204048,0.000556,1.522100,10S
1217282825.703305,-0.421626,2.445431,-3.477246,1.475195,-11.485449,-0.039715,-0.014180,-5.204048,0.000556,1.571200,10S
1217282825.803307,-0.337301,2.389214,-2.950391,1.685938,-10.853223,-0.039715,-0.014180,-5.204048,0.000556,1.571200,10S
1217282825.903493,-0.252976,2.417322,-2.634277,1.475195,-11.485449,-0.044115,-0.016061,-5.204048,0.000556,1.669400,10S
1217282826.003335,-0.337301,2.473539,-2.739648,1.475195,-11.590820,-0.044115,-0.016061,-5.204048,0.000556,1.718500,10S
1217282826.103378,-0.365409,2.501647,-2.528906,1.791309,-11.274707,-0.044115,-0.016061,-5.204048,0.000556,1.669400,10S
1217282826.203300,-0.337301,2.501647,-2.950391,2.002051,-11.169336,-0.044115,-0.016061,-5.204048,0.000833,1.767600,10S
1217282826.303300,-0.309192,2.529756,-2.950391,2.318164,-11.063965,-0.044115,-0.016061,-5.204048,0.000833,1.669400,10S
1217282826.403300,-0.309192,2.557864,-2.845020,2.528906,-11.169336,-0.045598,-0.014219,-5.204048,0.000833,1.669400,10S
1217282826.503300,-0.196759,2.529756,-3.055762,2.950391,-11.063965,-0.045598,-0.014219,-5.204048,0.000833,1.669400,10S
1217282826.603306,-0.028108,2.501647,-3.582617,3.266504,-11.274707,-0.044127,-0.014209,-5.204048,0.000278,1.620300,10S
1217282826.703301,0.112434,2.389214,-3.161133,2.318164,-11.590820,-0.044127,-0.014209,-5.204048,0.000278,1.620300,10S
1217282826.803330,0.084325,2.417322,-3.266504,2.318164,-10.747852,-0.044127,-0.014209,-5.204048,0.001389,1.620300,10S
1217282826.903306,0.084325,2.332997,-3.371875,1.475195,-11.380078,-0.044127,-0.014209,-5.204048,0.001389,1.620300,10S
1217282827.003555,0.140542,2.332997,-3.161133,1.369824,-10.958594,-0.044127,-0.014209,-5.204048,0.001389,1.620300,10S
1217282827.103300,0.000000,2.276780,-3.371875,1.264453,-11.590820,-0.042644,-0.016051,-5.204048,0.000833,1.669400,10S
1217282827.203344,0.000000,2.220563,-3.055762,0.737598,-11.063965,-0.042644,-0.016051,-5.204048,0.000833,1.718500,10S
1217282827.303300,-0.084325,2.220563,-2.845020,0.105371,-11.696191,-0.041174,-0.016041,-5.204048,0.001111,1.718500,10S
1217282827.403300,-0.112434,2.164347,-2.528906,0.526855,-11.696191,-0.041174,-0.016041,-5.204048,0.001111,1.767600,10S
1217282827.503300,-0.168650,2.136238,-2.739648,0.316113,-10.958594,-0.039691,-0.017883,-5.204048,0.001111,1.816700,10S
1217282827.603300,-0.252976,2.164347,-2.739648,0.316113,-11.063965,-0.039691,-0.017883,-5.204048,0.001111,1.865800,10S
1217282827.703308,-0.281084,2.164347,-2.528906,-0.105371,-11.696191,-0.039679,-0.019735,-5.204048,0.001111,1.816700,10S
1217282827.803308,-0.393518,2.248672,-2.845020,0.210742,-11.169336,-0.039679,-0.019735,-5.204048,0.001111,1.865800,10S
1217282827.903484,-0.421626,2.276780,-2.845020,0.421484,-11.169336,-0.045549,-0.021626,-5.204048,0.001111,1.816700,10S
1217282828.003302,-0.477843,2.361105,-3.161133,0.632227,-11.380078,-0.045549,-0.021626,-5.204048,0.001389,1.816700,10S
1217282828.103558,-0.505951,2.361105,-2.950391,1.264453,-10.853223,-0.045549,-0.021626,-5.204048,0.001389,1.816700,10S
1217282828.203300,-0.421626,2.417322,-3.371875,1.475195,-11.906934,-0.048502,-0.019793,-5.204048,0.000833,1.767600,10S
1217282828.303300,-0.477843,2.473539,-2.845020,1.475195,-10.958594,-0.048502,-0.019793,-5.204048,0.000833,1.718500,10S
1217282828.403300,-0.421626,2.445431,-2.950391,1.685938,-11.274707,-0.048502,-0.019793,-5.204048,0.001111,1.816700,10S
1217282828.503300,-0.505951,2.585973,-3.161133,1.896680,-11.274707,-0.048502,-0.019793,-5.204048,0.001111,1.767600,10S
1217282828.603301,-0.449734,2.585973,-2.950391,2.423535,-10.958594,-0.048490,-0.021645,-5.204048,0.001389,1.816700,10S
1217282828.703301,-0.365409,2.642189,-3.266504,2.739648,-11.696191,-0.048490,-0.021645,-5.204048,0.001389,1.816700,10S
1217282828.803495,-0.365409,2.698406,-2.528906,3.055762,-10.958594,-0.048453,-0.027200,-5.204048,0.001667,1.816700,10S
1217282828.903333,-0.196759,2.698406,-2.739648,3.266504,-10.958594,-0.048453,-0.027200,-5.204048,0.001667,1.865800,10S
1217282829.003557,-0.056217,2.698406,-3.161133,3.477246,-11.801563,-0.048453,-0.027200,-5.204048,0.001667,1.865800,10S
1217282829.103300,0.084325,2.642189,-2.739648,3.371875,-11.485449,-0.045488,-0.030884,-5.204048,0.002500,1.816700,10S
1217282829.203339,0.140542,2.585973,-2.528906,2.845020,-10.853223,-0.045488,-0.030884,-5.204048,0.002500,1.865800,10S
1217282829.303300,0.196759,2.501647,-2.739648,2.845020,-11.380078,-0.042511,-0.036420,-5.204048,0.001667,1.914900,10S
1217282829.403300,0.224867,2.445431,-2.739648,2.212793,-10.958594,-0.042511,-0.036420,-5.204048,0.001667,1.865800,10S
1217282829.503306,0.281084,2.304889,-2.950391,1.475195,-11.590820,-0.039557,-0.038253,-5.204048,0.001944,1.865800,10S
1217282829.603301,0.224867,2.332997,-2.950391,1.264453,-11.169336,-0.039557,-0.038253,-5.204048,0.001944,1.816700,10S
1217282829.703334,0.112434,2.192455,-2.739648,0.526855,-10.853223,-0.035133,-0.040076,-5.204048,0.001111,1.865800,10S
1217282829.803305,0.112434,2.108130,-2.845020,0.000000,-11.274707,-0.035133,-0.040076,-5.204048,0.001111,1.816700,10S
1217282829.903491,-0.056217,2.108130,-2.423535,-0.105371,-12.012305,-0.033651,-0.041918,-5.204048,0.001111,1.816700,10S
1217282830.003302,-0.224867,2.136238,-2.318164,0.000000,-10.747852,-0.033651,-0.041918,-5.204048,0.001111,1.914900,10S
1217282830.103351,-0.281084,2.136238,-2.212793,-0.316113,-11.169336,-0.033651,-0.041918,-5.204048,0.001111,1.865800,10S
1217282830.203300,-0.449734,2.248672,-2.423535,0.000000,-11.169336,-0.032168,-0.043760,-5.204048,0.000833,1.964000,10S
1217282830.303300,-0.477843,2.276780,-2.634277,0.526855,-11.169336,-0.032168,-0.043760,-5.204048,0.000833,2.013100,10S
1217282830.403299,-0.449734,2.332997,-2.423535,0.737598,-11.063965,-0.030697,-0.043750,-5.204048,0.000833,1.964000,10S
1217282830.503300,-0.505951,2.361105,-2.528906,0.948340,-11.801563,-0.030697,-0.043750,-5.204048,0.000833,2.013100,10S
1217282830.603305,-0.449734,2.389214,-2.845020,1.369824,-11.590820,-0.027732,-0.047434,-5.204048,0.001944,1.964000,10S
1217282830.703307,-0.477843,2.389214,-2.423535,1.264453,-10.958594,-0.027732,-0.047434,-5.204048,0.001944,1.964000,10S
1217282830.803495,-0.365409,2.445431,-2.845020,1.685938,-11.380078,-0.026237,-0.051128,-5.204048,0.002778,1.964000,10S
1217282830.903333,-0.365409,2.445431,-2.845020,1.896680,-11.590820,-0.026237,-0.051128,-5.204048,0.002778,1.914900,10S
1217282831.003376,-0.365409,2.529756,-3.161133,1.791309,-11.063965,-0.026237,-0.051128,-5.204048,0.002778,1.914900,10S
1217282831.103300,-0.365409,2.557864,-2.634277,2.423535,-12.012305,-0.023260,-0.056664,-5.204048,0.001944,1.865800,10S
1217282831.203300,-0.337301,2.614081,-2.739648,2.634277,-12.012305,-0.023260,-0.056664,-5.204048,0.001944,1.914900,10S
1217282831.303300,-0.252976,2.614081,-2.739648,2.634277,-10.747852,-0.020282,-0.062200,-5.204048,0.003333,1.964000,10S
1217282831.403300,-0.224867,2.642189,-2.634277,2.950391,-11.274707,-0.020282,-0.062200,-5.204048,0.003333,2.013100,10S
1217282831.503306,-0.056217,2.642189,-2.528906,3.055762,-11.801563,-0.018787,-0.065894,-5.204048,0.001944,1.964000,10S
1217282831.603300,-0.084325,2.557864,-2.528906,2.423535,-10.431738,-0.018787,-0.065894,-5.204048,0.001944,2.013100,10S
1217282831.703335,-0.084325,2.585973,-2.423535,2.739648,-12.223047,-0.014339,-0.071420,-5.204048,0.001389,2.062200,10S
1217282831.803305,-0.084325,2.557864,-2.318164,2.423535,-11.274707,-0.014339,-0.071420,-5.204048,0.001389,1.964000,10S
1217282831.903551,-0.028108,2.557864,-2.845020,2.423535,-10.958594,-0.014339,-0.071420,-5.204048,0.001389,2.013100,10S
1217282832.003302,0.000000,2.501647,-2.318164,2.318164,-11.063965,-0.011386,-0.073253,-5.204048,0.001667,2.013100,10S
1217282832.103346,0.028108,2.445431,-2.739648,2.212793,-11.380078,-0.011386,-0.073253,-5.204048,0.001667,1.964000,10S
1217282832.203300,0.056217,2.417322,-2.739648,1.896680,-12.117676,-0.008433,-0.075085,-5.204048,0.001389,1.964000,10S
1217282832.303300,0.056217,2.417322,-1.896680,1.475195,-10.642480,-0.008433,-0.075085,-5.204048,0.001389,1.964000,10S
1217282832.403300,-0.056217,2.304889,-2.528906,1.369824,-11.906934,-0.003997,-0.078760,-5.204048,0.001111,2.013100,10S
1217282832.503300,0.000000,2.276780,-2.423535,1.264453,-11.696191,-0.003997,-0.078760,-5.204048,0.001111,2.013100,10S
1217282832.603309,-0.028108,2.248672,-1.896680,1.053711,-10.747852,0.001886,-0.078721,-5.204048,0.001944,1.964000,10S
1217282832.703308,-0.112434,2.276780,-2.528906,0.632227,-11.906934,0.001886,-0.078721,-5.204048,0.001944,2.062200,10S
1217282832.803487,-0.140542,2.304889,-2.845020,0.842969,-11.906934,0.004839,-0.080553,-5.204048,0.001944,2.013100,10S
1217282832.903300,-0.196759,2.304889,-2.634277,0.737598,-10.115625,0.004839,-0.080553,-5.204048,0.002222,1.964000,10S
1217282833.003604,-0.281084,2.276780,-2.423535,0.632227,-12.539160,0.004839,-0.080553,-5.204048,0.002222,1.964000,10S
1217282833.103301,-0.281084,2.248672,-2.528906,0.737598,-12.223047,0.006309,-0.080544,-5.204048,0.001389,1.964000,10S
1217282833.203300,-0.337301,2.304889,-2.739648,1.053711,-10.642480,0.006309,-0.080544,-5.204048,0.001389,1.964000,10S
1217282833.303300,-0.309192,2.332997,-2.739648,1.053711,-11.696191,0.009275,-0.084228,-5.204048,0.001389,1.914900,10S
1217282833.403300,-0.365409,2.389214,-2.845020,1.264453,-10.747852,0.009275,-0.084228,-5.204048,0.001389,1.964000,10S
1217282833.503300,-0.365409,2.361105,-2.634277,1.369824,-11.274707,0.013711,-0.087903,-5.204048,0.002222,1.914900,10S
1217282833.603301,-0.365409,2.417322,-2.634277,1.475195,-11.169336,0.013711,-0.087903,-5.204048,0.002222,1.964000,10S
1217282833.703493,-0.337301,2.445431,-2.528906,1.580566,-11.696191,0.025548,-0.098936,-5.204048,0.003333,1.914900,10S
1217282833.803332,-0.252976,2.445431,-2.950391,1.791309,-11.274707,0.025548,-0.098936,-5.204048,0.003333,1.964000,10S
1217282833.903555,-0.252976,2.501647,-2.528906,1.791309,-11.169336,0.025548,-0.098936,-5.204048,0.003333,1.964000,10S
1217282834.003302,-0.224867,2.529756,-2.423535,2.002051,-11.485449,0.028538,-0.106324,-5.204048,0.003333,1.914900,10S
1217282834.103336,-0.252976,2.501647,-2.634277,2.528906,-10.853223,0.028538,-0.106324,-5.204048,0.003333,1.914900,10S
1217282834.203300,-0.140542,2.529756,-2.634277,2.318164,-11.801563,0.030033,-0.110017,-5.204048,0.002222,1.865800,10S
1217282834.303300,-0.112434,2.529756,-3.161133,1.896680,-11.169336,0.030033,-0.110017,-5.204048,0.002222,1.816700,10S
1217282834.403300,-0.196759,2.501647,-3.161133,1.896680,-10.853223,0.032998,-0.113702,-5.204048,0.001667,1.816700,10S
1217282834.503300,-0.168650,2.529756,-2.845020,2.423535,-12.012305,0.032998,-0.113702,-5.204048,0.001667,1.865800,10S
1217282834.603334,-0.224867,2.529756,-2.845020,2.002051,-10.747852,0.033010,-0.115553,-5.204048,0.001667,1.816700,10S
1217282834.703305,-0.224867,2.501647,-2.528906,2.002051,-10.958594,0.033010,-0.115553,-5.204048,0.001667,1.816700,10S
1217282834.803482,-0.140542,2.585973,-2.950391,2.318164,-11.485449,0.033023,-0.117405,-5.204048,0.001667,1.914900,10S
1217282834.903300,-0.112434,2.529756,-2.739648,2.107422,-12.012305,0.033023,-0.117405,-5.204048,0.000833,1.964000,10S
1217282835.003563,-0.028108,2.501647,-2.212793,2.212793,-10.958594,0.033023,-0.117405,-5.204048,0.000833,1.964000,10S
1217282835.103300,0.000000,2.417322,-2.002051,2.107422,-11.906934,0.034493,-0.117395,-5.204048,0.000833,2.062200,10S
1217282835.203300,0.000000,2.445431,-2.318164,2.002051,-11.380078,0.034493,-0.117395,-5.204048,0.000833,2.062200,10S
1217282835.303300,-0.056217,2.417322,-2.739648,1.791309,-11.380078,0.033047,-0.121109,-5.204048,0.000833,2.062200,10S
1217282835.403300,0.000000,2.332997,-1.685938,1.159082,-10.958594,0.033047,-0.121109,-5.204048,0.000833,2.013100,10S
1217282835.503305,-0.084325,2.361105,-2.212793,1.264453,-11.380078,0.036000,-0.122941,-5.204048,0.001667,2.062200,10S
1217282835.603308,-0.056217,2.332997,-2.423535,1.264453,-11.906934,0.036000,-0.122941,-5.204048,0.001667,2.013100,10S
1217282835.703492,-0.056217,2.276780,-2.423535,1.159082,-10.747852,0.040436,-0.126616,-5.204048,0.001667,1.964000,10S
1217282835.803333,-0.112434,2.276780,-2.423535,0.842969,-11.590820,0.040436,-0.126616,-5.204048,0.001667,2.013100,10S
1217282835.903375,-0.168650,2.276780,-2.528906,0.737598,-12.012305,0.040436,-0.126616,-5.204048,0.001667,2.013100,10S
1217282836.003302,-0.224867,2.248672,-2.212793,0.842969,-11.169336,0.043389,-0.128448,-5.204048,0.001111,2.062200,10S
1217282836.103300,-0.224867,2.276780,-2.212793,0.737598,-11.485449,0.043389,-0.128448,-5.204048,0.001111,2.013100,10S
1217282836.203300,-0.281084,2.248672,-2.002051,0.948340,-11.590820,0.047813,-0.130271,-5.204048,0.001389,2.062200,10S
1217282836.303300,-0.337301,2.332997,-2.318164,1.264453,-11.801563,0.047813,-0.130271,-5.204048,0.001389,2.111300,10S
1217282836.403306,-0.365409,2.332997,-2.002051,0.948340,-10.958594,0.053732,-0.135787,-5.204048,0.001944,2.160400,10S
1217282836.503301,-0.309192,2.332997,-1.896680,1.159082,-11.485449,0.053732,-0.135787,-5.204048,0.001944,2.111300,10S
1217282836.603334,-0.309192,2.389214,-2.002051,1.475195,-11.380078,0.058180,-0.141314,-5.204048,0.003611,2.160400,10S
1217282836.703305,-0.337301,2.389214,-2.318164,1.369824,-11.801563,0.058180,-0.141314,-5.204048,0.003611,2.111300,10S
1217282836.803559,-0.365409,2.417322,-2.212793,1.580566,-11.063965,0.058180,-0.141314,-5.204048,0.003611,2.111300,10S
1217282836.903300,-0.365409,2.501647,-2.318164,1.685938,-11.590820,0.061157,-0.146850,-5.204048,0.002778,2.062200,10S
1217282837.003346,-0.337301,2.529756,-2.528906,1.685938,-11.696191,0.061157,-0.146850,-5.204048,0.002778,2.013100,10S
1217282837.103300,-0.309192,2.501647,-2.318164,2.107422,-11.169336,0.064123,-0.150534,-5.204048,0.003056,2.013100,10S
1217282837.203300,-0.309192,2.529756,-2.739648,2.212793,-10.853223,0.064123,-0.150534,-5.204048,0.003056,1.964000,10S
1217282837.303300,-0.252976,2.529756,-2.423535,2.318164,-12.328418,0.068571,-0.156060,-5.204048,0.002500,2.013100,10S
1217282837.403300,-0.252976,2.529756,-1.685938,1.791309,-10.537109,0.068571,-0.156060,-5.204048,0.002500,2.013100,10S
1217282837.503305,-0.224867,2.614081,-2.528906,2.528906,-11.169336,0.073007,-0.159735,-5.204048,0.002222,2.013100,10S
1217282837.603307,-0.309192,2.614081,-2.212793,2.423535,-11.169336,0.073007,-0.159735,-5.204048,0.002222,2.013100,10S
1217282837.703486,-0.224867,2.670298,-2.318164,3.371875,-11.801563,0.078926,-0.165251,-5.204048,0.002222,2.062200,10S
1217282837.803300,-0.084325,2.614081,-1.896680,2.739648,-10.115625,0.078926,-0.165251,-5.204048,0.001667,2.111300,10S
1217282837.903580,-0.028108,2.614081,-2.318164,2.845020,-11.696191,0.078926,-0.165251,-5.204048,0.001667,2.062200,10S
1217282838.003302,-0.028108,2.614081,-2.528906,2.212793,-11.063965,0.081891,-0.168936,-5.204048,0.001667,2.062200,10S
1217282838.103300,0.000000,2.557864,-2.318164,2.634277,-12.539160,0.081891,-0.168936,-5.204048,0.001667,2.062200,10S
1217282838.203300,0.000000,2.501647,-2.318164,2.318164,-10.853223,0.086303,-0.168907,-5.204048,0.001389,2.062200,10S
1217282838.303300,0.056217,2.473539,-2.212793,2.318164,-11.380078,0.086303,-0.168907,-5.204048,0.001389,2.013100,10S
1217282838.403300,0.056217,2.417322,-2.528906,1.685938,-11.485449,0.092185,-0.168868,-5.204048,0.001667,2.013100,10S
1217282838.503301,0.028108,2.361105,-2.423535,1.475195,-10.958594,0.092185,-0.168868,-5.204048,0.001667,2.013100,10S
1217282838.603495,-0.028108,2.332997,-2.423535,1.475195,-12.117676,0.095126,-0.168849,-5.204048,0.001944,2.013100,10S
1217282838.703333,0.000000,2.304889,-2.212793,1.053711,-11.696191,0.095126,-0.168849,-5.204048,0.001944,1.964000,10S
1217282838.803554,-0.056217,2.304889,-2.212793,0.948340,-10.958594,0.095126,-0.168849,-5.204048,0.001944,2.013100,10S
1217282838.903300,-0.140542,2.248672,-1.896680,0.526855,-10.958594,0.099550,-0.170671,-5.204048,0.001389,2.062200,10S
1217282839.003339,-0.224867,2.276780,-2.002051,0.632227,-11.590820,0.099550,-0.170671,-5.204048,0.001389,2.013100,10S
1217282839.103300,-0.281084,2.332997,-2.528906,0.948340,-11.169336,0.102491,-0.170652,-5.204048,0.001389,2.062200,10S
1217282839.203300,-0.309192,2.332997,-1.896680,0.737598,-11.274707,0.102491,-0.170652,-5.204048,0.001389,2.062200,10S
1217282839.303301,-0.224867,2.304889,-2.318164,1.159082,-11.696191,0.108397,-0.174317,-5.204048,0.002500,2.062200,10S
1217282839.403300,-0.252976,2.332997,-2.318164,0.948340,-12.117676,0.108397,-0.174317,-5.204048,0.002500,2.013100,10S
1217282839.503334,-0.337301,2.389214,-2.739648,0.842969,-11.063965,0.121693,-0.183489,-5.204048,0.002222,2.013100,10S
1217282839.603305,-0.421626,2.417322,-2.212793,1.053711,-11.801563,0.121693,-0.183489,-5.204048,0.002222,2.013100,10S
1217282839.703486,-0.365409,2.473539,-2.212793,1.580566,-11.696191,0.129046,-0.183441,-5.204048,0.002222,2.062200,10S
1217282839.803300,-0.365409,2.473539,-2.528906,1.580566,-11.274707,0.129046,-0.183441,-5.204048,0.004167,1.964000,10S
1217282839.903559,-0.365409,2.529756,-2.739648,1.791309,-11.485449,0.129046,-0.183441,-5.204048,0.004167,2.013100,10S
1217282840.003301,-0.309192,2.529756,-2.528906,2.212793,-11.169336,0.134940,-0.185254,-5.204048,0.003611,2.062200,10S
1217282840.103300,-0.337301,2.529756,-2.318164,1.685938,-11.801563,0.134940,-0.185254,-5.204048,0.003611,1.964000,10S
1217282840.203300,-0.309192,2.557864,-2.528906,2.212793,-10.853223,0.139401,-0.192632,-5.204048,0.002222,1.964000,10S
1217282840.303300,-0.309192,2.557864,-2.423535,2.739648,-11.485449,0.139401,-0.192632,-5.204048,0.002222,1.964000,10S
1217282840.403305,-0.281084,2.614081,-2.212793,2.634277,-11.169336,0.143824,-0.194455,-5.204048,0.002778,1.964000,10S
1217282840.503307,-0.309192,2.642189,-2.318164,2.950391,-11.063965,0.143824,-0.194455,-5.204048,0.002778,1.964000,10S
1217282840.603495,-0.252976,2.698406,-2.739648,3.161133,-11.063965,0.148236,-0.194426,-5.204048,0.001944,1.964000,10S
1217282840.703333,-0.112434,2.642189,-2.212793,3.582617,-11.696191,0.148236,-0.194426,-5.204048,0.001944,1.964000,10S
1217282840.803376,0.028108,2.642189,-2.107422,3.055762,-10.958594,0.148236,-0.194426,-5.204048,0.001944,2.062200,10S
1217282840.903300,0.000000,2.585973,-2.528906,2.845020,-10.958594,0.154118,-0.194387,-5.204048,0.001667,2.013100,10S
1217282841.003303,0.112434,2.529756,-2.528906,2.845020,-11.485449,0.154118,-0.194387,-5.204048,0.001667,2.062200,10S
1217282841.103300,0.168650,2.445431,-2.423535,2.318164,-11.274707,0.160013,-0.196200,-5.204048,0.002778,2.013100,10S
1217282841.203300,0.196759,2.361105,-2.528906,1.896680,-11.169336,0.160013,-0.196200,-5.204048,0.002778,2.111300,10S
1217282841.303306,0.168650,2.304889,-2.212793,1.580566,-11.696191,0.164436,-0.198023,-5.204048,0.001389,2.013100,10S
1217282841.403300,0.140542,2.248672,-2.528906,1.159082,-11.380078,0.164436,-0.198023,-5.204048,0.001389,2.013100,10S
1217282841.503334,0.140542,2.192455,-2.423535,0.948340,-11.380078,0.168860,-0.199846,-5.204048,0.001111,2.013100,10S
1217282841.603305,0.028108,2.108130,-2.318164,-0.210742,-11.274707,0.168860,-0.199846,-5.204048,0.001111,2.062200,10S
1217282841.703550,-0.084325,2.136238,-2.423535,-0.526855,-11.380078,0.168860,-0.199846,-5.204048,0.001111,2.013100,10S
1217282841.803300,-0.252976,2.108130,-1.896680,-0.210742,-12.117676,0.171801,-0.199826,-5.204048,0.001389,2.062200,10S
1217282841.903344,-0.365409,2.164347,-2.107422,0.210742,-10.537109,0.171801,-0.199826,-5.204048,0.001389,2.062200,10S
1217282842.003302,-0.393518,2.164347,-2.318164,-0.210742,-12.012305,0.177708,-0.203491,-5.204048,0.001389,2.160400,10S
1217282842.103300,-0.393518,2.220563,-2.318164,0.526855,-11.801563,0.177708,-0.203491,-5.204048,0.001389,2.111300,10S
1217282842.203300,-0.421626,2.276780,-2.107422,0.526855,-11.696191,0.186543,-0.205285,-5.204048,0.002222,2.111300,10S
1217282842.303300,-0.534060,2.304889,-1.580566,0.737598,-10.537109,0.186543,-0.205285,-5.204048,0.002222,2.160400,10S
1217282842.403306,-0.618385,2.417322,-2.107422,1.053711,-11.485449,0.196874,-0.210773,-5.204048,0.004444,2.160400,10S
1217282842.503307,-0.562168,2.417322,-2.423535,1.685938,-11.696191,0.196874,-0.210773,-5.204048,0.004444,2.111300,10S
1217282842.603499,-0.477843,2.501647,-2.528906,2.002051,-11.169336,0.205697,-0.210715,-5.204048,0.005278,2.111300,10S
1217282842.703333,-0.449734,2.557864,-2.212793,2.212793,-11.274707,0.205697,-0.210715,-5.204048,0.005278,2.062200,10S
1217282842.803375,-0.421626,2.642189,-2.528906,2.739648,-11.590820,0.205697,-0.210715,-5.204048,0.005278,2.062200,10S
1217282842.903301,-0.309192,2.670298,-2.634277,2.739648,-11.696191,0.213062,-0.212518,-5.204048,0.003611,2.013100,10S
1217282843.003302,-0.281084,2.642189,-2.423535,2.950391,-10.958594,0.213062,-0.212518,-5.204048,0.003611,1.964000,10S
1217282843.103300,-0.168650,2.670298,-1.896680,3.161133,-11.485449,0.223392,-0.218006,-5.204048,0.002778,2.013100,10S
1217282843.203300,-0.112434,2.670298,-2.528906,3.161133,-11.485449,0.223392,-0.218006,-5.204048,0.002778,2.013100,10S
1217282843.303306,-0.056217,2.642189,-2.423535,3.161133,-11.063965,0.230757,-0.219809,-5.204048,0.002778,2.013100,10S
1217282843.403301,0.000000,2.614081,-1.896680,3.371875,-11.274707,0.230757,-0.219809,-5.204048,0.002778,2.062200,10S
1217282843.503495,0.056217,2.585973,-2.528906,3.055762,-11.274707,0.244053,-0.228981,-5.204048,0.001944,2.013100,10S
1217282843.603333,0.140542,2.529756,-2.739648,2.634277,-11.063965,0.244053,-0.228981,-5.204048,0.001944,2.062200,10S
1217282843.703558,0.224867,2.389214,-2.318164,2.528906,-11.696191,0.244053,-0.228981,-5.204048,0.001944,2.013100,10S
1217282843.803300,0.337301,2.304889,-2.423535,1.896680,-11.590820,0.249959,-0.232646,-5.204048,0.003056,2.013100,10S
1217282843.903337,0.281084,2.276780,-2.423535,1.159082,-11.169336,0.249959,-0.232646,-5.204048,0.003056,1.964000,10S
1217282844.003302,0.196759,2.220563,-2.528906,0.632227,-10.853223,0.257348,-0.238153,-5.204048,0.002778,2.013100,10S
1217282844.103300,0.140542,2.136238,-2.950391,-0.105371,-11.590820,0.257348,-0.238153,-5.204048,0.002778,1.964000,10S
1217282844.203299,-0.028108,2.108130,-2.423535,-0.316113,-11.801563,0.263231,-0.238115,-5.204048,0.002500,1.964000,10S
1217282844.303300,-0.224867,2.108130,-2.212793,-0.421484,-11.274707,0.263231,-0.238115,-5.204048,0.002500,1.964000,10S
1217282844.403334,-0.337301,2.108130,-2.107422,0.000000,-10.958594,0.269125,-0.239928,-5.204048,0.001667,2.013100,10S
1217282844.503306,-0.449734,2.220563,-2.318164,-0.105371,-11.801563,0.269125,-0.239928,-5.204048,0.001667,2.062200,10S
1217282844.603478,-0.477843,2.220563,-2.318164,0.210742,-11.590820,0.273537,-0.239899,-5.204048,0.001667,2.111300,10S
1217282844.703301,-0.505951,2.304889,-2.212793,0.737598,-10.958594,0.273537,-0.239899,-5.204048,0.001944,2.160400,10S
1217282844.803560,-0.393518,2.276780,-2.212793,1.053711,-11.274707,0.273537,-0.239899,-5.204048,0.001944,2.209500,10S
1217282844.903300,-0.365409,2.361105,-2.423535,1.053711,-11.906934,0.277973,-0.243573,-5.204048,0.001944,2.160400,10S
1217282845.003302,-0.337301,2.304889,-2.212793,1.053711,-11.696191,0.277973,-0.243573,-5.204048,0.001944,2.111300,10S
1217282845.103300,-0.337301,2.389214,-1.896680,1.264453,-10.853223,0.289786,-0.250903,-5.204048,0.002500,2.062200,10S
1217282845.203300,-0.365409,2.417322,-2.634277,1.159082,-12.117676,0.289786,-0.250903,-5.204048,0.002500,2.111300,10S
1217282845.303305,-0.337301,2.445431,-2.002051,1.685938,-11.169336,0.298658,-0.258252,-5.204048,0.005278,2.062200,10S
1217282845.403308,-0.309192,2.501647,-2.528906,1.791309,-11.063965,0.298658,-0.258252,-5.204048,0.005278,2.013100,10S
1217282845.503497,-0.337301,2.473539,-2.002051,1.685938,-11.590820,0.311941,-0.265572,-5.204048,0.003611,2.013100,10S
1217282845.603332,-0.337301,2.501647,-2.212793,2.002051,-10.958594,0.311941,-0.265572,-5.204048,0.003611,2.013100,10S
1217282845.703550,-0.252976,2.557864,-2.528906,1.791309,-11.274707,0.311941,-0.265572,-5.204048,0.003611,2.062200,10S
1217282845.803300,-0.224867,2.529756,-2.318164,2.107422,-11.801563,0.320789,-0.269218,-5.204048,0.002222,2.013100,10S
1217282845.903300,-0.196759,2.501647,-1.896680,2.212793,-11.380078,0.320789,-0.269218,-5.204048,0.002222,2.062200,10S
1217282846.003302,-0.168650,2.585973,-2.212793,2.002051,-11.590820,0.328178,-0.274725,-5.204048,0.003889,2.062200,10S
1217282846.103300,-0.140542,2.501647,-2.002051,2.423535,-11.063965,0.328178,-0.274725,-5.204048,0.003889,2.111300,10S
1217282846.203306,-0.112434,2.557864,-2.423535,2.318164,-11.274707,0.332602,-0.276548,-5.204048,0.003611,2.062200,10S
1217282846.303301,-0.084325,2.529756,-2.107422,2.634277,-11.801563,0.332602,-0.276548,-5.204048,0.003611,2.062200,10S
1217282846.403333,0.000000,2.473539,-2.107422,1.896680,-11.169336,0.342920,-0.280183,-5.204048,0.001944,2.111300,10S
1217282846.503305,-0.028108,2.473539,-2.212793,2.107422,-11.590820,0.342920,-0.280183,-5.204048,0.001944,2.062200,10S
1217282846.603487,0.028108,2.445431,-2.002051,1.791309,-10.958594,0.353238,-0.283819,-5.204048,0.001944,2.062200,10S
1217282846.703300,-0.028108,2.361105,-2.107422,1.791309,-11.590820,0.353238,-0.283819,-5.204048,0.003333,2.111300,10S
1217282846.803350,-0.056217,2.389214,-2.212793,1.475195,-11.590820,0.353238,-0.283819,-5.204048,0.003333,2.062200,10S
1217282846.903300,-0.028108,2.361105,-2.107422,1.159082,-11.590820,0.360603,-0.285623,-5.204048,0.003611,2.160400,10S
1217282847.003302,-0.056217,2.332997,-2.107422,0.948340,-11.801563,0.360603,-0.285623,-5.204048,0.003611,2.111300,10S
1217282847.103300,-0.084325,2.220563,-2.634277,1.053711,-12.223047,0.369426,-0.285565,-5.204048,0.003333,2.111300,10S
1217282847.203300,-0.140542,2.304889,-1.791309,1.053711,-10.853223,0.369426,-0.285565,-5.204048,0.003333,2.160400,10S
1217282847.303306,-0.168650,2.192455,-1.791309,0.526855,-10.326367,0.375321,-0.287378,-5.204048,0.002222,2.111300,10S
1217282847.403307,-0.196759,2.220563,-2.318164,0.632227,-11.801563,0.375321,-0.287378,-5.204048,0.002222,2.160400,10S
1217282847.503503,-0.168650,2.192455,-2.318164,0.526855,-11.590820,0.388568,-0.289143,-5.204048,0.002222,2.160400,10S
1217282847.603333,-0.224867,2.220563,-2.318164,0.316113,-11.590820,0.388568,-0.289143,-5.204048,0.002222,2.111300,10S
1217282847.703372,-0.281084,2.248672,-2.107422,0.421484,-11.169336,0.388568,-0.289143,-5.204048,0.002222,2.111300,10S
1217282847.803300,-0.281084,2.276780,-1.896680,0.737598,-11.696191,0.395945,-0.292798,-5.204048,0.002222,2.160400,10S
1217282847.903300,-0.365409,2.332997,-2.528906,0.526855,-12.012305,0.395945,-0.292798,-5.204048,0.002222,2.111300,10S
1217282848.003302,-0.365409,2.332997,-2.528906,0.842969,-11.590820,0.403310,-0.294602,-5.204048,0.003056,2.111300,10S
1217282848.103300,-0.337301,2.389214,-2.212793,0.948340,-11.274707,0.403310,-0.294602,-5.204048,0.003056,2.111300,10S
1217282848.203305,-0.337301,2.361105,-2.528906,1.264453,-11.274707,0.409204,-0.296415,-5.204048,0.003611,2.111300,10S
1217282848.303301,-0.309192,2.417322,-2.423535,1.475195,-11.801563,0.409204,-0.296415,-5.204048,0.003611,2.111300,10S
1217282848.403330,-0.309192,2.473539,-2.739648,1.264453,-11.274707,0.416581,-0.300070,-5.204048,0.002500,2.062200,10S
1217282848.503305,-0.393518,2.473539,-2.107422,1.475195,-10.853223,0.416581,-0.300070,-5.204048,0.002500,2.013100,10S
1217282848.603562,-0.365409,2.501647,-2.423535,1.791309,-11.590820,0.416581,-0.300070,-5.204048,0.002500,2.062200,10S
1217282848.703301,-0.309192,2.557864,-2.318164,2.002051,-11.696191,0.425441,-0.305567,-5.204048,0.002778,2.062200,10S
1217282848.803341,-0.337301,2.529756,-2.739648,2.002051,-11.801563,0.425441,-0.305567,-5.204048,0.002778,2.013100,10S
1217282848.903300,-0.365409,2.585973,-1.791309,2.318164,-10.958594,0.434289,-0.309213,-5.204048,0.003056,2.013100,10S
1217282849.003302,-0.252976,2.557864,-2.318164,2.739648,-11.590820,0.434289,-0.309213,-5.204048,0.003056,2.013100,10S
1217282849.103300,-0.252976,2.557864,-2.423535,2.318164,-10.958594,0.438737,-0.314739,-5.204048,0.003333,2.062200,10S
1217282849.203299,-0.084325,2.557864,-2.318164,2.528906,-11.274707,0.438737,-0.314739,-5.204048,0.003333,2.013100,10S
1217282849.303309,0.028108,2.473539,-2.423535,2.739648,-11.696191,0.446138,-0.322098,-5.204048,0.002500,2.013100,10S
1217282849.403308,0.000000,2.389214,-2.212793,2.002051,-10.642480,0.446138,-0.322098,-5.204048,0.002500,2.062200,10S
1217282849.503483,0.028108,2.389214,-2.528906,2.107422,-10.958594,0.460916,-0.333112,-5.204048,0.002500,2.013100,10S
1217282849.603301,0.084325,2.276780,-3.055762,2.002051,-11.274707,0.460916,-0.333112,-5.204048,0.003333,2.013100,10S
1217282849.703568,0.196759,2.248672,-2.634277,1.264453,-11.801563,0.460916,-0.333112,-5.204048,0.003333,1.964000,10S
1217282849.803300,0.112434,2.164347,-2.423535,1.053711,-11.485449,0.466811,-0.334925,-5.204048,0.002500,1.914900,10S
1217282849.903300,0.084325,2.220563,-2.423535,0.421484,-11.380078,0.466811,-0.334925,-5.204048,0.002500,1.914900,10S
1217282850.003339,-0.028108,2.164347,-2.634277,0.000000,-11.906934,0.469764,-0.336757,-5.204048,0.001667,1.914900,10S
1217282850.103300,-0.112434,2.136238,-2.212793,-0.737598,-11.274707,0.469764,-0.336757,-5.204048,0.001667,1.964000,10S
1217282850.203305,-0.281084,2.080021,-2.634277,-0.105371,-11.696191,0.475658,-0.338570,-5.204048,0.001667,1.964000,10S
1217282850.303308,-0.337301,2.051913,-2.423535,-0.316113,-11.590820,0.475658,-0.338570,-5.204048,0.001667,2.013100,10S
1217282850.403493,-0.365409,2.136238,-2.423535,0.316113,-10.958594,0.483023,-0.340374,-5.204048,0.001667,1.964000,10S
1217282850.503333,-0.365409,2.164347,-2.318164,-0.210742,-11.906934,0.483023,-0.340374,-5.204048,0.001667,2.013100,10S
1217282850.603557,-0.477843,2.276780,-2.212793,0.421484,-10.853223,0.483023,-0.340374,-5.204048,0.001667,2.013100,10S
1217282850.703300,-0.449734,2.276780,-2.423535,0.421484,-10.853223,0.493366,-0.347713,-5.204048,0.002222,2.013100,10S
1217282850.803300,-0.534060,2.304889,-2.845020,0.842969,-11.590820,0.493366,-0.347713,-5.204048,0.002222,1.964000,10S
1217282850.903300,-0.505951,2.417322,-2.423535,1.053711,-11.380078,0.505179,-0.355043,-5.204048,0.003333,1.914900,10S
1217282851.003302,-0.449734,2.445431,-2.634277,1.369824,-11.169336,0.505179,-0.355043,-5.204048,0.003333,1.865800,10S
1217282851.103306,-0.393518,2.473539,-3.477246,1.475195,-11.169336,0.516980,-0.360521,-5.204048,0.004167,1.865800,10S
1217282851.203300,-0.421626,2.501647,-2.950391,2.002051,-10.958594,0.516980,-0.360521,-5.204048,0.004167,1.816700,10S
1217282851.303334,-0.393518,2.501647,-2.634277,1.685938,-10.853223,0.564195,-0.384285,-5.204048,0.002500,1.767600,10S
1217282851.403305,-0.365409,2.557864,-2.950391,2.212793,-11.801563,0.564195,-0.384285,-5.204048,0.002500,1.816700,10S
1217282851.503490,-0.365409,2.614081,-2.634277,2.002051,-10.747852,0.584795,-0.386002,-5.204048,0.002500,1.816700,10S
1217282851.603300,-0.337301,2.585973,-2.845020,2.634277,-11.169336,0.584795,-0.386002,-5.204048,0.004444,1.816700,10S
1217282851.703347,-0.252976,2.642189,-2.739648,3.266504,-11.590820,0.584795,-0.386002,-5.204048,0.004444,1.865800,10S
1217282851.803300,-0.168650,2.670298,-2.212793,2.739648,-11.169336,0.602466,-0.389589,-5.204048,0.003333,1.914900,10S
1217282851.903300,-0.084325,2.642189,-2.212793,2.634277,-10.747852,0.602466,-0.389589,-5.204048,0.003333,1.914900,10S
1217282852.003302,0.000000,2.557864,-2.423535,3.055762,-11.906934,0.617257,-0.402455,-5.204048,0.002778,2.013100,10S
1217282852.103300,0.084325,2.529756,-2.739648,2.845020,-11.380078,0.617257,-0.402455,-5.204048,0.002778,2.013100,10S
1217282852.203305,0.140542,2.529756,-2.634277,2.423535,-11.380078,0.633506,-0.413459,-5.204048,0.001944,2.062200,10S
1217282852.303308,0.112434,2.445431,-2.845020,2.002051,-10.853223,0.633506,-0.413459,-5.204048,0.001944,1.964000,10S
1217282852.403499,0.112434,2.304889,-2.739648,1.369824,-11.380078,0.646789,-0.420779,-5.204048,0.002222,1.964000,10S
1217282852.503333,0.084325,2.361105,-2.423535,1.264453,-10.747852,0.646789,-0.420779,-5.204048,0.002222,1.914900,10S
1217282852.603375,0.112434,2.276780,-2.423535,1.053711,-11.801563,0.646789,-0.420779,-5.204048,0.002222,1.964000,10S
1217282852.703300,-0.028108,2.220563,-2.318164,0.632227,-11.169336,0.658566,-0.422554,-5.204048,0.001667,1.914900,10S
1217282852.803300,-0.112434,2.136238,-2.423535,0.105371,-11.063965,0.658566,-0.422554,-5.204048,0.001667,1.964000,10S
1217282852.903300,-0.224867,2.192455,-2.423535,0.421484,-11.801563,0.665931,-0.424357,-5.204048,0.001944,1.964000,10S