
1217373472.803099,-0.000002,0.000000,-0.000000,0.000000,-0.001749,-0.628317,0.000000,0.000000,0.803463,0.807476,-1.942725,-0.186443,2.265263
1217373472.903307,0.000014,0.000002,-0.000000,-0.000000,-0.010712,-0.628313,0.000000,0.000000,0.803462,0.807476,-1.942725,-0.186443,2.265261
1217373473.003068,0.000100,0.000019,-0.000000,-0.000000,-0.021393,-0.628308,0.000001,-0.000000,0.803461,0.807477,-1.942724,-0.186443,2.265260
1217373473.103066,0.000301,0.000078,0.000000,0.000000,-0.042716,-0.628301,0.000005,-0.000004,0.803457,0.807475,-1.942724,-0.186443,2.265259
1217373473.203067,0.000601,0.000203,-0.000000,-0.000000,-0.070858,-0.628292,0.000021,-0.000015,0.803453,0.807476,-1.942722,-0.186443,2.265261
1217373473.303244,0.000962,0.000404,-0.000001,-0.000000,-0.103591,-0.628282,0.000055,-0.000040,0.803446,0.807480,-1.942720,-0.186443,2.265268
1217373473.403072,0.001291,0.000654,-0.000003,-0.000001,-0.135810,-0.628270,0.000112,-0.000082,0.803439,0.807485,-1.942717,-0.186443,2.265268
1217373473.503067,0.001583,0.000940,-0.000004,-0.000002,-0.157012,-0.628256,0.000195,-0.000142,0.803432,0.807491,-1.942714,-0.186443,2.265270
1217373473.603101,0.001827,0.001252,-0.000008,-0.000005,-0.177752,-0.628240,0.000305,-0.000222,0.803425,0.807501,-1.942711,-0.186443,2.265278
1217373473.703071,0.002029,0.001580,-0.000011,-0.000007,-0.195664,-0.628222,0.000444,-0.000322,0.803417,0.807506,-1.942708,-0.186443,2.265284
1217373473.803250,0.002300,0.001990,-0.000019,-0.000014,-0.206493,-0.628203,0.000630,-0.000458,0.803410,0.807523,-1.942704,-0.186443,2.265294
1217373473.903066,0.002713,0.002557,-0.000026,-0.000022,-0.217293,-0.628182,0.000897,-0.000652,0.803402,0.807536,-1.942701,-0.186443,2.265306
1217373474.003117,0.003313,0.003350,-0.000045,-0.000040,-0.224195,-0.628159,0.001283,-0.000932,0.803395,0.807567,-1.942698,-0.186443,2.265318
1217373474.103066,0.004258,0.004551,-0.000066,-0.000063,-0.225479,-0.628135,0.001876,-0.001363,0.803388,0.807601,-1.942694,-0.186443,2.265331
1217373474.203066,0.005738,0.006428,-0.000093,-0.000096,-0.225099,-0.628108,0.002826,-0.002052,0.803382,0.807640,-1.942691,-0.186444,2.265342
1217373474.303072,0.007856,0.009212,-0.000123,-0.000137,-0.225624,-0.628080,0.004296,-0.003120,0.803375,0.807681,-1.942687,-0.186444,2.265363
1217373474.403066,0.010389,0.012802,-0.000169,-0.000199,-0.224581,-0.628049,0.006332,-0.004599,0.803368,0.807740,-1.942683,-0.186444,2.265381
1217373474.503072,0.013367,0.017330,-0.000237,-0.000295,-0.222224,-0.628016,0.009078,-0.006593,0.803361,0.807820,-1.942679,-0.186444,2.265397
1217373474.603074,0.017445,0.023699,-0.000319,-0.000420,-0.218017,-0.627980,0.013096,-0.009511,0.803355,0.807913,-1.942675,-0.186444,2.265420
1217373474.703242,0.021835,0.031145,-0.000418,-0.000581,-0.214556,-0.627940,0.018149,-0.013180,0.803348,0.808020,-1.942671,-0.186444,2.265443
1217373474.803099,0.027001,0.040372,-0.000493,-0.000725,-0.212511,-0.627894,0.024751,-0.017973,0.803340,0.808096,-1.942667,-0.186443,2.265462
1217373474.903143,0.032727,0.051237,-0.000585,-0.000906,-0.207780,-0.627841,0.032992,-0.023956,0.803334,0.808185,-1.942663,-0.186443,2.265479
1217373475.003068,0.038992,0.063837,-0.000664,-0.001084,-0.203125,-0.627779,0.043095,-0.031291,0.803327,0.808258,-1.942659,-0.186442,2.265490
1217373475.103066,0.045773,0.078256,-0.000751,-0.001286,-0.197768,-0.627705,0.055289,-0.040142,0.803321,0.808335,-1.942654,-0.186441,2.265498
1217373475.203066,0.052698,0.094013,-0.000832,-0.001494,-0.195662,-0.627615,0.069419,-0.050397,0.803313,0.808404,-1.942652,-0.186441,2.265503
1217373475.303245,0.060392,0.112171,-0.000880,-0.001658,-0.193220,-0.627510,0.086390,-0.062711,0.803305,0.808443,-1.942649,-0.186440,2.265504
1217373475.403072,0.067740,0.130971,-0.000888,-0.001761,-0.191997,-0.627392,0.105108,-0.076291,0.803296,0.808449,-1.942646,-0.186439,2.265502
1217373475.503067,0.075395,0.151493,-0.000873,-0.001822,-0.191061,-0.627259,0.126489,-0.091799,0.803287,0.808438,-1.942642,-0.186438,2.265491
1217373475.603097,0.082511,0.172240,-0.000865,-0.001894,-0.191854,-0.627108,0.149485,-0.108474,0.803277,0.808433,-1.942638,-0.186438,2.265485
1217373475.703071,0.089821,0.194474,-0.000848,-0.001948,-0.190287,-0.626938,0.175183,-0.127103,0.803268,0.808422,-1.942632,-0.186438,2.265482
1217373475.803315,0.096849,0.217292,-0.000849,-0.002035,-0.187474,-0.626742,0.202944,-0.147220,0.803259,0.808423,-1.942626,-0.186437,2.265479
1217373475.903066,0.103940,0.241335,-0.000840,-0.002099,-0.187502,-0.626527,0.233404,-0.169284,0.803248,0.808417,-1.942620,-0.186437,2.265472
1217373476.003109,0.110178,0.264702,-0.000841,-0.002187,-0.187541,-0.626287,0.264928,-0.192107,0.803238,0.808418,-1.942615,-0.186438,2.265473
1217373476.103066,0.116420,0.289018,-0.000866,-0.002325,-0.185281,-0.626003,0.299001,-0.216761,0.803228,0.808433,-1.942611,-0.186438,2.265475
1217373476.203066,0.121696,0.312186,-0.000892,-0.002473,-0.185728,-0.625689,0.333675,-0.241833,0.803217,0.808448,-1.942607,-0.186438,2.265481
1217373476.303066,0.126445,0.334984,-0.000897,-0.002572,-0.189248,-0.625367,0.369637,-0.267819,0.803203,0.808449,-1.942600,-0.186438,2.265493
1217373476.403066,0.130685,0.357313,-0.000902,-0.002674,-0.189077,-0.625019,0.406752,-0.294618,0.803191,0.808449,-1.942595,-0.186439,2.265505
1217373476.503074,0.134385,0.379017,-0.000948,-0.002880,-0.189737,-0.624584,0.444829,-0.322079,0.803179,0.808473,-1.942589,-0.186439,2.265517
1217373476.603074,0.137102,0.398920,-0.001013,-0.003140,-0.187135,-0.624080,0.482556,-0.349249,0.803168,0.808505,-1.942587,-0.186440,2.265534
1217373476.703245,0.140263,0.420274,-0.001132,-0.003554,-0.184280,-0.623403,0.523366,-0.378589,0.803157,0.808561,-1.942580,-0.186441,2.265569
1217373476.803066,0.142400,0.439586,-0.001300,-0.004121,-0.183434,-0.622535,0.563483,-0.407349,0.803145,0.808644,-1.942573,-0.186441,2.265599
1217373476.903324,0.145001,0.460328,-0.001565,-0.004980,-0.181186,-0.621291,0.606726,-0.438237,0.803134,0.808769,-1.942568,-0.186442,2.265646
1217373477.003068,0.147557,0.481288,-0.001906,-0.006100,-0.175451,-0.619628,0.651813,-0.470283,0.803125,0.808930,-1.942563,-0.186443,2.265693
1217373477.103066,0.149559,0.501197,-0.002281,-0.007372,-0.172249,-0.617594,0.697284,-0.502413,0.803114,0.809102,-1.942555,-0.186443,2.265747
1217373477.203066,0.151997,0.522477,-0.002661,-0.008723,-0.168040,-0.615199,0.745978,-0.536646,0.803104,0.809276,-1.942549,-0.186442,2.265788
1217373477.303243,0.153866,0.542619,-0.003038,-0.010127,-0.167657,-0.612462,0.794957,-0.570831,0.803092,0.809443,-1.942538,-0.186442,2.265836
1217373477.403071,0.155696,0.562877,-0.003422,-0.011614,-0.165698,-0.609301,0.845710,-0.605981,0.803080,0.809611,-1.942537,-0.186441,2.265878
1217373477.503074,0.156528,0.580721,-0.003812,-0.013183,-0.162548,-0.605718,0.895094,-0.639789,0.803070,0.809781,-1.942530,-0.186441,2.265913
1217373477.603237,0.156884,0.597416,-0.004257,-0.014994,-0.162983,-0.601424,0.944642,-0.673205,0.803056,0.809971,-1.942524,-0.186440,2.265953
1217373477.703099,0.156801,0.613002,-0.004597,-0.016534,-0.167218,-0.597173,0.994217,-0.706386,0.803039,0.810114,-1.942516,-0.186439,2.265981
1217373477.803307,0.155859,0.626250,-0.004971,-0.018243,-0.169934,-0.592316,1.042275,-0.737930,0.803023,0.810267,-1.942509,-0.186438,2.266015
1217373477.903066,0.154123,0.637223,-0.005268,-0.019754,-0.171364,-0.587484,1.088637,-0.767966,0.803007,0.810392,-1.942504,-0.186436,2.266027
1217373478.003069,0.152136,0.647294,-0.005554,-0.021272,-0.169517,-0.582320,1.135077,-0.797584,0.802994,0.810508,-1.942492,-0.186435,2.266046
1217373478.103066,0.150376,0.657776,-0.005714,-0.022393,-0.170226,-0.577604,1.183130,-0.828269,0.802979,0.810573,-1.942486,-0.186434,2.266052
1217373478.203066,0.148354,0.667341,-0.005900,-0.023634,-0.171553,-0.572399,1.231251,-0.858421,0.802962,0.810648,-1.942481,-0.186433,2.266056
1217373478.303079,0.146128,0.676098,-0.006007,-0.024615,-0.169534,-0.567524,1.279316,-0.888405,0.802948,0.810693,-1.942476,-0.186432,2.266053
1217373478.403067,0.143715,0.684081,-0.006128,-0.025666,-0.165529,-0.562285,1.327517,-0.917950,0.802937,0.810736,-1.942470,-0.186431,2.266065
1217373478.503101,0.141566,0.692551,-0.006216,-0.026613,-0.162994,-0.557034,1.377481,-0.948398,0.802924,0.810768,-1.942458,-0.186431,2.266070
1217373478.603071,0.140621,0.704130,-0.006319,-0.027632,-0.159263,-0.551193,1.433040,-0.981999,0.802911,0.810800,-1.942457,-0.186432,2.266089
1217373478.703246,0.139363,0.714749,-0.006504,-0.028985,-0.156943,-0.544228,1.488870,-1.014570,0.802898,0.810863,-1.942452,-0.186432,2.266105
1217373478.803066,0.138303,0.725801,-0.006732,-0.030544,-0.156583,-0.536303,1.546875,-1.047443,0.802883,0.810934,-1.942442,-0.186434,2.266136
1217373478.903129,0.137392,0.737143,-0.007203,-0.033117,-0.154636,-0.524985,1.607753,-1.079049,0.802869,0.811091,-1.942444,-0.186434,2.266176
1217373479.003068,0.135715,0.746283,-0.007714,-0.035926,-0.157694,-0.512457,1.667349,-1.108007,0.802850,0.811256,-1.942435,-0.186436,2.266221
1217373479.103066,0.134303,0.755984,-0.008176,-0.038620,-0.158690,-0.499551,1.729176,-1.137313,0.802833,0.811397,-1.942427,-0.186437,2.266275
1217373479.203066,0.132646,0.764821,-0.008816,-0.042133,-0.156324,-0.483367,1.792358,-1.163735,0.802819,0.811590,-1.942431,-0.186438,2.266347
1217373479.303255,0.130718,0.772713,-0.009645,-0.046560,-0.149815,-0.463307,1.857087,-1.186526,0.802809,0.811845,-1.942417,-0.186439,2.266419
1217373479.403072,0.128521,0.779674,-0.010596,-0.051647,-0.146648,-0.439951,1.923222,-1.205766,0.802797,0.812143,-1.942407,-0.186439,2.266482
1217373479.503073,0.126578,0.787149,-0.011463,-0.056518,-0.146335,-0.416079,1.991683,-1.224470,0.802781,0.812416,-1.942393,-0.186438,2.266525
1217373479.603235,0.124445,0.793912,-0.012307,-0.061423,-0.148358,-0.390959,2.061009,-1.240878,0.802763,0.812674,-1.942381,-0.186436,2.266574
1217373479.703099,0.121639,0.798577,-0.013082,-0.066151,-0.150002,-0.365566,2.128717,-1.254316,0.802745,0.812921,-1.942368,-0.186434,2.266592
1217373479.803144,0.119248,0.804122,-0.013734,-0.070441,-0.150617,-0.340653,2.198630,-1.268046,0.802727,0.813117,-1.942353,-0.186432,2.266622
1217373479.903066,0.116766,0.809180,-0.014283,-0.074357,-0.151871,-0.316284,2.268730,-1.280902,0.802708,0.813276,-1.942338,-0.186429,2.266653
1217373480.003068,0.114185,0.813653,-0.014635,-0.077440,-0.145854,-0.294532,2.337831,-1.294569,0.802698,0.813393,-1.942337,-0.186427,2.266642
1217373480.103066,0.111983,0.818944,-0.014915,-0.080231,-0.142361,-0.273143,2.408944,-1.308532,0.802685,0.813485,-1.942338,-0.186425,2.266631
1217373480.203066,0.110478,0.825970,-0.015335,-0.083740,-0.139511,-0.247580,2.485406,-1.319400,0.802671,0.813620,-1.942329,-0.186424,2.266616
1217373480.303078,0.108815,0.832423,-0.015621,-0.086660,-0.138693,-0.223852,2.561250,-1.330493,0.802655,0.813722,-1.942314,-0.186423,2.266586
1217373480.403067,0.106947,0.838146,-0.015978,-0.089981,-0.139472,-0.197628,2.638093,-1.337600,0.802637,0.813842,-1.942310,-0.186421,2.266557
1217373480.503098,0.104665,0.842539,-0.016085,-0.092111,-0.140889,-0.176461,2.711693,-1.347650,0.802618,0.813880,-1.942301,-0.186420,2.266544
1217373480.603071,0.102058,0.845786,-0.016572,-0.096163,-0.139698,-0.145674,2.788573,-1.345961,0.802602,0.814025,-1.942297,-0.186419,2.266533
1217373480.703308,0.098883,0.847221,-0.016682,-0.098384,-0.141767,-0.123425,2.859882,-1.350693,0.802582,0.814103,-1.942289,-0.186417,2.266448
1217373480.803066,0.095222,0.847005,-0.016798,-0.100648,-0.144971,-0.100863,2.929572,-1.353033,0.802560,0.814177,-1.942287,-0.186415,2.266373
1217373480.903109,0.091722,0.846837,-0.016764,-0.102154,-0.142264,-0.081748,2.998426,-1.358460,0.802544,0.814204,-1.942274,-0.186413,2.266308
1217373481.003068,0.088151,0.846112,-0.016733,-0.103670,-0.138382,-0.062428,3.067090,-1.362608,0.802531,0.814245,-1.942271,-0.186412,2.266219
1217373481.103066,0.085127,0.846556,-0.016624,-0.104770,-0.135908,-0.044703,3.137320,-1.368766,0.802516,0.814264,-1.942269,-0.186410,2.266133
1217373481.203066,0.082636,0.848168,-0.016387,-0.105174,-0.133083,-0.030200,3.208583,-1.379012,0.802502,0.814251,-1.942262,-0.186408,2.266046
1217373481.303238,0.080617,0.850841,-0.016010,-0.104788,-0.131477,-0.019660,3.280611,-1.394446,0.802486,0.814210,-1.942261,-0.186407,2.265948
1217373481.403074,0.078196,0.852217,-0.015535,-0.103815,-0.131674,-0.012889,3.350297,-1.413761,0.802467,0.814133,-1.942253,-0.186407,2.265873
1217373481.503074,0.076248,0.854641,-0.015077,-0.102861,-0.129529,-0.005804,3.422359,-1.433197,0.802452,0.814056,-1.942243,-0.186408,2.265810
1217373481.603245,0.074098,0.856314,-0.014820,-0.102958,-0.126922,0.007134,3.495965,-1.444181,0.802438,0.814035,-1.942238,-0.186409,2.265737
1217373481.703066,0.072301,0.858775,-0.014534,-0.102851,-0.128601,0.019249,3.571075,-1.456238,0.802417,0.814020,-1.942235,-0.186410,2.265641
1217373481.803308,0.070107,0.859974,-0.014372,-0.103395,-0.130786,0.034986,3.646065,-1.462096,0.802395,0.814000,-1.942219,-0.186411,2.265607
1217373481.903066,0.067827,0.860696,-0.014334,-0.104624,-0.129477,0.055011,3.721966,-1.460836,0.802378,0.814010,-1.942211,-0.186412,2.265569
1217373482.003068,0.065415,0.860838,-0.014232,-0.105485,-0.129878,0.072852,3.796802,-1.461596,0.802359,0.814031,-1.942212,-0.186413,2.265488
1217373482.103066,0.063645,0.862471,-0.014096,-0.106132,-0.127093,0.090157,3.873896,-1.462921,0.802344,0.814023,-1.942226,-0.186414,2.265446
1217373482.203066,0.062198,0.864846,-0.014139,-0.107800,-0.126383,0.114654,3.953998,-1.452677,0.802326,0.814053,-1.942215,-0.186416,2.265403
1217373482.303072,0.060046,0.865094,-0.014125,-0.109137,-0.118828,0.136604,4.030689,-1.444304,0.802318,0.814112,-1.942190,-0.186418,2.265289
1217373482.403067,0.057885,0.865120,-0.014278,-0.111462,-0.114769,0.165451,4.108417,-1.423801,0.802306,0.814191,-1.942185,-0.186420,2.265201
1217373482.503237,0.056116,0.866035,-0.014621,-0.114929,-0.114447,0.202981,4.188565,-1.388081,0.802289,0.814303,-1.942190,-0.186420,2.265119
1217373482.603099,0.053946,0.865676,-0.014713,-0.116952,-0.114216,0.230887,4.264985,-1.365738,0.802272,0.814367,-1.942164,-0.186420,2.265032
1217373482.703309,0.051612,0.864671,-0.014951,-0.119861,-0.117037,0.265186,4.340915,-1.331151,0.802249,0.814474,-1.942163,-0.186418,2.264918
1217373482.803066,0.049547,0.864145,-0.015000,-0.121666,-0.116338,0.292571,4.416142,-1.306570,0.802232,0.814522,-1.942141,-0.186417,2.264845
1217373482.903066,0.046903,0.861842,-0.015104,-0.123810,-0.118763,0.322057,4.488637,-1.276583,0.802209,0.814592,-1.942140,-0.186415,2.264748
1217373483.003068,0.044930,0.861095,-0.015030,-0.124887,-0.118502,0.345011,4.562395,-1.256740,0.802191,0.814623,-1.942126,-0.186412,2.264663
1217373483.103066,0.042923,0.860048,-0.014870,-0.125419,-0.117495,0.364161,4.635475,-1.242279,0.802173,0.814656,-1.942111,-0.186409,2.264549
1217373483.203072,0.041011,0.859043,-0.014332,-0.123600,-0.116627,0.366200,4.709086,-1.257031,0.802155,0.814642,-1.942106,-0.186406,2.264403
1217373483.303240,0.038982,0.857566,-0.013667,-0.120925,-0.121316,0.361442,4.783493,-1.283515,0.802128,0.814560,-1.942085,-0.186403,2.264344
1217373483.403102,0.036432,0.854428,-0.012794,-0.116854,-0.123628,0.345044,4.858035,-1.330719,0.802104,0.814475,-1.942077,-0.186400,2.264232
1217373483.503072,0.034596,0.852980,-0.011837,-0.112149,-0.124795,0.323990,4.937168,-1.386979,0.802081,0.814361,-1.942071,-0.186398,2.264154
1217373483.603249,0.032547,0.850731,-0.010651,-0.105879,-0.123413,0.289891,5.019055,-1.467766,0.802062,0.814189,-1.942077,-0.186397,2.264118
1217373483.703068,0.030751,0.848995,-0.009659,-0.100682,-0.123045,0.263422,5.102477,-1.535516,0.802041,0.814086,-1.942069,-0.186398,2.264021
1217373483.803121,0.029575,0.848795,-0.008695,-0.095543,-0.124313,0.237426,5.189410,-1.603272,0.802017,0.813964,-1.942044,-0.186400,2.263967
1217373483.903066,0.028302,0.848195,-0.007978,-0.091863,-0.122237,0.222063,5.274805,-1.651570,0.801999,0.813889,-1.942048,-0.186403,2.263898
1217373484.003068,0.027539,0.848871,-0.007239,-0.087954,-0.122052,0.205050,5.363095,-1.703365,0.801977,0.813807,-1.942061,-0.186405,2.263837
1217373484.103066,0.026141,0.847729,-0.006711,-0.085322,-0.118799,0.196964,5.447543,-1.738134,0.801962,0.813778,-1.942048,-0.186407,2.263737
1217373484.203066,0.024870,0.846817,-0.006147,-0.082388,-0.119165,0.186319,5.533373,-1.777858,0.801939,0.813720,-1.942037,-0.186410,2.263680
1217373484.303072,0.023662,0.845952,-0.005733,-0.080360,-0.119451,0.182746,5.617739,-1.803573,0.801917,0.813664,-1.942041,-0.186413,2.263656
1217373484.403074,0.022249,0.844466,-0.005654,-0.080473,-0.124325,0.196234,5.696734,-1.794792,0.801886,0.813686,-1.942025,-0.186416,2.263570
1217373484.503235,0.020340,0.841468,-0.005691,-0.081339,-0.126816,0.215420,5.771880,-1.773400,0.801858,0.813737,-1.942011,-0.186417,2.263457
1217373484.603099,0.018686,0.838945,-0.005491,-0.080656,-0.127330,0.222265,5.850980,-1.775836,0.801834,0.813726,-1.942022,-0.186418,2.263401
1217373484.703140,0.017098,0.836430,-0.005348,-0.080327,-0.126212,0.232101,5.929044,-1.771262,0.801812,0.813721,-1.942021,-0.186419,2.263348
1217373484.803066,0.016537,0.836582,-0.005168,-0.079744,-0.125326,0.241002,6.010813,-1.767583,0.801790,0.813710,-1.941994,-0.186419,2.263297
1217373484.903066,0.015533,0.835449,-0.005006,-0.079253,-0.123777,0.250220,6.090695,-1.762291,0.801768,0.813691,-1.941988,-0.186419,2.263263
1217373485.003068,0.014484,0.834078,-0.004735,-0.078030,-0.120165,0.253232,6.172305,-1.769078,0.801752,0.813691,-1.941963,-0.186420,2.263174
1217373485.103066,0.013468,0.832723,-0.004591,-0.077621,-0.121762,0.263138,6.251460,-1.760435,0.801725,0.813694,-1.941970,-0.186420,2.263102
1217373485.203072,0.011926,0.829815,-0.004604,-0.078249,-0.119984,0.281375,6.325194,-1.732971,0.801705,0.813735,-1.941958,-0.186420,2.262990
1217373485.303237,0.011025,0.828518,-0.004459,-0.077826,-0.120832,0.291419,6.403805,-1.721742,0.801679,0.813738,-1.941946,-0.186418,2.262917
1217373485.403101,0.009699,0.825979,-0.004331,-0.077497,-0.124599,0.301897,6.480367,-1.708526,0.801648,0.813733,-1.941955,-0.186417,2.262860
1217373485.503071,0.008391,0.823366,-0.004175,-0.076980,-0.127746,0.310817,6.557193,-1.697591,0.801616,0.813740,-1.941932,-0.186416,2.262775
1217373485.603305,0.007256,0.821085,-0.003867,-0.075417,-0.130371,0.310872,6.638030,-1.704966,0.801585,0.813708,-1.941912,-0.186414,2.262735
1217373485.703066,0.006183,0.818854,-0.003619,-0.074228,-0.132550,0.314151,6.717465,-1.704420,0.801554,0.813681,-1.941919,-0.186414,2.262697
1217373485.803110,0.004596,0.815093,-0.003412,-0.073295,-0.132794,0.319143,6.793902,-1.699189,0.801526,0.813689,-1.941931,-0.186412,2.262597
1217373485.903066,0.003656,0.812935,-0.003145,-0.071941,-0.130698,0.321016,6.873710,-1.699838,0.801503,0.813674,-1.941924,-0.186412,2.262531
1217373486.003069,0.002825,0.810969,-0.002807,-0.070075,-0.125859,0.318456,6.955835,-1.709414,0.801486,0.813639,-1.941881,-0.186412,2.262488
1217373486.103067,0.002882,0.811394,-0.002528,-0.068581,-0.127254,0.319900,7.039193,-1.709092,0.801456,0.813640,-1.941868,-0.186410,2.262387
1217373486.203067,0.002532,0.810684,-0.002243,-0.067024,-0.127625,0.320399,7.121457,-1.709964,0.801428,0.813618,-1.941895,-0.186410,2.262329
1217373486.303077,0.002633,0.811177,-0.001991,-0.065662,-0.125637,0.322966,7.204176,-1.705171,0.801405,0.813613,-1.941882,-0.186410,2.262240
1217373486.403073,0.002207,0.810243,-0.001717,-0.064130,-0.125499,0.323608,7.285944,-1.703720,0.801378,0.813619,-1.941878,-0.186409,2.262126
1217373486.503241,0.001900,0.809593,-0.001412,-0.062363,-0.126930,0.322237,7.369105,-1.705831,0.801348,0.813587,-1.941888,-0.186409,2.262079
1217373486.603099,0.001051,0.807415,-0.001152,-0.060872,-0.125783,0.322837,7.448984,-1.702528,0.801323,0.813592,-1.941881,-0.186408,2.261966
1217373486.703143,0.000325,0.805504,-0.000795,-0.058697,-0.127142,0.317449,7.532525,-1.711805,0.801292,0.813562,-1.941864,-0.186409,2.261904
1217373486.803066,-0.000806,0.802382,-0.000394,-0.056191,-0.125163,0.308749,7.616284,-1.727736,0.801268,0.813528,-1.941845,-0.186409,2.261844
1217373486.903066,-0.001358,0.800773,-0.000044,-0.053999,-0.128935,0.303159,7.700131,-1.735654,0.801232,0.813475,-1.941847,-0.186410,2.261824
1217373487.003068,-0.002354,0.797857,0.000324,-0.051652,-0.127425,0.295805,7.783119,-1.746698,0.801206,0.813434,-1.941827,-0.186411,2.261776
1217373487.103066,-0.002798,0.796372,0.000616,-0.049791,-0.127726,0.293057,7.864980,-1.746235,0.801177,0.813391,-1.941807,-0.186412,2.261742
1217373487.203067,-0.003271,0.794752,0.000758,-0.048934,-0.126427,0.299152,7.940800,-1.724503,0.801151,0.813392,-1.941806,-0.186412,2.261638
1217373487.303240,-0.003209,0.794568,0.000922,-0.047915,-0.127680,0.304173,8.018874,-1.704022,0.801119,0.813378,-1.941807,-0.186412,2.261560
1217373487.403235,-0.003657,0.792986,0.001017,-0.047353,-0.127156,0.312937,8.092283,-1.673836,0.801090,0.813389,-1.941778,-0.186412,2.261440
1217373487.503099,-0.004068,0.791469,0.001163,-0.046441,-0.129812,0.318653,8.167319,-1.649431,0.801055,0.813397,-1.941786,-0.186411,2.261318
1217373487.603309,-0.004386,0.790166,0.001410,-0.044828,-0.132802,0.318234,8.246288,-1.637937,0.801017,0.813369,-1.941790,-0.186410,2.261252
1217373487.703066,-0.005119,0.787689,0.001623,-0.043417,-0.134504,0.319323,8.322318,-1.621940,0.800982,0.813326,-1.941763,-0.186410,2.261219
1217373487.803105,-0.005850,0.785122,0.001754,-0.042561,-0.133604,0.325313,8.394462,-1.593563,0.800952,0.813332,-1.941759,-0.186409,2.261096
1217373487.903066,-0.006443,0.782848,0.001972,-0.041093,-0.132856,0.325949,8.470151,-1.576321,0.800922,0.813295,-1.941779,-0.186408,2.261046
1217373488.003069,-0.006979,0.780689,0.002224,-0.039376,-0.132995,0.324422,8.547092,-1.562893,0.800890,0.813249,-1.941749,-0.186407,2.261009
1217373488.103066,-0.006917,0.780101,0.002613,-0.036698,-0.131588,0.314681,8.631517,-1.567087,0.800861,0.813158,-1.941731,-0.186408,2.261045
1217373488.203066,-0.007351,0.778172,0.002914,-0.034595,-0.133486,0.309704,8.710536,-1.559378,0.800824,0.813084,-1.941732,-0.186409,2.261052
1217373488.303101,-0.008247,0.774950,0.003075,-0.033417,-0.137364,0.312580,8.781847,-1.532789,0.800782,0.813031,-1.941718,-0.186410,2.261033
1217373488.403071,-0.008595,0.773111,0.003166,-0.032710,-0.136756,0.319788,8.851378,-1.495161,0.800750,0.813004,-1.941709,-0.186411,2.260966
1217373488.503242,-0.009402,0.769983,0.003189,-0.032464,-0.137774,0.330832,8.915852,-1.447788,0.800713,0.813002,-1.941714,-0.186411,2.260853
1217373488.603066,-0.010599,0.765723,0.003186,-0.032395,-0.141690,0.343263,8.977136,-1.396280,0.800669,0.812985,-1.941703,-0.186411,2.260774
1217373488.703312,-0.011683,0.761634,0.003195,-0.032241,-0.142635,0.354999,9.038404,-1.345269,0.800632,0.812974,-1.941681,-0.186410,2.260678
1217373488.803066,-0.012634,0.757773,0.003401,-0.030745,-0.139555,0.355145,9.107726,-1.319265,0.800604,0.812949,-1.941645,-0.186408,2.260591
1217373488.903066,-0.013988,0.752725,0.003417,-0.030531,-0.140830,0.366197,9.166791,-1.267917,0.800565,0.812944,-1.941647,-0.186407,2.260477
1217373489.003068,-0.015249,0.747818,0.003680,-0.028632,-0.144199,0.362794,9.236058,-1.247731,0.800521,0.812956,-1.941621,-0.186403,2.260305
1217373489.103066,-0.015816,0.744638,0.004109,-0.025574,-0.141634,0.349570,9.314411,-1.248210,0.800490,0.812906,-1.941627,-0.186400,2.260242
1217373489.203072,-0.016750,0.740418,0.004662,-0.021632,-0.143326,0.328609,9.396825,-1.264847,0.800449,0.812803,-1.941608,-0.186398,2.260277
1217373489.303244,-0.017614,0.736256,0.005153,-0.018066,-0.138553,0.310850,9.476405,-1.273236,0.800424,0.812774,-1.941588,-0.186397,2.260158
1217373489.403235,-0.017895,0.733638,0.005645,-0.014449,-0.138451,0.292757,9.557836,-1.281144,0.800388,0.812721,-1.941576,-0.186397,2.260087
1217373489.503099,-0.018103,0.731224,0.006207,-0.010310,-0.143779,0.270180,9.642464,-1.297775,0.800338,0.812617,-1.941574,-0.186398,2.260116
1217373489.603308,-0.018745,0.727590,0.006604,-0.007249,-0.146647,0.256547,9.718050,-1.294089,0.800292,0.812557,-1.941530,-0.186398,2.260062
1217373489.703066,-0.019268,0.724188,0.007110,-0.003406,-0.146736,0.236285,9.798257,-1.303753,0.800253,0.812470,-1.941517,-0.186398,2.260056
1217373489.803066,-0.019712,0.720961,0.007589,0.000299,-0.148356,0.217122,9.877144,-1.310085,0.800209,0.812376,-1.941505,-0.186401,2.260066
1217373489.903066,-0.020065,0.717919,0.007891,0.002841,-0.146613,0.207585,9.948290,-1.294935,0.800174,0.812318,-1.941481,-0.186404,2.260010
1217373490.003069,-0.020836,0.713721,0.008224,0.005624,-0.150554,0.195913,10.018775,-1.283644,0.800123,0.812251,-1.941476,-0.186405,2.259970
1217373490.103072,-0.021019,0.711068,0.008278,0.006535,-0.152301,0.199697,10.079261,-1.238750,0.800077,0.812222,-1.941430,-0.186408,2.259866
1217373490.203067,-0.021588,0.707306,0.008276,0.007071,-0.152213,0.206411,10.135588,-1.187227,0.800036,0.812195,-1.941421,-0.186410,2.259765
1217373490.303106,-0.022067,0.703740,0.008313,0.007876,-0.152906,0.210828,10.193303,-1.139894,0.799992,0.812159,-1.941400,-0.186413,2.259679
1217373490.403071,-0.021499,0.703000,0.008371,0.008822,-0.152754,0.214050,10.255104,-1.093895,0.799950,0.812139,-1.941384,-0.186412,2.259554
1217373490.503244,-0.020896,0.702380,0.008466,0.010031,-0.148769,0.214993,10.318207,-1.051971,0.799918,0.812111,-1.941367,-0.186411,2.259445
1217373490.603066,-0.020768,0.700519,0.008680,0.012059,-0.147751,0.209163,10.383870,-1.023479,0.799879,0.812056,-1.941369,-0.186411,2.259387
1217373490.703114,-0.019639,0.701428,0.008751,0.013135,-0.146165,0.210860,10.447567,-0.978538,0.799842,0.812020,-1.941355,-0.186411,2.259296
1217373490.803066,-0.018517,0.702411,0.008841,0.014352,-0.142528,0.211263,10.511896,-0.935629,0.799810,0.811999,-1.941338,-0.186410,2.259167
1217373490.903066,-0.017910,0.702094,0.009063,0.016468,-0.141804,0.204353,10.578992,-0.906980,0.799771,0.811962,-1.941343,-0.186409,2.259068
1217373491.003068,-0.016837,0.703142,0.009329,0.018910,-0.141977,0.194644,10.649316,-0.883076,0.799730,0.811924,-1.941299,-0.186408,2.258966
1217373491.103066,-0.015759,0.704273,0.009556,0.021113,-0.139831,0.186660,10.718154,-0.855066,0.799695,0.811903,-1.941308,-0.186406,2.258827
1217373491.203072,-0.014769,0.705311,0.010033,0.025041,-0.143441,0.164890,10.795287,-0.853505,0.799643,0.811838,-1.941287,-0.186407,2.258770
1217373491.303245,-0.014235,0.705167,0.010395,0.028228,-0.142574,0.148812,10.866636,-0.840351,0.799604,0.811817,-1.941242,-0.186407,2.258621
1217373491.403240,-0.013237,0.706347,0.010762,0.031487,-0.142660,0.131863,10.939696,-0.828146,0.799562,0.811770,-1.941243,-0.186409,2.258528
1217373491.503099,-0.012719,0.706277,0.011074,0.034414,-0.139626,0.117341,11.009055,-0.811020,0.799528,0.811733,-1.941241,-0.186413,2.258417
1217373491.603147,-0.012208,0.706253,0.011322,0.036935,-0.138637,0.105729,11.076227,-0.787934,0.799490,0.811697,-1.941223,-0.186415,2.258308
1217373491.703066,-0.011746,0.706146,0.011501,0.039016,-0.137807,0.097209,11.141092,-0.758961,0.799451,0.811620,-1.941185,-0.186419,2.258301
1217373491.803066,-0.010779,0.707459,0.011748,0.041582,-0.136377,0.084616,11.209664,-0.736923,0.799414,0.811558,-1.941191,-0.186423,2.258250
1217373491.903066,-0.009792,0.708924,0.011726,0.042344,-0.134412,0.085559,11.270723,-0.689512,0.799378,0.811542,-1.941173,-0.186424,2.258117
1217373492.003068,-0.009338,0.709013,0.011890,0.044372,-0.133532,0.076743,11.335017,-0.660155,0.799340,0.811509,-1.941175,-0.186426,2.258010
1217373492.103072,-0.008484,0.710283,0.011999,0.046044,-0.137452,0.070180,11.399466,-0.626467,0.799287,0.811441,-1.941168,-0.186428,2.257988
1217373492.203067,-0.007584,0.711735,0.011948,0.046645,-0.136091,0.071473,11.460068,-0.578348,0.799249,0.811418,-1.941125,-0.186430,2.257875
1217373492.303097,-0.007262,0.711706,0.011953,0.047631,-0.138802,0.069758,11.520228,-0.536054,0.799199,0.811361,-1.941094,-0.186430,2.257839
1217373492.403071,-0.006850,0.711918,0.011961,0.048639,-0.136439,0.067645,11.580719,-0.494280,0.799163,0.811349,-1.941075,-0.186430,2.257701
1217373492.503326,-0.006527,0.711927,0.012160,0.050945,-0.136012,0.055514,11.645278,-0.470341,0.799122,0.811285,-1.941077,-0.186431,2.257672
1217373492.603066,-0.006661,0.710723,0.012373,0.053373,-0.136405,0.042393,11.708342,-0.448353,0.799079,0.811241,-1.941037,-0.186432,2.257600
1217373492.703107,-0.006251,0.711009,0.012453,0.054918,-0.139079,0.035365,11.770488,-0.415497,0.799028,0.811223,-1.941035,-0.186435,2.257476
1217373492.803066,-0.006871,0.708506,0.012519,0.056388,-0.141266,0.029010,11.828643,-0.382484,0.798977,0.811163,-1.940995,-0.186437,2.257451
1217373492.903066,-0.007333,0.706348,0.012480,0.057148,-0.140778,0.027673,11.885099,-0.340913,0.798934,0.811149,-1.940967,-0.186438,2.257330
1217373493.003068,-0.008151,0.703146,0.012420,0.057767,-0.139585,0.027352,11.939747,-0.298159,0.798894,0.811164,-1.940987,-0.186438,2.257146
1217373493.103066,-0.008483,0.701234,0.012375,0.058487,-0.141686,0.025792,11.996469,-0.257624,0.798842,0.811152,-1.940946,-0.186439,2.257025
1217373493.203101,-0.008653,0.699708,0.012184,0.058219,-0.141129,0.031254,12.051376,-0.205605,0.798799,0.811194,-1.940926,-0.186437,2.256788
1217373493.303248,-0.009353,0.696708,0.012244,0.059637,-0.141414,0.024374,12.108218,-0.174686,0.798753,0.811186,-1.940920,-0.186435,2.256657
1217373493.403243,-0.009502,0.695155,0.012298,0.061027,-0.141671,0.017148,12.166839,-0.144505,0.798706,0.811177,-1.940918,-0.186432,2.256529
1217373493.503066,-0.009200,0.694826,0.012619,0.064247,-0.141127,-0.004009,12.230646,-0.137111,0.798662,0.811135,-1.940898,-0.186430,2.256470
1217373493.603307,-0.008876,0.694619,0.013005,0.067934,-0.144538,-0.028896,12.295101,-0.135889,0.798604,0.811113,-1.940869,-0.186427,2.256362
1217373493.703067,-0.008029,0.695845,0.013387,0.071641,-0.142001,-0.054617,12.361046,-0.136207,0.798565,0.811100,-1.940827,-0.186426,2.256234
1217373493.803066,-0.006848,0.698111,0.014444,0.079974,-0.142215,-0.114592,12.435251,-0.190940,0.798517,0.811052,-1.940758,-0.186435,2.256166
1217373493.903066,-0.006250,0.698874,0.015377,0.087577,-0.142385,-0.169542,12.504786,-0.238537,0.798469,0.810976,-1.940734,-0.186438,2.256165
1217373494.003068,-0.006318,0.697844,0.016237,0.094783,-0.140187,-0.221844,12.569629,-0.283020,0.798429,0.810829,-1.940722,-0.186442,2.256337
1217373494.103072,-0.006269,0.697132,0.016751,0.099729,-0.139125,-0.258469,12.630521,-0.303800,0.798385,0.810722,-1.940680,-0.186450,2.256424
1217373494.203074,-0.005863,0.697436,0.017359,0.105367,-0.141343,-0.300909,12.692056,-0.334146,0.798331,0.810580,-1.940632,-0.186459,2.256593
1217373494.303244,-0.005803,0.696809,0.017628,0.108764,-0.143187,-0.327540,12.749272,-0.341409,0.798277,0.810482,-1.940621,-0.186469,2.256674
1217373494.403099,-0.004981,0.698286,0.017466,0.109260,-0.146304,-0.334373,12.807240,-0.319401,0.798218,0.810468,-1.940595,-0.186482,2.256573
1217373494.503306,-0.005248,0.696833,0.017255,0.109412,-0.147321,-0.338287,12.861729,-0.294518,0.798164,0.810422,-1.940561,-0.186491,2.256556
1217373494.603066,-0.005891,0.694317,0.016693,0.107157,-0.149699,-0.325001,12.915603,-0.245846,0.798106,0.810390,-1.940540,-0.186499,2.256520
1217373494.703066,-0.005951,0.693308,0.016045,0.104275,-0.148614,-0.307890,12.972953,-0.192731,0.798058,0.810365,-1.940524,-0.186506,2.256475
1217373494.803066,-0.005716,0.693077,0.015141,0.099585,-0.144627,-0.278254,13.033786,-0.122567,0.798021,0.810421,-1.940489,-0.186509,2.256253
1217373494.903066,-0.006025,0.691389,0.014340,0.095515,-0.144369,-0.252624,13.094352,-0.059337,0.797972,0.810465,-1.940487,-0.186510,2.256065
1217373495.003074,-0.005799,0.691117,0.013354,0.090114,-0.141856,-0.218121,13.159487,0.015278,0.797930,0.810512,-1.940489,-0.186511,2.255877
1217373495.103067,-0.004781,0.693104,0.012559,0.085925,-0.145195,-0.193111,13.227918,0.075409,0.797868,0.810522,-1.940435,-0.186511,2.255778
1217373495.203101,-0.004189,0.693947,0.012125,0.084127,-0.137159,-0.184697,13.293096,0.111628,0.797845,0.810567,-1.940418,-0.186519,2.255601
1217373495.303250,-0.003121,0.696157,0.011509,0.081050,-0.131244,-0.167859,13.362273,0.158694,0.797818,0.810625,-1.940396,-0.186516,2.255401
1217373495.403244,-0.001612,0.699690,0.010717,0.076712,-0.127875,-0.142681,13.435825,0.216255,0.797783,0.810695,-1.940375,-0.186509,2.255178
1217373495.503066,-0.000615,0.702011,0.010097,0.073475,-0.130460,-0.124810,13.507126,0.263436,0.797727,0.810816,-1.940358,-0.186499,2.254845
1217373495.603115,0.000289,0.704170,0.009640,0.071297,-0.131851,-0.114394,13.577074,0.299831,0.797676,0.810935,-1.940365,-0.186488,2.254523
1217373495.703066,0.001334,0.706833,0.009680,0.072480,-0.130705,-0.128127,13.642239,0.302217,0.797632,0.810942,-1.940304,-0.186480,2.254465
1217373495.803066,0.002255,0.709288,0.009851,0.074571,-0.134387,-0.148463,13.705531,0.294836,0.797571,0.810935,-1.940311,-0.186475,2.254442
1217373495.903067,0.002637,0.710373,0.010280,0.078447,-0.137447,-0.181283,13.763705,0.269394,0.797511,0.810943,-1.940289,-0.186470,2.254392
1217373496.003068,0.002966,0.711328,0.010775,0.082824,-0.136140,-0.218044,13.820211,0.237570,0.797466,0.810934,-1.940247,-0.186467,2.254381
1217373496.103072,0.003751,0.713560,0.011466,0.088593,-0.131980,-0.265577,13.874728,0.189951,0.797431,0.810932,-1.940195,-0.186471,2.254358
1217373496.203073,0.004407,0.715554,0.012163,0.094471,-0.133141,-0.314418,13.927668,0.139282,0.797378,0.810912,-1.940158,-0.186473,2.254379
1217373496.303242,0.004512,0.716087,0.012661,0.099069,-0.134864,-0.354391,13.980426,0.099027,0.797323,0.810877,-1.940136,-0.186479,2.254433
1217373496.403099,0.005123,0.717970,0.012938,0.102212,-0.130915,-0.385153,14.037066,0.069376,0.797288,0.810842,-1.940123,-0.186492,2.254488
1217373496.503147,0.006321,0.721552,0.013074,0.104419,-0.131513,-0.410366,14.097289,0.045696,0.797236,0.810875,-1.940065,-0.186504,2.254395
1217373496.603066,0.006324,0.721957,0.012966,0.104982,-0.131970,-0.423471,14.157687,0.036014,0.797186,0.810841,-1.940023,-0.186514,2.254454
1217373496.703066,0.006801,0.723684,0.012654,0.104149,-0.137006,-0.427550,14.223579,0.036419,0.797117,0.810808,-1.939995,-0.186525,2.254514
1217373496.803066,0.006969,0.724595,0.012111,0.101702,-0.141975,-0.420240,14.293881,0.049632,0.797047,0.810847,-1.939972,-0.186533,2.254424
1217373496.903066,0.007159,0.725551,0.011430,0.098267,-0.143037,-0.406071,14.368221,0.070309,0.796990,0.810893,-1.939934,-0.186538,2.254324
1217373497.003074,0.006873,0.725221,0.010615,0.093854,-0.146220,-0.384547,14.445484,0.099226,0.796923,0.810949,-1.939931,-0.186543,2.254208
1217373497.103067,0.006602,0.724878,0.009765,0.089128,-0.145787,-0.360743,14.524983,0.130000,0.796869,0.811007,-1.939918,-0.186544,2.254097
1217373497.203097,0.005750,0.722923,0.009045,0.085220,-0.143859,-0.342047,14.600688,0.153704,0.796822,0.811032,-1.939849,-0.186546,2.254068
1217373497.303248,0.005608,0.722792,0.008214,0.080483,-0.139946,-0.318035,14.682256,0.183043,0.796781,0.811129,-1.939852,-0.186550,2.253888
1217373497.403326,0.005788,0.723559,0.007287,0.075022,-0.139013,-0.289196,14.768505,0.217182,0.796731,0.811165,-1.939802,-0.186550,2.253844
1217373497.503066,0.005560,0.723246,0.006338,0.069313,-0.142080,-0.257973,14.855358,0.254056,0.796666,0.811260,-1.939753,-0.186548,2.253677
1217373497.603108,0.005927,0.724536,0.005647,0.065284,-0.142346,-0.238927,14.937687,0.275519,0.796609,0.811435,-1.939724,-0.186546,2.253352
1217373497.703067,0.006634,0.726751,0.004804,0.060157,-0.138717,-0.212422,15.025893,0.304881,0.796568,0.811546,-1.939742,-0.186544,2.253168
1217373497.803067,0.007321,0.728974,0.003806,0.053885,-0.134150,-0.177554,15.119255,0.344287,0.796531,0.811686,-1.939692,-0.186535,2.252924
1217373497.903066,0.007462,0.729824,0.003179,0.050065,-0.135723,-0.159239,15.201024,0.363812,0.796472,0.811873,-1.939679,-0.186525,2.252598
1217373498.003068,0.007926,0.731604,0.002815,0.047995,-0.137055,-0.153552,15.276420,0.367169,0.796413,0.812005,-1.939633,-0.186512,2.252404
1217373498.103074,0.008380,0.733398,0.002604,0.046938,-0.137393,-0.154948,15.347492,0.361454,0.796358,0.812181,-1.939625,-0.186496,2.252123
1217373498.203073,0.008194,0.733500,0.002927,0.049527,-0.133793,-0.181784,15.401168,0.324123,0.796317,0.812286,-1.939574,-0.186483,2.252018
1217373498.303249,0.007908,0.733373,0.003550,0.054218,-0.137728,-0.223833,15.445599,0.266754,0.796248,0.812349,-1.939582,-0.186473,2.252012
1217373498.403066,0.007596,0.733153,0.004342,0.060132,-0.139470,-0.275022,15.484352,0.196709,0.796187,0.812398,-1.939547,-0.186466,2.252041