
1217373472.803099,-0.252976,2.136238,-0.105371,0.526855,-10.431738,0.020090,0.032742,-4.712389,0.000278,0.245500,10S
1217373472.903307,-0.252976,2.136238,-1.896680,0.842969,-11.801563,0.020090,0.032742,-4.712389,0.000278,0.982000,10S
1217373473.003068,-0.168650,2.164347,-1.896680,0.948340,-11.063965,0.023019,0.034613,-4.712389,0.001389,1.276600,10S
1217373473.103066,-0.224867,2.220563,-3.793359,0.526855,-11.063965,0.023019,0.034613,-4.712389,0.001389,1.473000,10S
1217373473.203067,-0.196759,2.332997,-5.057813,0.948340,-10.220996,0.024453,0.040178,-4.712389,0.000556,1.325700,10S
1217373473.303244,-0.112434,2.501647,-6.111523,1.159082,-10.010254,0.024453,0.040178,-4.712389,0.000556,1.080200,10S
1217373473.403072,-0.196759,2.276780,-6.533008,1.159082,-9.799512,0.024428,0.043882,-4.712389,0.001389,0.736500,10S
1217373473.503067,-0.168650,2.304889,-5.479297,1.159082,-10.010254,0.024428,0.043882,-4.712389,0.001389,0.491000,10S
1217373473.603101,-0.168650,2.445431,-5.795410,1.369824,-9.904883,0.022958,0.043872,-4.712389,0.001389,0.343700,10S
1217373473.703071,-0.196759,2.389214,-5.795410,1.053711,-10.010254,0.022958,0.043872,-4.712389,0.001389,0.245500,10S
1217373473.803250,-0.224867,2.445431,-5.163184,1.580566,-10.326367,0.022958,0.043872,-4.712389,0.001389,0.245500,10S
1217373473.903066,-0.309192,2.473539,-5.373926,1.369824,-10.326367,0.022958,0.043872,-4.712389,0.000278,0.294600,10S
1217373474.003117,-0.281084,2.445431,-5.057813,2.002051,-10.431738,0.022958,0.043872,-4.712389,0.000278,0.343700,10S
1217373474.103066,-0.252976,2.445431,-4.425586,2.002051,-10.642480,0.024428,0.043882,-4.712389,0.000556,0.441900,10S
1217373474.203066,-0.281084,2.417322,-4.214844,2.107422,-10.431738,0.024428,0.043882,-4.712389,0.000556,0.589200,10S
1217373474.303072,-0.337301,2.529756,-4.320215,2.107422,-10.537109,0.025899,0.043892,-4.712389,0.000833,0.736500,10S
1217373474.403066,-0.309192,2.473539,-4.109473,2.528906,-10.747852,0.025899,0.043892,-4.712389,0.000833,0.785600,10S
1217373474.503072,-0.252976,2.445431,-3.898730,3.055762,-10.537109,0.025911,0.042040,-4.712389,0.001111,0.834700,10S
1217373474.603074,-0.168650,2.501647,-3.582617,3.266504,-10.747852,0.025911,0.042040,-4.712389,0.001111,1.031100,10S
1217373474.703242,-0.056217,2.501647,-3.582617,3.477246,-10.747852,0.027382,0.042049,-4.712389,0.000833,1.031100,10S
1217373474.803099,0.028108,2.445431,-3.687988,2.634277,-10.747852,0.027382,0.042049,-4.712389,0.000833,1.129300,10S
1217373474.903143,0.056217,2.417322,-3.266504,2.845020,-10.853223,0.027382,0.042049,-4.712389,0.000833,1.178400,10S
1217373475.003068,0.112434,2.361105,-3.161133,2.423535,-10.958594,0.028864,0.040207,-4.712389,0.000833,1.227500,10S
1217373475.103066,0.112434,2.332997,-2.950391,2.423535,-10.853223,0.028864,0.040207,-4.712389,0.000833,1.276600,10S
1217373475.203066,0.168650,2.304889,-3.266504,2.212793,-11.274707,0.030347,0.038365,-4.712389,0.001111,1.276600,10S
1217373475.303245,0.112434,2.276780,-3.161133,1.580566,-11.169336,0.030347,0.038365,-4.712389,0.001111,1.374800,10S
1217373475.403072,0.084325,2.248672,-3.266504,0.948340,-11.274707,0.031830,0.036523,-4.712389,0.001111,1.325700,10S
1217373475.503067,0.028108,2.192455,-3.266504,0.632227,-10.958594,0.031830,0.036523,-4.712389,0.001111,1.374800,10S
1217373475.603097,-0.028108,2.220563,-3.477246,0.737598,-11.169336,0.033300,0.036533,-4.712389,0.001667,1.325700,10S
1217373475.703071,-0.084325,2.248672,-3.161133,0.632227,-10.747852,0.033300,0.036533,-4.712389,0.001667,1.374800,10S
1217373475.803315,-0.112434,2.248672,-2.950391,0.842969,-10.853223,0.033300,0.036533,-4.712389,0.001667,1.374800,10S
1217373475.903066,-0.168650,2.220563,-3.266504,0.737598,-10.853223,0.034807,0.030987,-4.712389,0.001667,1.423900,10S
1217373476.003109,-0.252976,2.276780,-3.266504,0.842969,-10.958594,0.034807,0.030987,-4.712389,0.001667,1.374800,10S
1217373476.103066,-0.252976,2.276780,-2.950391,1.053711,-11.274707,0.036290,0.029145,-4.712389,0.003333,1.423900,10S
1217373476.203066,-0.252976,2.304889,-3.266504,1.053711,-11.169336,0.036290,0.029145,-4.712389,0.003333,1.374800,10S
1217373476.303066,-0.281084,2.332997,-3.687988,0.842969,-10.747852,0.037773,0.027303,-4.712389,0.001944,1.374800,10S
1217373476.403066,-0.309192,2.332997,-3.266504,0.842969,-11.169336,0.037773,0.027303,-4.712389,0.001944,1.374800,10S
1217373476.503074,-0.309192,2.332997,-3.371875,1.159082,-10.958594,0.039255,0.025461,-4.712389,0.002222,1.374800,10S
1217373476.603074,-0.309192,2.361105,-2.950391,1.264453,-11.485449,0.039255,0.025461,-4.712389,0.002222,1.325700,10S
1217373476.703245,-0.393518,2.445431,-2.845020,1.580566,-10.958594,0.040738,0.023619,-4.712389,0.002222,1.423900,10S
1217373476.803066,-0.337301,2.417322,-3.055762,1.896680,-10.853223,0.040738,0.023619,-4.712389,0.001944,1.374800,10S
1217373476.903324,-0.365409,2.501647,-2.845020,2.423535,-11.169336,0.040738,0.023619,-4.712389,0.001944,1.473000,10S
1217373477.003068,-0.309192,2.501647,-2.318164,2.845020,-11.274707,0.045174,0.019944,-4.712389,0.002500,1.522100,10S
1217373477.103066,-0.224867,2.529756,-2.528906,2.950391,-10.853223,0.045174,0.019944,-4.712389,0.002500,1.522100,10S
1217373477.203066,-0.140542,2.473539,-2.318164,2.950391,-11.063965,0.046657,0.018102,-4.712389,0.001389,1.620300,10S
1217373477.303243,-0.140542,2.501647,-2.739648,2.845020,-10.642480,0.046657,0.018102,-4.712389,0.001389,1.620300,10S
1217373477.403071,-0.028108,2.473539,-2.528906,2.845020,-11.590820,0.048127,0.018112,-4.712389,0.001667,1.669400,10S
1217373477.503074,-0.028108,2.445431,-2.318164,2.845020,-11.063965,0.048127,0.018112,-4.712389,0.001667,1.620300,10S
1217373477.603237,-0.028108,2.473539,-2.739648,3.055762,-11.169336,0.049610,0.016270,-4.712389,0.001111,1.620300,10S
1217373477.703099,0.028108,2.417322,-3.266504,2.528906,-10.958594,0.049610,0.016270,-4.712389,0.001111,1.620300,10S
1217373477.803307,0.056217,2.445431,-3.161133,2.634277,-11.063965,0.049610,0.016270,-4.712389,0.001111,1.571200,10S
1217373477.903066,0.056217,2.361105,-3.055762,2.318164,-11.274707,0.052563,0.014437,-4.712389,0.001389,1.522100,10S
1217373478.003069,0.056217,2.389214,-2.634277,2.212793,-10.642480,0.052563,0.014437,-4.712389,0.001389,1.522100,10S
1217373478.103066,0.056217,2.332997,-2.950391,1.685938,-11.169336,0.055517,0.012605,-4.712389,0.002778,1.571200,10S
1217373478.203066,0.000000,2.332997,-3.055762,1.791309,-11.274707,0.055517,0.012605,-4.712389,0.002778,1.571200,10S
1217373478.303079,-0.028108,2.304889,-2.634277,1.475195,-11.380078,0.058445,0.014476,-4.712389,0.001389,1.571200,10S
1217373478.403067,-0.112434,2.361105,-2.318164,1.475195,-11.169336,0.058445,0.014476,-4.712389,0.001389,1.571200,10S
1217373478.503101,-0.168650,2.332997,-2.423535,1.369824,-10.747852,0.061387,0.014495,-4.712389,0.002778,1.620300,10S
1217373478.603071,-0.281084,2.389214,-2.212793,1.369824,-11.696191,0.061387,0.014495,-4.712389,0.002778,1.767600,10S
1217373478.703246,-0.281084,2.389214,-2.318164,1.685938,-11.274707,0.064328,0.014515,-4.712389,0.002778,1.767600,10S
1217373478.803066,-0.365409,2.445431,-2.528906,1.791309,-10.958594,0.064328,0.014515,-4.712389,0.002778,1.816700,10S
1217373478.903129,-0.337301,2.501647,-2.318164,2.634277,-11.906934,0.064328,0.014515,-4.712389,0.002778,1.865800,10S
1217373479.003068,-0.365409,2.529756,-2.950391,2.739648,-11.063965,0.068751,0.012692,-4.712389,0.002500,1.816700,10S
1217373479.103066,-0.365409,2.557864,-2.739648,2.528906,-11.169336,0.068751,0.012692,-4.712389,0.002500,1.865800,10S
1217373479.203066,-0.393518,2.642189,-2.318164,3.055762,-12.012305,0.074658,0.009027,-4.712389,0.001944,1.865800,10S
1217373479.303255,-0.309192,2.670298,-1.685938,3.687988,-10.747852,0.074658,0.009027,-4.712389,0.001944,1.865800,10S
1217373479.403072,-0.196759,2.670298,-2.002051,4.109473,-10.958594,0.077599,0.009046,-4.712389,0.003889,1.865800,10S
1217373479.503073,-0.056217,2.614081,-2.318164,3.898730,-10.747852,0.077599,0.009046,-4.712389,0.003889,1.914900,10S
1217373479.603235,0.000000,2.642189,-2.634277,3.793359,-10.853223,0.080552,0.007214,-4.712389,0.002222,1.914900,10S
1217373479.703099,0.112434,2.557864,-2.634277,3.687988,-10.853223,0.080552,0.007214,-4.712389,0.002222,1.865800,10S
1217373479.803144,0.168650,2.585973,-2.528906,3.266504,-10.642480,0.080552,0.007214,-4.712389,0.002222,1.914900,10S
1217373479.903066,0.140542,2.585973,-2.634277,2.950391,-10.747852,0.083481,0.009085,-4.712389,0.001944,1.914900,10S
1217373480.003068,0.112434,2.445431,-1.685938,2.528906,-11.696191,0.083481,0.009085,-4.712389,0.001944,1.914900,10S
1217373480.103066,0.028108,2.445431,-1.896680,2.318164,-11.801563,0.086422,0.009104,-4.712389,0.002222,1.964000,10S
1217373480.203066,0.000000,2.473539,-1.896680,2.739648,-11.169336,0.086422,0.009104,-4.712389,0.002222,2.062200,10S
1217373480.303078,0.000000,2.417322,-2.107422,2.423535,-10.747852,0.090846,0.007281,-4.712389,0.001944,2.062200,10S
1217373480.403067,0.000000,2.445431,-2.318164,2.634277,-11.485449,0.090846,0.007281,-4.712389,0.001944,2.062200,10S
1217373480.503098,0.028108,2.445431,-2.423535,1.896680,-11.169336,0.093787,0.007301,-4.712389,0.002222,2.013100,10S
1217373480.603071,-0.056217,2.529756,-2.107422,2.950391,-11.485449,0.093787,0.007301,-4.712389,0.002222,2.013100,10S
1217373480.703308,0.056217,2.276780,-2.528906,2.212793,-11.274707,0.093787,0.007301,-4.712389,0.002222,1.964000,10S
1217373480.803066,0.056217,2.304889,-2.739648,2.212793,-11.590820,0.096716,0.009172,-4.712389,0.001944,1.914900,10S
1217373480.903109,0.056217,2.304889,-2.002051,1.791309,-10.958594,0.096716,0.009172,-4.712389,0.001944,1.914900,10S
1217373481.003068,0.028108,2.248672,-1.791309,1.896680,-11.590820,0.104057,0.011072,-4.712389,0.001667,1.914900,10S
1217373481.103066,0.056217,2.248672,-1.896680,1.685938,-11.590820,0.104057,0.011072,-4.712389,0.001667,1.964000,10S
1217373481.203066,0.000000,2.220563,-1.791309,1.369824,-11.380078,0.108456,0.012952,-4.712389,0.003333,2.013100,10S
1217373481.303238,-0.028108,2.164347,-1.896680,1.053711,-11.696191,0.108456,0.012952,-4.712389,0.003333,2.062200,10S
1217373481.403074,-0.140542,2.192455,-2.107422,0.737598,-11.274707,0.111397,0.012972,-4.712389,0.003333,2.013100,10S
1217373481.503074,-0.252976,2.220563,-1.791309,0.737598,-11.169336,0.111397,0.012972,-4.712389,0.003333,2.062200,10S
1217373481.603245,-0.252976,2.248672,-1.685938,1.264453,-11.485449,0.115809,0.013001,-4.712389,0.003333,2.062200,10S
1217373481.703066,-0.309192,2.192455,-2.212793,1.264453,-11.590820,0.115809,0.013001,-4.712389,0.002222,2.111300,10S
1217373481.803308,-0.252976,2.361105,-2.318164,1.369824,-10.853223,0.118750,0.013020,-4.712389,0.004167,2.062200,10S
1217373481.903066,-0.309192,2.389214,-1.896680,1.685938,-11.274707,0.118750,0.013020,-4.712389,0.004167,2.062200,10S
1217373482.003068,-0.252976,2.276780,-2.107422,1.685938,-11.801563,0.118750,0.013020,-4.712389,0.004167,2.062200,10S
1217373482.103066,-0.309192,2.361105,-1.685938,1.475195,-12.539160,0.123162,0.013049,-4.712389,0.002500,2.111300,10S
1217373482.203066,-0.365409,2.417322,-1.896680,1.896680,-11.169336,0.123162,0.013049,-4.712389,0.002500,2.160400,10S
1217373482.303072,-0.421626,2.248672,-0.948340,2.002051,-10.431738,0.129056,0.011236,-4.712389,0.003056,2.111300,10S
1217373482.403067,-0.365409,2.361105,-1.264453,2.318164,-11.485449,0.129056,0.011236,-4.712389,0.003056,2.111300,10S
1217373482.503237,-0.168650,2.445431,-1.685938,2.739648,-12.012305,0.134938,0.011275,-4.712389,0.004167,2.160400,10S
1217373482.603099,-0.168650,2.361105,-1.685938,2.212793,-10.431738,0.134938,0.011275,-4.712389,0.004167,2.111300,10S
1217373482.703309,0.028108,2.361105,-2.107422,2.634277,-11.696191,0.134938,0.011275,-4.712389,0.004167,2.111300,10S
1217373482.803066,-0.084325,2.389214,-1.685938,2.107422,-10.642480,0.140808,0.013165,-4.712389,0.003889,2.111300,10S
1217373482.903066,0.056217,2.361105,-2.107422,2.318164,-11.696191,0.140808,0.013165,-4.712389,0.003889,2.062200,10S
1217373483.003068,0.056217,2.332997,-1.791309,1.896680,-11.063965,0.152561,0.015094,-4.712389,0.003056,2.111300,10S
1217373483.103066,0.168650,2.248672,-1.685938,1.791309,-11.063965,0.152561,0.015094,-4.712389,0.003056,2.111300,10S
1217373483.203072,0.112434,2.051913,-1.685938,1.053711,-11.485449,0.158418,0.018836,-4.712389,0.003889,2.111300,10S
1217373483.303240,0.140542,2.164347,-2.423535,0.526855,-10.747852,0.158418,0.018836,-4.712389,0.003889,2.062200,10S
1217373483.403102,0.168650,1.967588,-2.212793,0.210742,-11.380078,0.164313,0.017023,-4.712389,0.003889,2.013100,10S
1217373483.503072,0.084325,1.995696,-2.107422,-0.105371,-11.485449,0.164313,0.017023,-4.712389,0.003889,2.062200,10S
1217373483.603249,-0.084325,1.967588,-1.791309,-0.737598,-12.012305,0.168737,0.015200,-4.712389,0.003889,2.013100,10S
1217373483.703068,-0.224867,1.911371,-1.896680,-0.210742,-11.380078,0.168737,0.015200,-4.712389,0.002778,2.062200,10S
1217373483.803121,-0.309192,1.995696,-2.107422,-0.316113,-10.642480,0.168737,0.015200,-4.712389,0.002778,2.111300,10S
1217373483.903066,-0.393518,2.051913,-1.685938,0.210742,-11.906934,0.174631,0.013387,-4.712389,0.002222,2.111300,10S
1217373484.003068,-0.365409,2.051913,-1.896680,0.105371,-12.328418,0.174631,0.013387,-4.712389,0.002222,2.160400,10S
1217373484.103066,-0.337301,2.051913,-1.475195,0.632227,-11.169336,0.177572,0.013406,-4.712389,0.001944,2.111300,10S
1217373484.203066,-0.365409,2.108130,-1.896680,0.421484,-11.274707,0.177572,0.013406,-4.712389,0.001944,2.111300,10S
1217373484.303072,-0.421626,2.220563,-1.896680,0.632227,-11.906934,0.181996,0.011584,-4.712389,0.001944,2.111300,10S
1217373484.403074,-0.421626,2.248672,-2.528906,1.475195,-11.063965,0.181996,0.011584,-4.712389,0.001944,2.111300,10S
1217373484.503235,-0.281084,2.248672,-2.318164,1.791309,-11.169336,0.186420,0.009761,-4.712389,0.002222,2.062200,10S
1217373484.603099,-0.252976,2.248672,-2.107422,1.159082,-12.223047,0.186420,0.009761,-4.712389,0.002222,2.062200,10S
1217373484.703140,-0.252976,2.276780,-1.896680,1.264453,-11.696191,0.186420,0.009761,-4.712389,0.002222,2.062200,10S
1217373484.803066,-0.196759,2.276780,-1.896680,1.159082,-10.642480,0.190831,0.009790,-4.712389,0.002500,2.160400,10S
1217373484.903066,-0.168650,2.304889,-1.791309,1.159082,-11.485449,0.190831,0.009790,-4.712389,0.002500,2.111300,10S
1217373485.003068,-0.252976,2.164347,-1.475195,1.053711,-10.747852,0.205537,0.009886,-4.712389,0.005000,2.111300,10S
1217373485.103066,-0.224867,2.248672,-2.107422,1.264453,-12.012305,0.205537,0.009886,-4.712389,0.005000,2.111300,10S
1217373485.203072,-0.112434,2.248672,-1.685938,1.685938,-11.274707,0.212902,0.008083,-4.712389,0.003611,2.062200,10S
1217373485.303237,-0.028108,2.248672,-2.002051,1.264453,-11.274707,0.212902,0.008083,-4.712389,0.003611,2.111300,10S
1217373485.403101,-0.140542,2.276780,-2.423535,1.264453,-12.117676,0.220254,0.008131,-4.712389,0.004167,2.062200,10S
1217373485.503071,-0.056217,2.220563,-2.423535,1.264453,-10.853223,0.220254,0.008131,-4.712389,0.004167,2.062200,10S
1217373485.603305,-0.056217,2.220563,-2.423535,0.842969,-10.958594,0.220254,0.008131,-4.712389,0.004167,2.062200,10S
1217373485.703066,-0.112434,2.248672,-2.423535,0.948340,-12.012305,0.227595,0.010031,-4.712389,0.003889,2.062200,10S
1217373485.803110,-0.056217,2.164347,-2.212793,1.159082,-12.223047,0.227595,0.010031,-4.712389,0.003889,2.013100,10S
1217373485.903066,-0.140542,2.192455,-1.896680,0.948340,-11.485449,0.234960,0.008228,-4.712389,0.004167,2.062200,10S
1217373486.003069,-0.168650,2.192455,-1.475195,0.737598,-10.115625,0.234960,0.008228,-4.712389,0.004167,2.062200,10S
1217373486.103067,-0.084325,2.136238,-2.212793,0.948340,-11.274707,0.240830,0.010118,-4.712389,0.003333,2.160400,10S
1217373486.203067,-0.112434,2.192455,-2.107422,0.842969,-12.749902,0.240830,0.010118,-4.712389,0.003333,2.111300,10S
1217373486.303077,-0.168650,2.164347,-1.791309,0.948340,-11.274707,0.245242,0.010147,-4.712389,0.003056,2.160400,10S
1217373486.403073,-0.112434,2.108130,-2.002051,0.948340,-11.590820,0.245242,0.010147,-4.712389,0.003056,2.111300,10S
1217373486.503241,-0.168650,2.192455,-2.212793,0.737598,-12.117676,0.252619,0.006492,-4.712389,0.003333,2.111300,10S
1217373486.603099,-0.140542,2.108130,-1.896680,0.948340,-11.485449,0.252619,0.006492,-4.712389,0.003333,2.062200,10S
1217373486.703143,-0.196759,2.136238,-2.212793,0.632227,-11.169336,0.252619,0.006492,-4.712389,0.003333,2.062200,10S
1217373486.803066,-0.168650,2.108130,-1.791309,0.526855,-11.063965,0.261442,0.006550,-4.712389,0.006111,2.013100,10S
1217373486.903066,-0.224867,2.192455,-2.528906,0.526855,-11.801563,0.261442,0.006550,-4.712389,0.006111,2.062200,10S
1217373487.003068,-0.281084,2.136238,-1.896680,0.526855,-11.063965,0.282030,0.006685,-4.712389,0.006944,2.013100,10S
1217373487.103066,-0.252976,2.192455,-2.107422,0.632227,-11.063965,0.282030,0.006685,-4.712389,0.006944,2.062200,10S
1217373487.203067,-0.168650,2.164347,-1.896680,1.053711,-11.696191,0.299688,0.004949,-4.712389,0.057500,2.062200,10S
1217373487.303240,-0.196759,2.192455,-2.212793,0.948340,-11.801563,0.299688,0.004949,-4.712389,0.057500,2.111300,10S
1217373487.403235,-0.168650,2.164347,-2.002051,1.159082,-10.747852,0.311465,0.003175,-4.712389,0.046667,2.062200,10S
1217373487.503099,-0.084325,2.136238,-2.423535,1.053711,-12.012305,0.311465,0.003175,-4.712389,0.046667,2.062200,10S
1217373487.603309,-0.112434,2.164347,-2.528906,0.737598,-11.906934,0.311465,0.003175,-4.712389,0.046667,2.062200,10S
1217373487.703066,-0.196759,2.220563,-2.423535,0.737598,-10.853223,0.326170,0.003271,-4.712389,0.030556,2.013100,10S
1217373487.803105,-0.112434,2.136238,-2.107422,1.053711,-11.590820,0.326170,0.003271,-4.712389,0.030556,2.013100,10S
1217373487.903066,-0.140542,2.192455,-2.107422,0.737598,-12.433789,0.343817,0.003387,-4.712389,0.042778,2.013100,10S
1217373488.003069,-0.112434,2.192455,-2.212793,0.632227,-10.747852,0.343817,0.003387,-4.712389,0.042778,2.013100,10S
1217373488.103066,-0.196759,2.220563,-2.002051,0.210742,-11.169336,0.360017,-0.000210,-4.712389,0.042222,2.062200,10S
1217373488.203066,-0.252976,2.220563,-2.423535,0.421484,-11.801563,0.360017,-0.000210,-4.712389,0.042222,2.013100,10S
1217373488.303101,-0.252976,2.248672,-2.739648,0.737598,-11.274707,0.373277,-0.003827,-4.712389,0.033889,1.964000,10S
1217373488.403071,-0.224867,2.220563,-2.212793,0.948340,-11.485449,0.373277,-0.003827,-4.712389,0.033889,2.013100,10S
1217373488.503242,-0.224867,2.192455,-2.423535,1.159082,-11.906934,0.383583,-0.005611,-4.712389,0.033889,1.964000,10S
1217373488.603066,-0.168650,2.248672,-2.845020,1.159082,-11.380078,0.383583,-0.005611,-4.712389,0.007222,1.914900,10S
1217373488.703312,-0.112434,2.220563,-2.528906,1.159082,-11.063965,0.383583,-0.005611,-4.712389,0.007222,1.914900,10S
1217373488.803066,-0.056217,2.136238,-2.002051,0.737598,-10.642480,0.392442,-0.011108,-4.712389,0.006111,1.914900,10S
1217373488.903066,-0.112434,2.192455,-2.528906,1.159082,-11.801563,0.392442,-0.011108,-4.712389,0.006111,1.865800,10S
1217373489.003068,0.056217,1.995696,-2.845020,0.737598,-10.958594,0.402748,-0.012892,-4.712389,0.003889,1.865800,10S
1217373489.103066,0.028108,2.051913,-2.107422,0.210742,-11.906934,0.402748,-0.012892,-4.712389,0.003889,1.914900,10S
1217373489.203072,-0.056217,2.108130,-2.634277,-0.210742,-11.169336,0.410125,-0.016548,-4.712389,0.004167,1.865800,10S
1217373489.303244,-0.112434,1.939479,-1.791309,0.105371,-11.169336,0.410125,-0.016548,-4.712389,0.004167,1.865800,10S
1217373489.403235,-0.168650,1.995696,-2.318164,0.000000,-11.380078,0.418949,-0.016490,-4.712389,0.005833,1.914900,10S
1217373489.503099,-0.224867,2.080021,-3.055762,-0.316113,-11.696191,0.418949,-0.016490,-4.712389,0.005833,1.914900,10S
1217373489.603308,-0.168650,2.051913,-2.845020,0.105371,-10.431738,0.418949,-0.016490,-4.712389,0.005833,1.865800,10S
1217373489.703066,-0.196759,2.051913,-2.528906,-0.210742,-11.380078,0.424843,-0.018303,-4.712389,0.005833,1.865800,10S
1217373489.803066,-0.309192,2.080021,-2.739648,-0.210742,-11.380078,0.424843,-0.018303,-4.712389,0.005833,1.865800,10S
1217373489.903066,-0.365409,2.080021,-2.318164,0.210742,-11.063965,0.430737,-0.020116,-4.712389,0.005000,1.865800,10S
1217373490.003069,-0.252976,2.080021,-3.055762,0.105371,-11.590820,0.430737,-0.020116,-4.712389,0.005000,1.816700,10S
1217373490.103072,-0.337301,2.136238,-2.845020,0.737598,-10.431738,0.443997,-0.023733,-4.712389,0.003889,1.865800,10S
1217373490.203067,-0.337301,2.164347,-2.634277,0.842969,-11.485449,0.443997,-0.023733,-4.712389,0.003889,1.816700,10S
1217373490.303106,-0.337301,2.164347,-2.739648,0.737598,-11.169336,0.454315,-0.027369,-4.712389,0.008333,1.816700,10S
1217373490.403071,-0.168650,2.108130,-2.634277,0.737598,-11.274707,0.454315,-0.027369,-4.712389,0.008333,1.914900,10S
1217373490.503244,-0.140542,2.108130,-2.107422,0.632227,-11.274707,0.489608,-0.027137,-4.712389,0.008333,1.914900,10S
1217373490.603066,-0.168650,2.108130,-2.423535,0.316113,-11.801563,0.489608,-0.027137,-4.712389,0.005556,1.865800,10S
1217373490.703114,-0.196759,2.136238,-2.318164,0.632227,-11.380078,0.489608,-0.027137,-4.712389,0.005556,1.964000,10S
1217373490.803066,-0.140542,2.080021,-2.002051,0.632227,-11.274707,0.541114,-0.032354,-4.712389,0.003611,1.964000,10S
1217373490.903066,-0.112434,2.051913,-2.318164,0.316113,-11.906934,0.541114,-0.032354,-4.712389,0.003611,1.914900,10S
1217373491.003068,-0.140542,2.023805,-2.423535,0.210742,-10.537109,0.570585,-0.041420,-4.712389,0.005833,1.964000,10S
1217373491.103066,-0.084325,1.995696,-2.107422,0.316113,-12.012305,0.570585,-0.041420,-4.712389,0.005833,1.964000,10S
1217373491.203072,-0.196759,1.967588,-2.845020,-0.316113,-11.169336,0.583857,-0.046888,-4.712389,0.007778,1.964000,10S
1217373491.303245,-0.196759,1.911371,-2.318164,0.000000,-10.537109,0.583857,-0.046888,-4.712389,0.007778,1.914900,10S
1217373491.403240,-0.281084,1.967588,-2.423535,-0.105371,-11.801563,0.591234,-0.050543,-4.712389,0.003611,1.964000,10S
1217373491.503099,-0.365409,1.967588,-2.002051,0.000000,-11.696191,0.591234,-0.050543,-4.712389,0.003611,1.914900,10S
1217373491.603147,-0.337301,1.995696,-2.212793,0.105371,-11.274707,0.591234,-0.050543,-4.712389,0.003611,1.914900,10S
1217373491.703066,-0.393518,2.136238,-2.212793,0.105371,-10.747852,0.606012,-0.061557,-4.712389,0.002222,1.914900,10S
1217373491.803066,-0.365409,2.051913,-2.107422,0.000000,-11.906934,0.606012,-0.061557,-4.712389,0.002222,1.964000,10S
1217373491.903066,-0.281084,2.080021,-2.002051,0.632227,-11.274707,0.611931,-0.067074,-4.712389,0.005000,1.964000,10S
1217373492.003068,-0.252976,2.023805,-2.107422,0.210742,-11.801563,0.611931,-0.067074,-4.712389,0.005000,1.914900,10S
1217373492.103072,-0.309192,2.136238,-2.739648,0.210742,-11.590820,0.622261,-0.072562,-4.712389,0.002778,1.964000,10S
1217373492.203067,-0.309192,2.108130,-2.107422,0.632227,-10.642480,0.622261,-0.072562,-4.712389,0.002778,1.964000,10S
1217373492.303097,-0.224867,2.164347,-2.634277,0.421484,-10.958594,0.632592,-0.078049,-4.712389,0.002778,1.914900,10S
1217373492.403071,-0.168650,2.051913,-2.002051,0.526855,-11.274707,0.632592,-0.078049,-4.712389,0.002778,1.914900,10S
1217373492.503326,-0.252976,2.080021,-2.212793,0.000000,-11.801563,0.632592,-0.078049,-4.712389,0.002778,1.914900,10S
1217373492.603066,-0.252976,2.023805,-2.318164,0.000000,-10.747852,0.648792,-0.081647,-4.712389,0.005278,1.865800,10S
1217373492.703107,-0.309192,2.023805,-2.634277,0.316113,-11.696191,0.648792,-0.081647,-4.712389,0.005278,1.914900,10S
1217373492.803066,-0.309192,2.136238,-2.634277,0.210742,-10.747852,0.704734,-0.090538,-4.712389,0.003611,1.816700,10S
1217373492.903066,-0.252976,2.080021,-2.318164,0.526855,-11.063965,0.704734,-0.090538,-4.712389,0.003611,1.816700,10S
1217373493.003068,-0.196759,2.023805,-2.212793,0.632227,-12.223047,0.738629,-0.101427,-4.712389,0.002222,1.767600,10S
1217373493.103066,-0.252976,2.080021,-2.634277,0.526855,-10.747852,0.738629,-0.101427,-4.712389,0.002222,1.816700,10S
1217373493.203101,-0.140542,2.023805,-2.318164,0.948340,-11.274707,0.760736,-0.108689,-4.712389,0.004444,1.816700,10S
1217373493.303248,-0.056217,2.023805,-2.423535,0.316113,-11.590820,0.760736,-0.108689,-4.712389,0.004444,1.767600,10S
1217373493.403243,-0.084325,2.023805,-2.423535,0.316113,-11.696191,0.781360,-0.114109,-4.712389,0.004444,1.816700,10S
1217373493.503066,-0.056217,1.967588,-2.318164,-0.316113,-11.274707,0.781360,-0.114109,-4.712389,0.002500,1.865800,10S
1217373493.603307,-0.056217,1.883263,-2.845020,-0.421484,-11.063965,0.781360,-0.114109,-4.712389,0.002500,1.865800,10S
1217373493.703067,-0.140542,1.855154,-2.107422,-0.421484,-10.747852,0.800538,-0.123242,-4.712389,0.001111,1.914900,10S
1217373493.803066,-0.534060,1.602179,-2.423535,-1.896680,-10.115625,0.800538,-0.123242,-4.712389,0.001111,1.964000,10S
1217373493.903066,-0.309192,1.714612,-2.423535,-1.791309,-11.169336,0.822621,-0.126801,-4.712389,0.003056,1.914900,10S
1217373494.003068,-0.365409,1.911371,-2.107422,-1.896680,-11.485449,0.822621,-0.126801,-4.712389,0.003056,1.865800,10S
1217373494.103072,-0.505951,1.967588,-2.212793,-1.159082,-10.747852,0.854997,-0.130292,-4.712389,0.003056,1.865800,10S
1217373494.203074,-0.590276,1.995696,-2.634277,-1.475195,-10.642480,0.854997,-0.130292,-4.712389,0.003056,1.914900,10S
1217373494.303244,-0.674602,2.051913,-2.634277,-0.737598,-11.485449,0.912385,-0.135471,-4.712389,0.002778,1.865800,10S
1217373494.403099,-0.815144,2.051913,-2.845020,0.316113,-11.169336,0.912385,-0.135471,-4.712389,0.002778,1.914900,10S
1217373494.503306,-0.646493,2.164347,-2.634277,0.316113,-10.958594,0.912385,-0.135471,-4.712389,0.002778,1.816700,10S
1217373494.603066,-0.590276,2.304889,-2.845020,1.053711,-11.274707,0.937555,-0.161231,-4.712389,0.001389,1.767600,10S
1217373494.703066,-0.562168,2.332997,-2.423535,1.264453,-11.380078,0.937555,-0.161231,-4.712389,0.001389,1.816700,10S
1217373494.803066,-0.393518,2.276780,-2.002051,2.002051,-10.958594,1.005224,-0.164490,-4.712389,0.002222,1.816700,10S
1217373494.903066,-0.281084,2.276780,-2.423535,1.791309,-11.696191,1.005224,-0.164490,-4.712389,0.002222,1.767600,10S
1217373495.003074,-0.281084,2.361105,-2.107422,2.212793,-11.801563,1.019990,-0.173652,-4.712389,0.002778,1.816700,10S
1217373495.103067,-0.281084,2.361105,-2.845020,1.791309,-10.537109,1.019990,-0.173652,-4.712389,0.002778,1.914900,10S
1217373495.203101,-0.562168,2.136238,-1.369824,1.159082,-11.380078,1.039132,-0.177230,-4.712389,0.001111,1.865800,10S
1217373495.303250,-0.084325,2.192455,-1.475195,1.580566,-11.274707,1.039132,-0.177230,-4.712389,0.001111,1.914900,10S
1217373495.403244,0.028108,2.248672,-1.685938,2.002051,-11.274707,1.065687,-0.190019,-4.712389,0.001111,1.964000,10S
1217373495.503066,0.224867,2.080021,-2.423535,1.791309,-11.380078,1.065687,-0.190019,-4.712389,0.001667,1.914900,10S
1217373495.603115,0.252976,2.023805,-2.318164,1.475195,-11.906934,1.065687,-0.190019,-4.712389,0.001667,1.914900,10S
1217373495.703066,0.140542,2.051913,-2.002051,0.210742,-10.431738,1.090747,-0.199114,-4.712389,0.001389,1.964000,10S
1217373495.803066,0.056217,2.023805,-2.634277,-0.105371,-11.906934,1.090747,-0.199114,-4.712389,0.001389,1.964000,10S
1217373495.903067,0.056217,1.883263,-2.634277,-0.632227,-11.274707,1.148354,-0.237624,-4.712389,0.001667,1.914900,10S
1217373496.003068,-0.056217,1.883263,-2.107422,-0.842969,-10.853223,1.148354,-0.237624,-4.712389,0.001667,1.914900,10S
1217373496.103072,-0.337301,1.770829,-1.685938,-1.264453,-10.642480,1.188156,-0.252177,-4.712389,0.002778,1.964000,10S
1217373496.203073,-0.252976,1.798938,-2.318164,-1.369824,-10.958594,1.188156,-0.252177,-4.712389,0.002778,1.964000,10S
1217373496.303242,-0.421626,1.911371,-2.423535,-1.053711,-11.274707,1.217567,-0.251984,-4.712389,0.004444,1.914900,10S
1217373496.403099,-0.730818,1.995696,-1.685938,-0.632227,-11.485449,1.217567,-0.251984,-4.712389,0.004444,1.964000,10S
1217373496.503147,-0.674602,1.911371,-2.212793,-0.210742,-10.537109,1.217567,-0.251984,-4.712389,0.004444,2.013100,10S
1217373496.603066,-0.646493,2.164347,-2.212793,0.105371,-10.853223,1.244256,-0.285142,-4.712389,0.004167,1.914900,10S
1217373496.703066,-0.646493,2.248672,-2.845020,0.526855,-11.169336,1.244256,-0.285142,-4.712389,0.004167,1.964000,10S
1217373496.803066,-0.562168,2.220563,-2.950391,1.159082,-11.274707,1.297572,-0.342198,-4.712389,0.005556,1.914900,10S
1217373496.903066,-0.477843,2.276780,-2.528906,1.475195,-10.958594,1.297572,-0.342198,-4.712389,0.005556,1.914900,10S
1217373497.003074,-0.421626,2.332997,-2.845020,1.791309,-11.696191,1.321162,-0.351303,-4.712389,0.004167,1.865800,10S
1217373497.103067,-0.309192,2.361105,-2.423535,1.896680,-11.485449,1.321162,-0.351303,-4.712389,0.004167,1.865800,10S
1217373497.203097,-0.309192,2.389214,-2.212793,1.580566,-10.326367,1.337362,-0.354900,-4.712389,0.003611,1.816700,10S
1217373497.303248,-0.393518,2.304889,-1.896680,2.002051,-11.801563,1.337362,-0.354900,-4.712389,0.003611,1.865800,10S
1217373497.403326,-0.252976,2.473539,-2.212793,2.107422,-10.747852,1.337362,-0.354900,-4.712389,0.003611,1.914900,10S
1217373497.503066,-0.196759,2.389214,-2.739648,2.318164,-10.747852,1.355070,-0.364043,-4.712389,0.002778,1.865800,10S
1217373497.603108,-0.140542,2.136238,-2.423535,2.002051,-11.169336,1.355070,-0.364043,-4.712389,0.002778,1.914900,10S
1217373497.703067,-0.140542,2.332997,-1.896680,2.212793,-12.117676,1.374308,-0.382435,-4.712389,0.001389,1.964000,10S
1217373497.803067,0.084325,2.361105,-1.685938,2.634277,-10.747852,1.374308,-0.382435,-4.712389,0.001389,1.964000,10S
1217373497.903066,0.196759,2.136238,-2.423535,2.002051,-11.485449,1.386121,-0.389765,-4.712389,0.003056,1.914900,10S
1217373498.003068,0.309192,2.136238,-2.423535,1.369824,-10.853223,1.386121,-0.389765,-4.712389,0.003056,1.964000,10S
1217373498.103074,0.393518,1.995696,-2.318164,1.159082,-11.590820,1.396464,-0.397104,-4.712389,0.003889,1.964000,10S
1217373498.203073,0.365409,1.911371,-1.791309,-0.105371,-10.747852,1.396464,-0.397104,-4.712389,0.003889,1.914900,10S
1217373498.303249,0.252976,1.855154,-2.739648,-0.842969,-11.906934,1.418595,-0.408070,-4.712389,0.003889,1.914900,10S
1217373498.403066,0.112434,1.798938,-2.528906,-1.264453,-11.063965,1.418595,-0.408070,-4.712389,0.001667,1.914900,10S