
1217542679.809103,0.000006,0.000000,0.000000,0.000000,0.000127,-0.628319,0.000000,0.000000,0.857771,1.454464,-1.864908,-0.144089,2.268987
1217542679.909074,0.000019,0.000001,0.000001,0.000000,0.000342,-0.628318,0.000000,0.000000,0.857771,1.454451,-1.864908,-0.144089,2.268987
1217542680.009344,0.000007,0.000002,-0.000001,-0.000000,0.000114,-0.628318,0.000000,-0.000000,0.857771,1.454474,-1.864908,-0.144089,2.268987
1217542680.109068,0.000019,0.000004,0.000002,0.000001,0.000272,-0.628318,0.000000,-0.000000,0.857771,1.454449,-1.864908,-0.144089,2.268987
1217542680.209291,-0.000001,0.000002,0.000000,0.000000,-0.000018,-0.628318,0.000000,-0.000000,0.857770,1.454452,-1.864910,-0.144090,2.268987
1217542680.309068,0.000036,0.000012,0.000009,0.000004,0.000442,-0.628318,0.000002,-0.000001,0.857772,1.454414,-1.864908,-0.144090,2.268987
1217542680.409068,0.000078,0.000027,0.000020,0.000010,0.000874,-0.628318,0.000004,-0.000003,0.857774,1.454370,-1.864909,-0.144091,2.268987
1217542680.509105,0.000098,0.000042,0.000027,0.000016,0.001001,-0.628318,0.000007,-0.000005,0.857775,1.454348,-1.864910,-0.144091,2.268989
1217542680.609068,0.000092,0.000049,0.000015,0.000011,0.000837,-0.628317,0.000010,-0.000008,0.857775,1.454385,-1.864909,-0.144089,2.268989
1217542680.709074,0.000117,0.000069,0.000012,0.000011,0.000982,-0.628317,0.000017,-0.000012,0.857776,1.454392,-1.864906,-0.144089,2.268989
1217542680.809076,0.000074,0.000060,-0.000023,-0.000014,0.000523,-0.628317,0.000017,-0.000013,0.857774,1.454477,-1.864906,-0.144089,2.268990
1217542680.909278,0.000141,0.000104,0.000011,0.000012,0.001013,-0.628317,0.000032,-0.000023,0.857778,1.454401,-1.864905,-0.144089,2.268992
1217542681.009070,0.000132,0.000112,-0.000017,-0.000012,0.000844,-0.628316,0.000038,-0.000028,0.857777,1.454455,-1.864907,-0.144090,2.268991
1217542681.109290,0.000079,0.000092,-0.000041,-0.000041,0.000390,-0.628316,0.000037,-0.000027,0.857774,1.454514,-1.864908,-0.144088,2.268991
1217542681.209068,0.000071,0.000094,-0.000041,-0.000048,0.000297,-0.628316,0.000042,-0.000031,0.857774,1.454524,-1.864906,-0.144086,2.268994
1217542681.309074,0.000179,0.000319,-0.000078,-0.000098,-0.001946,-0.628315,0.000157,-0.000114,0.857757,1.454589,-1.864906,-0.144090,2.268994
1217542681.409068,0.000878,0.001487,-0.000042,-0.000068,-0.008882,-0.628315,0.000766,-0.000556,0.857697,1.454542,-1.864934,-0.144085,2.268998
1217542681.509068,0.003317,0.005068,-0.000129,-0.000213,-0.019035,-0.628314,0.002694,-0.001957,0.857601,1.454738,-1.864941,-0.144077,2.268998
1217542681.609076,0.007125,0.011031,-0.000209,-0.000384,-0.031698,-0.628313,0.006181,-0.004491,0.857468,1.454943,-1.864928,-0.144066,2.269002
1217542681.709076,0.010903,0.017954,-0.000216,-0.000463,-0.046853,-0.628310,0.010710,-0.007781,0.857293,1.455021,-1.864890,-0.144054,2.269011
1217542681.809296,0.013551,0.024118,-0.000253,-0.000616,-0.060736,-0.628306,0.015366,-0.011164,0.857107,1.455173,-1.864832,-0.144042,2.269015
1217542681.909101,0.014050,0.027934,-0.000309,-0.000852,-0.074729,-0.628299,0.019148,-0.013912,0.856898,1.455403,-1.864763,-0.144020,2.269031
1217542682.009330,0.013645,0.030465,-0.000352,-0.001114,-0.085391,-0.628288,0.022473,-0.016327,0.856702,1.455640,-1.864695,-0.143996,2.269048
1217542682.109068,0.011421,0.030294,-0.000370,-0.001391,-0.095305,-0.628274,0.024313,-0.017664,0.856494,1.455883,-1.864633,-0.143962,2.269062
1217542682.209114,0.009185,0.029736,-0.000375,-0.001693,-0.102716,-0.628256,0.025997,-0.018888,0.856296,1.456132,-1.864559,-0.143930,2.269095
1217542682.309068,0.006678,0.028474,-0.000262,-0.001713,-0.109182,-0.628244,0.027283,-0.019822,0.856094,1.456134,-1.864496,-0.143897,2.269121
1217542682.409068,0.004947,0.028064,-0.000176,-0.001825,-0.113275,-0.628228,0.029234,-0.021239,0.855906,1.456223,-1.864450,-0.143858,2.269145
1217542682.509074,0.004658,0.029682,-0.000050,-0.001819,-0.114057,-0.628212,0.032794,-0.023825,0.855749,1.456224,-1.864422,-0.143819,2.269142
1217542682.609069,0.006329,0.034733,0.000212,-0.001226,-0.112902,-0.628217,0.039303,-0.028553,0.855611,1.455771,-1.864372,-0.143782,2.269143
1217542682.709103,0.009890,0.043547,0.000507,-0.000233,-0.110997,-0.628240,0.049354,-0.035856,0.855480,1.455032,-1.864373,-0.143749,2.269136
1217542682.809073,0.015003,0.055781,0.000755,0.000928,-0.107497,-0.628278,0.062963,-0.045743,0.855371,1.454190,-1.864346,-0.143719,2.269133
1217542682.909338,0.021811,0.072194,0.000956,0.002378,-0.103864,-0.628354,0.081151,-0.058957,0.855264,1.453144,-1.864325,-0.143702,2.269134
1217542683.009070,0.029833,0.092451,0.001011,0.003596,-0.101990,-0.628455,0.104079,-0.075615,0.855134,1.452289,-1.864314,-0.143693,2.269136
1217542683.109288,0.037345,0.113066,0.000952,0.004680,-0.100995,-0.628616,0.128786,-0.093567,0.854989,1.451529,-1.864285,-0.143703,2.269147
1217542683.209074,0.045283,0.135891,0.000772,0.005354,-0.100474,-0.628817,0.157106,-0.114146,0.854833,1.451077,-1.864242,-0.143717,2.269153
1217542683.309074,0.052932,0.159589,0.000517,0.005598,-0.101291,-0.629047,0.187968,-0.136577,0.854653,1.450941,-1.864205,-0.143722,2.269160
1217542683.409074,0.060092,0.182963,0.000240,0.005674,-0.100130,-0.629323,0.220012,-0.159873,0.854499,1.450912,-1.864199,-0.143721,2.269173
1217542683.509088,0.067658,0.208370,-0.000009,0.005715,-0.099141,-0.629663,0.255803,-0.185903,0.854340,1.450879,-1.864213,-0.143683,2.269196
1217542683.609113,0.074243,0.232539,-0.000293,0.005740,-0.097665,-0.630064,0.291983,-0.212231,0.854189,1.450850,-1.864179,-0.143683,2.269204
1217542683.709068,0.081418,0.258861,-0.000558,0.005993,-0.095455,-0.630616,0.332089,-0.241439,0.854049,1.450584,-1.864187,-0.143677,2.269229
1217542683.809270,0.087639,0.284215,-0.000859,0.006326,-0.094481,-0.631293,0.373008,-0.271273,0.853887,1.450194,-1.864144,-0.143700,2.269272
1217542683.909068,0.095342,0.313872,-0.001227,0.005491,-0.092729,-0.631628,0.420478,-0.305870,0.853737,1.450762,-1.864138,-0.143716,2.269333
1217542684.009299,0.102468,0.342960,-0.001550,0.005209,-0.090274,-0.632202,0.469157,-0.341403,0.853602,1.450845,-1.864115,-0.143758,2.269372
1217542684.109068,0.109058,0.371405,-0.001913,0.004471,-0.087186,-0.632565,0.518888,-0.377717,0.853480,1.451308,-1.864124,-0.143831,2.269418
1217542684.209076,0.116216,0.402305,-0.002274,0.003128,-0.084552,-0.632538,0.573506,-0.417574,0.853354,1.452283,-1.864053,-0.143904,2.269482
1217542684.309074,0.122604,0.432110,-0.002660,0.000462,-0.082226,-0.631422,0.628862,-0.457824,0.853223,1.454441,-1.864053,-0.143984,2.269591
1217542684.409074,0.129063,0.463033,-0.002922,-0.002882,-0.080250,-0.629336,0.687705,-0.500424,0.853089,1.457283,-1.863972,-0.144012,2.269700
1217542684.509076,0.134841,0.492809,-0.003040,-0.006349,-0.077900,-0.626486,0.747163,-0.543252,0.852964,1.460282,-1.863896,-0.144027,2.269810
1217542684.609076,0.139519,0.520782,-0.002984,-0.009924,-0.077094,-0.622750,0.806653,-0.585787,0.852808,1.463438,-1.863820,-0.144000,2.269919
1217542684.709291,0.143689,0.547643,-0.002784,-0.014209,-0.075424,-0.617391,0.866730,-0.628165,0.852670,1.467489,-1.863803,-0.143902,2.270006
1217542684.809068,0.147426,0.573507,-0.002229,-0.016663,-0.072736,-0.612961,0.927189,-0.670771,0.852557,1.469648,-1.863741,-0.143819,2.270082
1217542684.909331,0.151291,0.600361,-0.001490,-0.018563,-0.071015,-0.608402,0.990958,-0.715469,0.852425,1.471198,-1.863706,-0.143714,2.270181
1217542685.009070,0.154542,0.625858,-0.000705,-0.020659,-0.069168,-0.602894,1.054969,-0.759723,0.852298,1.473070,-1.863725,-0.143598,2.270280
1217542685.109118,0.157047,0.649764,0.000178,-0.022729,-0.067836,-0.596631,1.118966,-0.803302,0.852160,1.475128,-1.863793,-0.143457,2.270348
1217542685.209076,0.158290,0.670808,0.001334,-0.023542,-0.067351,-0.591340,1.181080,-0.845355,0.852004,1.475907,-1.863717,-0.143316,2.270397
1217542685.309076,0.160062,0.693204,0.002517,-0.024314,-0.066287,-0.585534,1.246761,-0.889328,0.851861,1.476873,-1.863699,-0.143164,2.270422
1217542685.409115,0.161355,0.714385,0.003930,-0.023835,-0.065290,-0.581091,1.312372,-0.933222,0.851715,1.476683,-1.863800,-0.143020,2.270403
1217542685.509123,0.162050,0.734272,0.005580,-0.021913,-0.064805,-0.578629,1.377811,-0.977257,0.851558,1.474929,-1.863741,-0.142868,2.270390
1217542685.609103,0.162135,0.751998,0.007094,-0.019954,-0.062812,-0.576364,1.441624,-1.019794,0.851441,1.473359,-1.863660,-0.142737,2.270368
1217542685.709068,0.161416,0.767943,0.008563,-0.017418,-0.062313,-0.575284,1.504653,-1.061887,0.851288,1.471661,-1.863567,-0.142638,2.270267
1217542685.809333,0.161606,0.785850,0.010202,-0.013439,-0.060834,-0.576802,1.571129,-1.107139,0.851156,1.468495,-1.863719,-0.142516,2.270154
1217542685.909068,0.161230,0.802440,0.011908,-0.007863,-0.059947,-0.581842,1.636785,-1.153125,0.851013,1.463650,-1.863655,-0.142430,2.270043
1217542686.009299,0.160676,0.818122,0.013475,-0.001324,-0.058210,-0.589719,1.701755,-1.199855,0.850894,1.457853,-1.863624,-0.142372,2.269938
1217542686.109075,0.159352,0.832031,0.014442,0.004419,-0.057918,-0.597667,1.765751,-1.246207,0.850738,1.453256,-1.863615,-0.142380,2.269824
1217542686.209093,0.158221,0.846811,0.015068,0.010090,-0.058935,-0.606693,1.832288,-1.295042,0.850542,1.448876,-1.863561,-0.142397,2.269712
1217542686.309068,0.157406,0.861940,0.015323,0.015635,-0.058851,-0.616882,1.899918,-1.345537,0.850372,1.444728,-1.863586,-0.142451,2.269602
1217542686.409068,0.155855,0.874733,0.015177,0.020840,-0.058173,-0.627986,1.964948,-1.395235,0.850219,1.441021,-1.863518,-0.142541,2.269493
1217542686.509074,0.152740,0.884162,0.014711,0.025875,-0.060927,-0.640272,2.026787,-1.443986,0.849961,1.437552,-1.863593,-0.142642,2.269378
1217542686.609075,0.150322,0.893841,0.013732,0.029572,-0.059609,-0.651253,2.088893,-1.493162,0.849817,1.435362,-1.863595,-0.142750,2.269305
1217542686.709279,0.146825,0.900217,0.012429,0.032146,-0.058402,-0.660933,2.147293,-1.539974,0.849671,1.434240,-1.863659,-0.142798,2.269255
1217542686.809068,0.142576,0.905075,0.011007,0.034445,-0.059837,-0.670779,2.204950,-1.586998,0.849445,1.433353,-1.863700,-0.142797,2.269195
1217542686.909291,0.138443,0.909499,0.009476,0.036411,-0.060173,-0.680584,2.262367,-1.634463,0.849248,1.432696,-1.863652,-0.142746,2.269134
1217542687.009078,0.134421,0.913529,0.007711,0.036921,-0.059806,-0.687713,2.320094,-1.681705,0.849069,1.433120,-1.863668,-0.142619,2.269144
1217542687.109094,0.130350,0.917353,0.006047,0.037521,-0.060654,-0.695116,2.378504,-1.729728,0.848846,1.432571,-1.863892,-0.142410,2.269258
1217542687.209278,0.126183,0.920411,0.004557,0.040008,-0.061103,-0.707469,2.435320,-1.779148,0.848632,1.430272,-1.864013,-0.142289,2.269267
1217542687.309068,0.122007,0.922718,0.002999,0.043708,-0.060582,-0.723872,2.490243,-1.829809,0.848448,1.426408,-1.864017,-0.142300,2.269272
1217542687.409074,0.118115,0.925636,0.001026,0.045990,-0.060758,-0.738581,2.546304,-1.882458,0.848240,1.423736,-1.863980,-0.142371,2.269322
1217542687.509068,0.113994,0.927143,-0.001133,0.047757,-0.059950,-0.753139,2.600099,-1.934834,0.848063,1.421571,-1.863956,-0.142464,2.269351
1217542687.609287,0.108609,0.925270,-0.003560,0.048297,-0.060755,-0.765843,2.649835,-1.985611,0.847831,1.420390,-1.863987,-0.142621,2.269415
1217542687.709068,0.102564,0.921589,-0.006200,0.046980,-0.062998,-0.774888,2.697843,-2.036070,0.847543,1.420901,-1.864005,-0.142785,2.269519
1217542687.809328,0.095862,0.915326,-0.008920,0.044384,-0.064343,-0.781257,2.742384,-2.085142,0.847279,1.422383,-1.863839,-0.143005,2.269667
1217542687.909075,0.088380,0.907076,-0.011636,0.040384,-0.067959,-0.784386,2.785094,-2.133947,0.846924,1.425079,-1.863787,-0.143246,2.269848
1217542688.009124,0.081268,0.898476,-0.014386,0.033535,-0.069547,-0.780962,2.826454,-2.183796,0.846626,1.430727,-1.863675,-0.143469,2.270069
1217542688.109090,0.073758,0.887874,-0.016977,0.024317,-0.070581,-0.771502,2.864618,-2.233453,0.846340,1.439108,-1.863606,-0.143675,2.270275
1217542688.209102,0.068136,0.880572,-0.019096,0.014322,-0.068381,-0.759338,2.905459,-2.286564,0.846166,1.448114,-1.863461,-0.143823,2.270493
1217542688.309068,0.063124,0.874349,-0.020793,0.002111,-0.066446,-0.741091,2.946574,-2.342970,0.845987,1.459539,-1.863360,-0.143846,2.270731
1217542688.409069,0.058335,0.868568,-0.021783,-0.010329,-0.065680,-0.720300,2.988499,-2.400455,0.845768,1.471310,-1.863273,-0.143748,2.270935
1217542688.509103,0.053893,0.863321,-0.021952,-0.021467,-0.065019,-0.699839,3.032209,-2.456952,0.845546,1.481580,-1.863062,-0.143571,2.271107
1217542688.609068,0.050203,0.859903,-0.021408,-0.031787,-0.065065,-0.678936,3.079039,-2.514290,0.845295,1.490856,-1.862879,-0.143296,2.271281
1217542688.709317,0.046803,0.856489,-0.020158,-0.040391,-0.064144,-0.659039,3.127482,-2.568436,0.845078,1.498373,-1.862820,-0.142976,2.271402
1217542688.809068,0.043101,0.852422,-0.018320,-0.047489,-0.064585,-0.639851,3.177766,-2.619345,0.844809,1.504407,-1.862650,-0.142620,2.271480
1217542688.909295,0.038904,0.846394,-0.015848,-0.051871,-0.064324,-0.622891,3.230505,-2.661534,0.844564,1.507306,-1.862445,-0.142246,2.271538
1217542689.009070,0.034499,0.839881,-0.013178,-0.055927,-0.065633,-0.605726,3.283289,-2.703125,0.844254,1.510135,-1.862352,-0.141892,2.271596
1217542689.109107,0.029171,0.830189,-0.010068,-0.057451,-0.066419,-0.590604,3.337969,-2.733900,0.843957,1.510399,-1.862390,-0.141557,2.271581
1217542689.209068,0.023805,0.820018,-0.006726,-0.056769,-0.067410,-0.577652,3.397409,-2.757364,0.843646,1.508091,-1.862295,-0.141306,2.271583
1217542689.309068,0.017138,0.806688,-0.003566,-0.057015,-0.071042,-0.564012,3.451111,-2.781701,0.843217,1.506874,-1.862318,-0.141057,2.271697
1217542689.409077,0.010947,0.793770,-0.000394,-0.057484,-0.073887,-0.549905,3.503776,-2.806972,0.842801,1.506172,-1.862442,-0.140735,2.271849
1217542689.509068,0.005623,0.781855,0.002774,-0.056509,-0.074188,-0.537679,3.559680,-2.828192,0.842477,1.504379,-1.862361,-0.140603,2.271934
1217542689.609273,0.000692,0.770248,0.005791,-0.055925,-0.074124,-0.525644,3.612995,-2.851776,0.842164,1.503471,-1.862470,-0.140479,2.272032
1217542689.709068,-0.004028,0.758736,0.008637,-0.055153,-0.074059,-0.514732,3.665080,-2.876042,0.841849,1.502923,-1.862528,-0.140490,2.272094
1217542689.809296,-0.007557,0.749809,0.011262,-0.055105,-0.073387,-0.504215,3.715016,-2.907281,0.841555,1.503910,-1.862515,-0.140536,2.272111
1217542689.909089,-0.010788,0.741750,0.013798,-0.055616,-0.074049,-0.493778,3.762391,-2.943378,0.841201,1.506093,-1.862609,-0.140535,2.272096
1217542690.009135,-0.013396,0.734798,0.016628,-0.054443,-0.073688,-0.482799,3.817357,-2.971107,0.840886,1.506127,-1.862506,-0.140483,2.272144
1217542690.109068,-0.015241,0.729326,0.019220,-0.054176,-0.072441,-0.472428,3.867670,-3.006211,0.840609,1.507710,-1.862402,-0.140423,2.272189
1217542690.209068,-0.015863,0.726844,0.021833,-0.053439,-0.071060,-0.461865,3.921983,-3.041699,0.840339,1.509015,-1.862425,-0.140362,2.272234
1217542690.309076,-0.016985,0.723092,0.024497,-0.052216,-0.070151,-0.451320,3.976227,-3.073922,0.840052,1.510010,-1.862337,-0.140243,2.272282
1217542690.409076,-0.017986,0.719571,0.027115,-0.050570,-0.069673,-0.441051,4.031375,-3.104619,0.839746,1.510732,-1.862453,-0.140136,2.272347
1217542690.509333,-0.017939,0.718134,0.029736,-0.047908,-0.067074,-0.430530,4.092109,-3.130539,0.839538,1.510607,-1.862269,-0.140076,2.272387
1217542690.609069,-0.018607,0.715734,0.032144,-0.045722,-0.067609,-0.421080,4.148722,-3.160711,0.839192,1.511469,-1.862236,-0.139965,2.272413
1217542690.709295,-0.019347,0.712642,0.034491,-0.042627,-0.066816,-0.411927,4.207543,-3.184795,0.838905,1.511471,-1.862049,-0.139931,2.272445
1217542690.809089,-0.019232,0.711317,0.036602,-0.039587,-0.064888,-0.403581,4.266207,-3.211094,0.838672,1.511901,-1.861956,-0.139940,2.272465
1217542690.909138,-0.019579,0.708675,0.038504,-0.036766,-0.063197,-0.396453,4.320766,-3.238975,0.838437,1.513045,-1.862020,-0.139930,2.272443
1217542691.009070,-0.019456,0.707351,0.040132,-0.035523,-0.061726,-0.390875,4.367306,-3.279891,0.838196,1.516088,-1.862004,-0.139739,2.272496
1217542691.109068,-0.019010,0.707203,0.041856,-0.033547,-0.061070,-0.384474,4.418639,-3.316723,0.837919,1.518523,-1.861870,-0.139470,2.272518
1217542691.209075,-0.017457,0.709946,0.043771,-0.030076,-0.060213,-0.376139,4.480509,-3.344161,0.837650,1.519410,-1.861894,-0.139110,2.272506
1217542691.309068,-0.016274,0.712201,0.045617,-0.025960,-0.060397,-0.367899,4.544586,-3.367448,0.837332,1.520087,-1.861838,-0.138702,2.272403
1217542691.409281,-0.014501,0.716031,0.047811,-0.018485,-0.060260,-0.356150,4.627052,-3.366385,0.837025,1.516999,-1.861781,-0.138227,2.272236
1217542691.509069,-0.013072,0.719396,0.049826,-0.009275,-0.061079,-0.344293,4.716709,-3.353154,0.836667,1.512548,-1.861785,-0.137789,2.271931
1217542691.609321,-0.011313,0.723194,0.052005,0.004319,-0.060236,-0.329271,4.826629,-3.307529,0.836388,1.503143,-1.861706,-0.137370,2.271534
1217542691.709074,-0.009080,0.728197,0.053515,0.019101,-0.058571,-0.316261,4.941512,-3.254685,0.836154,1.492504,-1.861397,-0.137117,2.271136
1217542691.809123,-0.007071,0.732777,0.054114,0.033829,-0.057120,-0.307281,5.053604,-3.203278,0.835915,1.482312,-1.861190,-0.137027,2.270689
1217542691.909068,-0.004730,0.738207,0.054063,0.050129,-0.055240,-0.300235,5.171958,-3.141403,0.835705,1.470228,-1.861067,-0.137112,2.270225
1217542692.009070,-0.001314,0.746180,0.053037,0.066245,-0.052063,-0.297376,5.290412,-3.082274,0.835572,1.458268,-1.861178,-0.137365,2.269781
1217542692.109069,0.001326,0.752406,0.050738,0.079288,-0.049281,-0.301875,5.392447,-3.044754,0.835434,1.449301,-1.861312,-0.137655,2.269527
1217542692.209069,0.004202,0.760432,0.047202,0.089068,-0.049053,-0.313036,5.484564,-3.030452,0.835170,1.443700,-1.861359,-0.138135,2.269412
1217542692.309102,0.006783,0.769183,0.042479,0.093434,-0.052299,-0.331472,5.559083,-3.052395,0.834714,1.443639,-1.861605,-0.138573,2.269551
1217542692.409073,0.009133,0.776437,0.037301,0.096249,-0.052007,-0.352537,5.626989,-3.081146,0.834434,1.445077,-1.861521,-0.139116,2.269684
1217542692.509327,0.011738,0.784281,0.031542,0.095773,-0.050824,-0.376903,5.686550,-3.128045,0.834203,1.449629,-1.861391,-0.139718,2.269963
1217542692.609074,0.012666,0.789253,0.025337,0.091126,-0.053832,-0.403662,5.733608,-3.196982,0.833743,1.458617,-1.861328,-0.140253,2.270345
1217542692.709286,0.013203,0.792607,0.018971,0.082386,-0.054888,-0.431067,5.769324,-3.284872,0.833375,1.471558,-1.861198,-0.140649,2.270913
1217542692.809068,0.014056,0.796727,0.012940,0.070657,-0.055507,-0.456737,5.801025,-3.385309,0.833023,1.487678,-1.861020,-0.140715,2.271499
1217542692.909068,0.013819,0.798054,0.007538,0.057816,-0.056647,-0.478579,5.830220,-3.485576,0.832637,1.504924,-1.861048,-0.140602,2.272010
1217542693.009071,0.015590,0.803393,0.003065,0.045304,-0.053620,-0.496234,5.866779,-3.580091,0.832480,1.521024,-1.860822,-0.140261,2.272522
1217542693.109068,0.017119,0.808846,-0.000454,0.033717,-0.052846,-0.509352,5.908589,-3.666417,0.832207,1.536100,-1.860943,-0.139710,2.272852
1217542693.209074,0.018065,0.813480,-0.002662,0.026186,-0.053727,-0.517221,5.958941,-3.731412,0.831840,1.545425,-1.860995,-0.139020,2.273096
1217542693.309069,0.019352,0.819488,-0.003861,0.022626,-0.055442,-0.522007,6.018271,-3.778961,0.831415,1.549459,-1.861189,-0.138281,2.273209
1217542693.409276,0.019335,0.822229,-0.004441,0.022231,-0.057234,-0.524843,6.078188,-3.812401,0.830976,1.549439,-1.861171,-0.137577,2.273193
1217542693.509074,0.019003,0.823706,-0.004574,0.024928,-0.057542,-0.527250,6.138904,-3.834708,0.830613,1.545378,-1.860984,-0.136909,2.273072
1217542693.609291,0.017390,0.821314,-0.004561,0.030539,-0.056843,-0.530282,6.196287,-3.846534,0.830310,1.537392,-1.860821,-0.136446,2.272887
1217542693.709068,0.015966,0.818991,-0.004709,0.038248,-0.055292,-0.535693,6.253473,-3.853754,0.830061,1.526645,-1.860584,-0.136242,2.272647
1217542693.809068,0.014974,0.817712,-0.005291,0.046561,-0.053939,-0.544028,6.310443,-3.862223,0.829806,1.515018,-1.860419,-0.136232,2.272407
1217542693.909068,0.014568,0.817699,-0.006505,0.054696,-0.052139,-0.555525,6.367025,-3.873851,0.829585,1.503711,-1.860302,-0.136493,2.272147
1217542694.009070,0.014628,0.818846,-0.008514,0.060970,-0.050570,-0.569424,6.423257,-3.891842,0.829357,1.494575,-1.860357,-0.136938,2.271973
1217542694.109074,0.013716,0.818011,-0.011240,0.064720,-0.051059,-0.584151,6.476865,-3.914863,0.829011,1.488327,-1.860263,-0.137469,2.271915
1217542694.209069,0.013361,0.818871,-0.014869,0.063805,-0.052740,-0.598661,6.533189,-3.946025,0.828581,1.488021,-1.860546,-0.138073,2.271982
1217542694.309288,0.011760,0.816920,-0.018823,0.059926,-0.056061,-0.611241,6.587647,-3.978957,0.828037,1.491217,-1.860629,-0.138644,2.272130
1217542694.409101,0.010093,0.814228,-0.022754,0.053976,-0.058019,-0.621579,6.641341,-4.012616,0.827556,1.496619,-1.860559,-0.139090,2.272339
1217542694.509328,0.007462,0.809071,-0.026827,0.044197,-0.060954,-0.627762,6.695114,-4.045727,0.826999,1.506583,-1.860463,-0.139417,2.272674
1217542694.609068,0.004563,0.802232,-0.030528,0.032069,-0.061938,-0.629439,6.747935,-4.076623,0.826547,1.519389,-1.860393,-0.139471,2.273016
1217542694.709117,0.001624,0.794331,-0.033424,0.020299,-0.060910,-0.628105,6.798374,-4.104412,0.826217,1.530983,-1.860166,-0.139391,2.273380
1217542694.809068,-0.000082,0.789235,-0.035614,0.008399,-0.059400,-0.624468,6.851296,-4.132394,0.825921,1.542551,-1.860147,-0.139150,2.273690
1217542694.909068,-0.002047,0.783643,-0.036850,-0.002170,-0.059009,-0.618804,6.902386,-4.159132,0.825558,1.552063,-1.860101,-0.138715,2.273926
1217542695.009076,-0.002378,0.781439,-0.036950,-0.008932,-0.055878,-0.614224,6.951592,-4.188474,0.825375,1.555873,-1.859842,-0.138266,2.274115
1217542695.109069,-0.001953,0.781637,-0.036478,-0.014230,-0.054096,-0.609734,7.001777,-4.220038,0.825118,1.557804,-1.859742,-0.137783,2.274223
1217542695.209099,-0.002005,0.781296,-0.035593,-0.018062,-0.054407,-0.605364,7.050413,-4.251902,0.824732,1.557976,-1.859642,-0.137392,2.274251
1217542695.309073,-0.001244,0.783472,-0.034256,-0.019925,-0.055634,-0.602062,7.099648,-4.287111,0.824276,1.555531,-1.859864,-0.137034,2.274226
1217542695.409285,-0.000728,0.784708,-0.032652,-0.020110,-0.055450,-0.599486,7.145932,-4.322425,0.823907,1.550998,-1.859572,-0.136769,2.274144
1217542695.509105,-0.001448,0.783028,-0.030889,-0.018850,-0.056515,-0.597584,7.188363,-4.356492,0.823454,1.544848,-1.859414,-0.136575,2.273984
1217542695.609288,-0.001900,0.781654,-0.029215,-0.017097,-0.056508,-0.596449,7.230440,-4.390629,0.823064,1.538374,-1.859174,-0.136488,2.273786
1217542695.709068,-0.002402,0.780216,-0.027662,-0.015032,-0.057125,-0.595934,7.272489,-4.424566,0.822629,1.531566,-1.859319,-0.136487,2.273614
1217542695.809068,-0.002925,0.778059,-0.026146,-0.012017,-0.056096,-0.596420,7.312645,-4.457894,0.822302,1.523597,-1.859494,-0.136578,2.273429
1217542695.909093,-0.002583,0.778366,-0.024969,-0.009731,-0.055526,-0.597243,7.356207,-4.492162,0.821946,1.516595,-1.859529,-0.136749,2.273332
1217542696.009070,-0.002677,0.777339,-0.024218,-0.008906,-0.054391,-0.597597,7.399376,-4.523545,0.821632,1.511866,-1.859197,-0.137016,2.273274
1217542696.109074,-0.002479,0.777339,-0.023590,-0.008388,-0.054344,-0.597739,7.444615,-4.553734,0.821247,1.507593,-1.859204,-0.137325,2.273236
1217542696.209075,-0.002892,0.775808,-0.023369,-0.010487,-0.054917,-0.596173,7.489599,-4.580498,0.820817,1.507209,-1.859554,-0.137570,2.273248
1217542696.309285,-0.002757,0.775674,-0.023099,-0.012966,-0.055112,-0.593984,7.535833,-4.607860,0.820406,1.507171,-1.859619,-0.137812,2.273321
1217542696.409133,-0.002760,0.774666,-0.022844,-0.016364,-0.053713,-0.590709,7.580627,-4.633472,0.820107,1.508343,-1.859308,-0.138047,2.273452
1217542696.509287,-0.003133,0.773174,-0.022614,-0.021101,-0.054048,-0.586107,7.624971,-4.658460,0.819692,1.511567,-1.859228,-0.138250,2.273592
1217542696.609068,-0.003632,0.771470,-0.022217,-0.026742,-0.054961,-0.579955,7.668692,-4.683047,0.819229,1.516338,-1.859382,-0.138332,2.273696
1217542696.709106,-0.003756,0.770354,-0.021214,-0.030406,-0.054512,-0.573428,7.712951,-4.707501,0.818856,1.517809,-1.859066,-0.138407,2.273870
1217542696.809068,-0.002985,0.771100,-0.020082,-0.034278,-0.052572,-0.566082,7.758158,-4.732799,0.818593,1.519591,-1.858778,-0.138502,2.274083
1217542696.909069,-0.002757,0.771017,-0.019104,-0.040521,-0.052431,-0.557075,7.801074,-4.758505,0.818210,1.525183,-1.858578,-0.138529,2.274301
1217542697.009077,-0.002429,0.770870,-0.018011,-0.048344,-0.051686,-0.546194,7.841647,-4.784849,0.817871,1.533620,-1.859004,-0.138449,2.274453
1217542697.109075,-0.002478,0.770425,-0.016101,-0.053916,-0.052590,-0.534108,7.884410,-4.809375,0.817412,1.538607,-1.858741,-0.138246,2.274625
1217542697.209287,-0.002310,0.770241,-0.013789,-0.058805,-0.052758,-0.520896,7.927532,-4.832889,0.816999,1.542931,-1.858809,-0.137974,2.274766
1217542697.309101,-0.001559,0.771748,-0.010858,-0.061357,-0.052915,-0.506861,7.975438,-4.854369,0.816581,1.543948,-1.858391,-0.137646,2.274908
1217542697.409328,-0.000898,0.773074,-0.007769,-0.063665,-0.053366,-0.492036,8.024084,-4.874141,0.816138,1.545316,-1.858643,-0.137267,2.274973
1217542697.509068,-0.001099,0.772224,-0.004215,-0.063298,-0.054054,-0.477309,8.074656,-4.887502,0.815673,1.543046,-1.858589,-0.136927,2.275023
1217542697.609136,-0.000135,0.774144,-0.000723,-0.062397,-0.053740,-0.462697,8.128298,-4.901270,0.815274,1.540892,-1.858751,-0.136704,2.274981
1217542697.709068,0.000337,0.774845,0.002862,-0.060282,-0.053456,-0.448383,8.182861,-4.910924,0.814875,1.537441,-1.858635,-0.136485,2.274920
1217542697.809068,0.002055,0.778403,0.006170,-0.058415,-0.051671,-0.434369,8.239003,-4.922361,0.814590,1.535063,-1.858674,-0.136401,2.274836
1217542697.909074,0.004372,0.784118,0.009342,-0.057014,-0.051066,-0.419943,8.296957,-4.935498,0.814222,1.533623,-1.858869,-0.136210,2.274819
1217542698.009076,0.005834,0.788070,0.012453,-0.054682,-0.051464,-0.406353,8.354910,-4.945207,0.813780,1.531399,-1.858971,-0.136167,2.274762
1217542698.109269,0.007438,0.792303,0.015490,-0.051349,-0.051192,-0.393346,8.415047,-4.951770,0.813386,1.527957,-1.859042,-0.136249,2.274739
1217542698.209073,0.008368,0.794683,0.018049,-0.050048,-0.050319,-0.381224,8.467372,-4.962828,0.813042,1.528216,-1.858858,-0.136260,2.274714
1217542698.309286,0.009173,0.796889,0.020753,-0.047392,-0.049867,-0.369153,8.522798,-4.969048,0.812670,1.527176,-1.858802,-0.136204,2.274571
1217542698.409068,0.009492,0.798498,0.023292,-0.044990,-0.051339,-0.357520,8.577076,-4.975695,0.812146,1.526632,-1.858971,-0.136091,2.274504
1217542698.509289,0.009973,0.799713,0.025876,-0.041013,-0.050437,-0.346479,8.633962,-4.975841,0.811799,1.523926,-1.859173,-0.136062,2.274449
1217542698.609068,0.010792,0.802078,0.028142,-0.037417,-0.049971,-0.336167,8.690705,-4.977934,0.811422,1.521825,-1.859148,-0.136101,2.274497
1217542698.709068,0.011579,0.803491,0.030148,-0.033786,-0.046754,-0.327146,8.744705,-4.979261,0.811274,1.520849,-1.858568,-0.136211,2.274356
1217542698.809069,0.011809,0.804886,0.031873,-0.031323,-0.047994,-0.318521,8.796200,-4.985575,0.810784,1.521743,-1.858675,-0.136157,2.274287
1217542698.909068,0.012034,0.805716,0.033698,-0.027046,-0.047516,-0.310379,8.851512,-4.983512,0.810424,1.519492,-1.858452,-0.136191,2.274333
1217542699.009078,0.012010,0.806145,0.035035,-0.024483,-0.048023,-0.303389,8.900804,-4.988850,0.809984,1.520122,-1.858892,-0.136208,2.274431
1217542699.109076,0.012697,0.808128,0.036174,-0.022132,-0.047233,-0.296782,8.950586,-4.995585,0.809645,1.521330,-1.858900,-0.136271,2.274531
1217542699.209287,0.012570,0.808334,0.037124,-0.020151,-0.047468,-0.291047,8.997014,-5.003602,0.809228,1.523529,-1.858707,-0.136329,2.274586
1217542699.309101,0.012906,0.809810,0.037838,-0.019181,-0.047682,-0.285451,9.041871,-5.016486,0.808806,1.527141,-1.858480,-0.136350,2.274741
1217542699.409290,0.013217,0.811255,0.038616,-0.017973,-0.047869,-0.279616,9.087431,-5.027644,0.808383,1.530236,-1.858184,-0.136243,2.274948
1217542699.509068,0.013577,0.812684,0.039175,-0.017902,-0.047715,-0.274111,9.129326,-5.044099,0.807985,1.535690,-1.858294,-0.136071,2.275073
1217542699.609107,0.013762,0.813904,0.040080,-0.016343,-0.048204,-0.267836,9.175600,-5.052523,0.807532,1.538714,-1.858303,-0.135702,2.275200
1217542699.709068,0.014618,0.816633,0.041042,-0.014039,-0.047707,-0.261430,9.225429,-5.057314,0.807155,1.540857,-1.858243,-0.135284,2.275278
1217542699.809075,0.015757,0.819700,0.042183,-0.009453,-0.045721,-0.255433,9.281197,-5.050736,0.806910,1.539868,-1.857734,-0.134964,2.275239
1217542699.909077,0.016906,0.823458,0.043148,-0.005004,-0.045549,-0.249975,9.337573,-5.045161,0.806522,1.539472,-1.857569,-0.134480,2.275150
1217542700.009091,0.017365,0.825607,0.044218,0.001498,-0.046008,-0.245397,9.396967,-5.028937,0.806080,1.535917,-1.857648,-0.133985,2.275027
1217542700.109288,0.017665,0.827467,0.045332,0.010572,-0.046720,-0.242156,9.461727,-5.000245,0.805611,1.528883,-1.857692,-0.133539,2.274742
1217542700.209101,0.017935,0.829202,0.046035,0.020037,-0.047032,-0.241020,9.526102,-4.970315,0.805169,1.521738,-1.857420,-0.133093,2.274369
1217542700.309331,0.017975,0.829693,0.046650,0.032409,-0.045732,-0.242200,9.593892,-4.925964,0.804866,1.509747,-1.857359,-0.132808,2.274005
1217542700.409068,0.017956,0.829965,0.046595,0.045281,-0.044285,-0.246740,9.660936,-4.880532,0.804588,1.497379,-1.857013,-0.132744,2.273564
1217542700.509159,0.017943,0.830852,0.045638,0.056447,-0.044585,-0.254175,9.724404,-4.844907,0.804164,1.487370,-1.856666,-0.132663,2.273250
1217542700.609068,0.017486,0.830951,0.044191,0.068232,-0.046084,-0.264346,9.787398,-4.807123,0.803629,1.476387,-1.856497,-0.132673,2.272883
1217542700.709068,0.016813,0.830725,0.042091,0.079409,-0.048323,-0.277190,9.847923,-4.773246,0.803011,1.466330,-1.856471,-0.132653,2.272481
1217542700.809068,0.014648,0.825847,0.039396,0.090162,-0.048994,-0.292523,9.900209,-4.740423,0.802519,1.455140,-1.856301,-0.132688,2.272432
1217542700.909068,0.011780,0.818784,0.035806,0.099220,-0.049555,-0.310615,9.945663,-4.715987,0.802032,1.446400,-1.856240,-0.132935,2.272401
1217542701.009101,0.010692,0.815859,0.031452,0.106267,-0.048823,-0.330869,9.991835,-4.702329,0.801649,1.440988,-1.856178,-0.133225,2.272270
1217542701.109073,0.008693,0.810910,0.026802,0.113269,-0.049723,-0.352340,10.035196,-4.688259,0.801123,1.434887,-1.856079,-0.133524,2.272151
1217542701.209283,0.006512,0.805658,0.021261,0.116569,-0.051748,-0.375137,10.072836,-4.691051,0.800483,1.433933,-1.856164,-0.133826,2.272139
1217542701.309068,0.004138,0.800101,0.015543,0.119190,-0.054756,-0.398235,10.109268,-4.695865,0.799730,1.433096,-1.856212,-0.134104,2.272157
1217542701.409291,0.002077,0.794298,0.009613,0.120508,-0.055192,-0.421420,10.142493,-4.704955,0.799186,1.433302,-1.856261,-0.134297,2.272227
1217542701.509068,-0.000150,0.787846,0.003480,0.119972,-0.055563,-0.444169,10.172409,-4.720558,0.798642,1.435473,-1.856048,-0.134342,2.272343
1217542701.609075,-0.001840,0.783077,-0.002735,0.118076,-0.057141,-0.466771,10.203100,-4.741240,0.797976,1.439073,-1.855910,-0.134328,2.272424
1217542701.709074,-0.003904,0.776319,-0.008428,0.117768,-0.056628,-0.487603,10.232415,-4.749647,0.797492,1.438569,-1.856222,-0.134200,2.272584
1217542701.809093,-0.006061,0.769490,-0.014129,0.117645,-0.057108,-0.508667,10.261492,-4.756253,0.796916,1.437199,-1.856348,-0.134316,2.272663
1217542701.909117,-0.007378,0.764048,-0.020216,0.114662,-0.055660,-0.529932,10.288521,-4.773757,0.796515,1.439260,-1.856169,-0.134442,2.272878
1217542702.009070,-0.008605,0.759417,-0.026149,0.111123,-0.056269,-0.550624,10.316127,-4.792522,0.795927,1.441175,-1.856028,-0.134546,2.273114
1217542702.109278,-0.009583,0.755473,-0.032255,0.104906,-0.057427,-0.570821,10.342149,-4.820784,0.795277,1.446403,-1.856078,-0.134635,2.273424
1217542702.209101,-0.011181,0.750064,-0.038070,0.098261,-0.059359,-0.589414,10.365892,-4.848228,0.794540,1.451437,-1.856089,-0.134791,2.273718
1217542702.309290,-0.012103,0.746110,-0.043604,0.091125,-0.060428,-0.607315,10.390071,-4.876562,0.793863,1.456189,-1.855985,-0.135041,2.274063
1217542702.409068,-0.013118,0.741377,-0.049006,0.082193,-0.060418,-0.623651,10.411170,-4.909180,0.793278,1.462649,-1.855997,-0.135313,2.274535
1217542702.509108,-0.013157,0.738852,-0.054133,0.071940,-0.059486,-0.639282,10.432755,-4.946287,0.792778,1.470725,-1.855930,-0.135613,2.274937
1217542702.609068,-0.013923,0.734671,-0.058699,0.060974,-0.059276,-0.651896,10.452721,-4.982225,0.792215,1.478812,-1.855434,-0.135738,2.275426
1217542702.709068,-0.014273,0.731158,-0.062877,0.048704,-0.058478,-0.662880,10.471473,-5.021330,0.791710,1.488446,-1.855602,-0.135859,2.275895
1217542702.809074,-0.014173,0.728979,-0.066449,0.035860,-0.058100,-0.672036,10.490678,-5.061786,0.791167,1.498516,-1.855653,-0.135893,2.276315
1217542702.909069,-0.014258,0.726561,-0.069411,0.022395,-0.058387,-0.678770,10.508831,-5.102651,0.790559,1.509036,-1.855506,-0.135867,2.276739
1217542703.009105,-0.013767,0.725523,-0.071486,0.009923,-0.058023,-0.683193,10.528245,-5.139884,0.790009,1.517424,-1.855319,-0.135798,2.277144
1217542703.109073,-0.012830,0.725755,-0.072903,-0.002683,-0.057715,-0.685629,10.548251,-5.177559,0.789453,1.525742,-1.855171,-0.135640,2.277529
1217542703.209332,-0.011998,0.725867,-0.073604,-0.015352,-0.057759,-0.685364,10.567727,-5.214448,0.788862,1.533987,-1.855262,-0.135301,2.277887
1217542703.309068,-0.011298,0.725986,-0.073297,-0.025276,-0.058104,-0.682320,10.589227,-5.242407,0.788238,1.537712,-1.854872,-0.135115,2.278165
1217542703.409333,-0.010277,0.726482,-0.072597,-0.035682,-0.057166,-0.677679,10.609707,-5.271599,0.787738,1.542589,-1.855004,-0.134921,2.278364
1217542703.509068,-0.009436,0.726851,-0.071311,-0.045449,-0.056970,-0.670977,10.630572,-5.298578,0.787170,1.546558,-1.855097,-0.134762,2.278544
1217542703.609069,-0.009060,0.726750,-0.069481,-0.054594,-0.058665,-0.662312,10.652010,-5.323444,0.786410,1.549641,-1.855149,-0.134637,2.278735
1217542703.709068,-0.009003,0.725640,-0.067130,-0.063032,-0.059510,-0.651590,10.672903,-5.345114,0.785718,1.551883,-1.854793,-0.134546,2.278908
1217542703.809068,-0.009819,0.722103,-0.064385,-0.071427,-0.060228,-0.638943,10.691356,-5.364128,0.785032,1.554322,-1.854600,-0.134450,2.279121
1217542703.909099,-0.009908,0.720231,-0.061235,-0.079293,-0.060559,-0.625205,10.711336,-5.382977,0.784373,1.556452,-1.855148,-0.134445,2.279293
1217542704.009076,-0.010315,0.717361,-0.057606,-0.086298,-0.060210,-0.609748,10.731151,-5.398404,0.783780,1.557774,-1.855036,-0.134443,2.279418
1217542704.109278,-0.010439,0.715600,-0.053673,-0.093128,-0.060844,-0.593367,10.752191,-5.414515,0.783084,1.559328,-1.854799,-0.134465,2.279565
1217542704.209068,-0.010444,0.713906,-0.049509,-0.100343,-0.060774,-0.575981,10.772178,-5.431374,0.782452,1.562143,-1.854561,-0.134443,2.279730
1217542704.309292,-0.011212,0.710432,-0.045065,-0.107845,-0.061633,-0.557488,10.789873,-5.447282,0.781724,1.566191,-1.854490,-0.134344,2.279881
1217542704.409068,-0.011063,0.708936,-0.040117,-0.114415,-0.061147,-0.537263,10.810153,-5.462086,0.781122,1.569376,-1.854335,-0.134151,2.280016
1217542704.509068,-0.011123,0.707351,-0.034734,-0.119690,-0.061968,-0.515691,10.832375,-5.473717,0.780385,1.571284,-1.854179,-0.134024,2.280109
1217542704.609069,-0.011278,0.704855,-0.029168,-0.125288,-0.061118,-0.493029,10.853052,-5.482169,0.779815,1.574461,-1.854150,-0.133786,2.280253
1217542704.709068,-0.011336,0.702846,-0.023032,-0.128603,-0.061000,-0.468660,10.877934,-5.485485,0.779174,1.574824,-1.854035,-0.133560,2.280323
1217542704.809077,-0.010920,0.702043,-0.016656,-0.131084,-0.060590,-0.443379,10.904817,-5.487657,0.778560,1.575070,-1.853707,-0.133265,2.280289
1217542704.909076,-0.011442,0.699800,-0.010007,-0.131754,-0.063341,-0.417673,10.933839,-5.484945,0.777611,1.573164,-1.853635,-0.133104,2.280289
1217542705.009290,-0.012074,0.696219,-0.003196,-0.131166,-0.063236,-0.391802,10.962302,-5.477501,0.776939,1.570177,-1.853562,-0.132910,2.280291
1217542705.109068,-0.012753,0.692259,0.003315,-0.131444,-0.062513,-0.367033,10.987159,-5.471692,0.776334,1.569856,-1.853360,-0.132754,2.280300
1217542705.209292,-0.014207,0.687369,0.009804,-0.131778,-0.065301,-0.342702,11.010797,-5.465994,0.775354,1.570482,-1.853331,-0.132452,2.280377
1217542705.309075,-0.015013,0.683471,0.016355,-0.131235,-0.066182,-0.318067,11.035565,-5.458363,0.774546,1.570590,-1.853432,-0.132178,2.280486
1217542705.409118,-0.016282,0.678426,0.022820,-0.131204,-0.067246,-0.294016,11.056970,-5.450990,0.773707,1.572139,-1.853141,-0.131654,2.280762
1217542705.509127,-0.016543,0.674628,0.029453,-0.129001,-0.064754,-0.269471,11.081668,-5.438521,0.773242,1.571738,-1.853155,-0.131335,2.280811
1217542705.609132,-0.015836,0.673660,0.036229,-0.124530,-0.063221,-0.243905,11.113197,-5.422422,0.772692,1.568928,-1.853168,-0.131093,2.280725
1217542705.709074,-0.015067,0.672753,0.042823,-0.119427,-0.061255,-0.219061,11.144584,-5.404601,0.772204,1.566314,-1.852962,-0.130776,2.280582
1217542705.809069,-0.013884,0.673879,0.049048,-0.114259,-0.061738,-0.194635,11.177827,-5.387822,0.771461,1.564528,-1.852930,-0.130543,2.280508
1217542705.909103,-0.012305,0.676216,0.055122,-0.108231,-0.062169,-0.170319,11.213170,-5.369157,0.770713,1.562458,-1.852810,-0.130207,2.280372
1217542706.009075,-0.011333,0.677031,0.060959,-0.101271,-0.062535,-0.147577,11.247335,-5.347465,0.769969,1.560118,-1.852690,-0.129867,2.280123
1217542706.109336,-0.010225,0.677671,0.066606,-0.092836,-0.061296,-0.125840,11.282505,-5.321538,0.769398,1.555967,-1.852748,-0.129563,2.279957
1217542706.209068,-0.009333,0.678154,0.071926,-0.083098,-0.061150,-0.105559,11.318992,-5.292536,0.768717,1.550655,-1.852896,-0.129363,2.279745
1217542706.309290,-0.008157,0.679905,0.076785,-0.072687,-0.061964,-0.086413,11.357446,-5.262174,0.767924,1.544756,-1.852774,-0.129224,2.279648
1217542706.409068,-0.007369,0.680290,0.080863,-0.063540,-0.061419,-0.070350,11.390097,-5.234189,0.767276,1.541915,-1.852787,-0.129026,2.279548
1217542706.509068,-0.006148,0.681959,0.084544,-0.053560,-0.060952,-0.055330,11.424886,-5.204245,0.766621,1.538481,-1.852710,-0.128895,2.279395
1217542706.609068,-0.004913,0.683790,0.087730,-0.043349,-0.060546,-0.042028,11.459372,-5.173419,0.765962,1.534924,-1.852769,-0.128759,2.279364
1217542706.709068,-0.003561,0.686485,0.090420,-0.032765,-0.061133,-0.030194,11.495153,-5.141706,0.765189,1.531315,-1.852509,-0.128653,2.279318
1217542706.809076,-0.001830,0.689677,0.092320,-0.023513,-0.059780,-0.020689,11.528106,-5.112711,0.764630,1.530285,-1.852522,-0.128560,2.279361
1217542706.909068,-0.000631,0.692210,0.093673,-0.014707,-0.060154,-0.013259,11.559621,-5.084863,0.763887,1.530700,-1.852581,-0.128422,2.279291
1217542707.009278,0.000960,0.696011,0.094746,-0.005347,-0.060803,-0.006540,11.593413,-5.055012,0.763103,1.529809,-1.852917,-0.128152,2.279403
1217542707.109068,0.003308,0.701439,0.095395,0.004853,-0.059512,-0.001251,11.629772,-5.022577,0.762531,1.527815,-1.852652,-0.128095,2.279468
1217542707.209294,0.004820,0.705225,0.095223,0.013019,-0.059310,0.001143,11.661605,-4.995270,0.761849,1.529374,-1.852480,-0.127944,2.279593
1217542707.309088,0.007195,0.710817,0.094771,0.021826,-0.057278,0.002526,11.695958,-4.965694,0.761379,1.530229,-1.852493,-0.127766,2.279562
1217542707.409133,0.009124,0.715204,0.093904,0.029944,-0.054562,0.002043,11.727803,-4.937473,0.761014,1.531806,-1.851993,-0.127305,2.279655
1217542707.509068,0.010561,0.719679,0.092896,0.039295,-0.055621,0.000479,11.762245,-4.906173,0.760234,1.531559,-1.851913,-0.126757,2.279559
1217542707.609068,0.012487,0.725337,0.091620,0.049112,-0.055623,-0.002322,11.798393,-4.872972,0.759563,1.529984,-1.851504,-0.126009,2.279550
1217542707.709076,0.014296,0.730237,0.089817,0.059210,-0.054059,-0.007843,11.833311,-4.839344,0.759076,1.528370,-1.851565,-0.125476,2.279332
1217542707.809068,0.016429,0.736701,0.087947,0.071461,-0.053955,-0.014768,11.872200,-4.799772,0.758431,1.522843,-1.851578,-0.124870,2.279002
1217542707.909322,0.017386,0.740141,0.086061,0.087487,-0.053842,-0.024674,11.909226,-4.750816,0.757791,1.509710,-1.851593,-0.124491,2.278795
1217542708.009071,0.018900,0.745187,0.083021,0.101502,-0.053752,-0.038159,11.946765,-4.707533,0.757145,1.500050,-1.852035,-0.124198,2.278554
1217542708.109289,0.020474,0.750305,0.079070,0.114633,-0.052747,-0.055235,11.983583,-4.667255,0.756608,1.491623,-1.851858,-0.124147,2.278283
1217542708.209068,0.021395,0.753544,0.074310,0.127060,-0.051229,-0.075695,12.017281,-4.629640,0.756148,1.483245,-1.851873,-0.124347,2.278193
1217542708.309110,0.022641,0.758024,0.068598,0.137786,-0.050537,-0.099272,12.052280,-4.597146,0.755603,1.477125,-1.851839,-0.124820,2.278135
1217542708.409068,0.024844,0.764854,0.061806,0.144767,-0.049014,-0.125390,12.089281,-4.574929,0.755160,1.476314,-1.852045,-0.125298,2.278271
1217542708.509068,0.026412,0.770511,0.054252,0.148593,-0.048616,-0.152979,12.124902,-4.561804,0.754600,1.479544,-1.852060,-0.125753,2.278592
1217542708.609075,0.028308,0.777143,0.046378,0.150811,-0.047973,-0.181563,12.161821,-4.553086,0.754073,1.483909,-1.851588,-0.126172,2.279065
1217542708.709068,0.029351,0.782674,0.037952,0.149854,-0.050515,-0.210452,12.198641,-4.553620,0.753162,1.492727,-1.851554,-0.126643,2.279565
1217542708.809103,0.030854,0.788514,0.029474,0.147290,-0.050238,-0.239186,12.235061,-4.558422,0.752563,1.502445,-1.851960,-0.127043,2.280240
1217542708.909073,0.031694,0.792957,0.020971,0.142748,-0.050624,-0.266785,12.270176,-4.568612,0.751888,1.514149,-1.851583,-0.127332,2.280967
1217542709.009343,0.033201,0.799085,0.012439,0.135613,-0.050661,-0.293394,12.307698,-4.585891,0.751246,1.528790,-1.851401,-0.127501,2.281818
1217542709.109068,0.035198,0.806318,0.004330,0.127577,-0.049767,-0.318574,12.346275,-4.605461,0.750716,1.543474,-1.851218,-0.127463,2.282686
1217542709.209288,0.036530,0.811841,-0.003244,0.119094,-0.048673,-0.341330,12.382369,-4.625751,0.750225,1.557699,-1.850640,-0.127222,2.283489
1217542709.309068,0.038580,0.819265,-0.010224,0.110425,-0.047408,-0.362442,12.421043,-4.643902,0.749762,1.570765,-1.850705,-0.126779,2.284310
1217542709.409068,0.040615,0.826784,-0.016776,0.101042,-0.046299,-0.381784,12.459574,-4.664274,0.749292,1.584508,-1.851117,-0.126270,2.284961
1217542709.509068,0.042190,0.833054,-0.022405,0.093381,-0.044404,-0.399030,12.495237,-4.678990,0.748940,1.593866,-1.850783,-0.125618,2.285558
1217542709.609068,0.042998,0.838079,-0.027410,0.086391,-0.044604,-0.414323,12.529306,-4.691255,0.748348,1.601188,-1.850749,-0.124841,2.286060
1217542709.709074,0.043971,0.843761,-0.031715,0.081265,-0.044798,-0.429323,12.563077,-4.698650,0.747754,1.604862,-1.850163,-0.124101,2.286309
1217542709.809076,0.043998,0.847364,-0.035561,0.076895,-0.046181,-0.442777,12.594007,-4.703165,0.747006,1.606692,-1.850230,-0.123307,2.286431
1217542709.909275,0.043974,0.850477,-0.038790,0.074975,-0.046134,-0.456260,12.623501,-4.699865,0.746421,1.603356,-1.850348,-0.122666,2.286454
1217542710.009070,0.042578,0.850856,-0.041732,0.074160,-0.048861,-0.468979,12.650046,-4.692229,0.745484,1.597265,-1.850973,-0.122120,2.286471
1217542710.109288,0.042472,0.853396,-0.044582,0.074149,-0.047838,-0.483427,12.677106,-4.684107,0.744987,1.589527,-1.851193,-0.121816,2.286367
1217542710.209068,0.042513,0.855880,-0.047560,0.073899,-0.045700,-0.498445,12.703199,-4.677332,0.744646,1.581356,-1.851209,-0.121813,2.286380
1217542710.309068,0.042972,0.859724,-0.050813,0.072402,-0.044468,-0.514332,12.730589,-4.676384,0.744213,1.575536,-1.851123,-0.122025,2.286287
1217542710.409068,0.044262,0.865844,-0.054188,0.069786,-0.043407,-0.530848,12.760053,-4.681085,0.743766,1.570757,-1.851139,-0.122342,2.286348
1217542710.509129,0.045497,0.871784,-0.057626,0.066118,-0.042164,-0.546781,12.788648,-4.689570,0.743356,1.567071,-1.851309,-0.122805,2.286509
1217542710.609077,0.045829,0.875272,-0.061203,0.060700,-0.040765,-0.560803,12.813792,-4.702261,0.742989,1.566232,-1.850862,-0.123441,2.286674
1217542710.709075,0.045980,0.879258,-0.064915,0.052447,-0.042631,-0.573010,12.839528,-4.724535,0.742206,1.569645,-1.851603,-0.124011,2.287028
1217542710.809282,0.045645,0.881846,-0.068358,0.042737,-0.043965,-0.582267,12.862938,-4.750016,0.741474,1.574972,-1.851361,-0.124457,2.287449
1217542710.909074,0.045089,0.883513,-0.071736,0.030046,-0.044792,-0.587986,12.883652,-4.783886,0.740787,1.585563,-1.851742,-0.124797,2.287884
1217542711.009332,0.043872,0.883403,-0.074325,0.017585,-0.045520,-0.590147,12.902276,-4.814663,0.740109,1.595011,-1.851290,-0.124958,2.288312
1217542711.109109,0.042809,0.883255,-0.076149,0.005759,-0.045215,-0.589862,12.920366,-4.842643,0.739555,1.602767,-1.850890,-0.125097,2.288709
1217542711.209116,0.041601,0.882731,-0.077573,-0.007250,-0.045542,-0.586686,12.937004,-4.873673,0.738916,1.612287,-1.851327,-0.125261,2.289176
1217542711.309068,0.040554,0.882204,-0.078344,-0.020798,-0.044898,-0.580196,12.952802,-4.905415,0.738402,1.622293,-1.851398,-0.125231,2.289710
1217542711.409068,0.038644,0.879686,-0.078366,-0.034135,-0.045566,-0.570333,12.966939,-4.934178,0.737724,1.632296,-1.851363,-0.125089,2.290084
1217542711.509074,0.037558,0.878843,-0.077382,-0.045527,-0.044919,-0.558626,12.984044,-4.957254,0.737210,1.638801,-1.850905,-0.124859,2.290328
1217542711.609069,0.035917,0.876726,-0.075518,-0.055272,-0.045271,-0.544397,13.002256,-4.972909,0.736570,1.641921,-1.850605,-0.124494,2.290624
1217542711.709103,0.033764,0.873084,-0.073172,-0.064676,-0.045859,-0.528149,13.019253,-4.985902,0.735892,1.645255,-1.850891,-0.124165,2.290778
1217542711.809073,0.031829,0.869844,-0.070184,-0.072849,-0.046374,-0.510365,13.038332,-4.994692,0.735214,1.646444,-1.850963,-0.123808,2.290955
1217542711.909329,0.029312,0.864879,-0.066942,-0.081249,-0.047112,-0.491081,13.055007,-5.002873,0.734500,1.649075,-1.851303,-0.123594,2.291033
1217542712.009112,0.027547,0.861743,-0.063093,-0.088353,-0.047768,-0.470567,13.075494,-5.007964,0.733781,1.649572,-1.851376,-0.123310,2.291139
1217542712.109290,0.025482,0.857648,-0.058801,-0.094360,-0.048337,-0.448932,13.096685,-5.008300,0.733065,1.648659,-1.850911,-0.123108,2.291235
1217542712.209069,0.023434,0.853395,-0.054198,-0.099959,-0.049125,-0.426243,13.118124,-5.007176,0.732308,1.648063,-1.851254,-0.122860,2.291240
1217542712.309068,0.021353,0.848867,-0.049063,-0.103303,-0.049812,-0.402991,13.143304,-4.997730,0.731553,1.643854,-1.851165,-0.122747,2.291249
1217542712.409069,0.019592,0.844958,-0.043918,-0.107023,-0.050407,-0.379342,13.167559,-4.990770,0.730797,1.641825,-1.851292,-0.122654,2.291131
1217542712.509068,0.017295,0.839655,-0.038579,-0.110166,-0.051539,-0.355259,13.191130,-4.980900,0.729960,1.639642,-1.850985,-0.122593,2.291010
1217542712.609074,0.015653,0.835374,-0.033007,-0.112235,-0.051277,-0.330689,13.216978,-4.967732,0.729294,1.636219,-1.851114,-0.122611,2.290926
1217542712.709075,0.013683,0.830707,-0.027385,-0.114947,-0.052908,-0.305293,13.240896,-4.956889,0.728368,1.634269,-1.851407,-0.122328,2.291061
1217542712.809309,0.011750,0.825760,-0.021667,-0.117433,-0.053707,-0.279589,13.263696,-4.945327,0.727533,1.633349,-1.850988,-0.122032,2.291074
1217542712.909068,0.010966,0.823125,-0.015671,-0.118745,-0.052856,-0.252791,13.290511,-4.930429,0.726908,1.631197,-1.850897,-0.121657,2.291078
1217542713.009289,0.009787,0.819477,-0.009253,-0.117294,-0.052723,-0.225804,13.322328,-4.904343,0.726195,1.625652,-1.850971,-0.121304,2.290816
1217542713.109068,0.008452,0.815316,-0.003030,-0.116067,-0.052908,-0.199126,13.352189,-4.876707,0.725438,1.621850,-1.851488,-0.120970,2.290516
1217542713.209068,0.008410,0.814395,0.003353,-0.113033,-0.052471,-0.171635,13.389183,-4.843757,0.724757,1.615949,-1.851174,-0.120643,2.290134
1217542713.309068,0.008627,0.814003,0.009665,-0.108976,-0.051779,-0.144390,13.427981,-4.806977,0.724114,1.609103,-1.851192,-0.120354,2.289800
1217542713.409069,0.009328,0.814738,0.015738,-0.104610,-0.050558,-0.117640,13.467082,-4.769755,0.723551,1.603086,-1.851155,-0.120090,2.289391
1217542713.509076,0.010345,0.816687,0.021727,-0.098821,-0.050434,-0.091105,13.510265,-4.727401,0.722846,1.595678,-1.851564,-0.119910,2.288912
1217542713.609076,0.010493,0.816775,0.027318,-0.092916,-0.051248,-0.066605,13.550002,-4.684614,0.722012,1.589107,-1.851414,-0.119876,2.288460
1217542713.709285,0.011322,0.818053,0.032768,-0.085694,-0.050099,-0.042373,13.592722,-4.635989,0.721442,1.580594,-1.850871,-0.119885,2.288139
1217542713.809101,0.012089,0.819049,0.037614,-0.079366,-0.048469,-0.020302,13.630484,-4.591674,0.720956,1.574674,-1.850495,-0.119987,2.287881
1217542713.909333,0.012149,0.819044,0.042100,-0.072904,-0.049524,0.000033,13.666353,-4.547408,0.720109,1.569591,-1.851022,-0.120118,2.287567
1217542714.009071,0.011449,0.816587,0.046046,-0.067436,-0.049180,0.017589,13.694408,-4.507524,0.719452,1.566934,-1.851098,-0.120263,2.287365
1217542714.109118,0.010426,0.813769,0.049610,-0.062480,-0.050430,0.033712,13.719708,-4.470531,0.718569,1.565568,-1.851401,-0.120389,2.287302
1217542714.209068,0.009978,0.812451,0.053021,-0.056733,-0.051531,0.049723,13.747718,-4.430088,0.717684,1.563330,-1.851306,-0.120557,2.287244
1217542714.309068,0.009684,0.810609,0.055920,-0.052121,-0.049992,0.063690,13.770178,-4.394845,0.717163,1.563511,-1.851382,-0.120741,2.287330
1217542714.409068,0.008696,0.807836,0.058412,-0.048747,-0.051129,0.075988,13.788357,-4.366162,0.716278,1.566579,-1.851516,-0.120775,2.287432
1217542714.509067,0.007158,0.803746,0.060703,-0.045590,-0.052732,0.087180,13.803935,-4.338700,0.715309,1.570225,-1.851249,-0.120759,2.287630
1217542714.609098,0.006364,0.801309,0.062666,-0.043933,-0.053514,0.097979,13.817654,-4.317949,0.714429,1.576687,-1.851441,-0.120509,2.287988
1217542714.709073,0.004721,0.796440,0.064531,-0.042642,-0.053865,0.107696,13.827210,-4.299126,0.713605,1.584144,-1.851001,-0.120084,2.288360
1217542714.809280,0.003256,0.791812,0.066403,-0.041305,-0.054164,0.117640,13.836837,-4.279767,0.712779,1.592107,-1.851483,-0.119448,2.288646
1217542714.909068,0.002870,0.789408,0.068692,-0.037397,-0.052881,0.129876,13.853040,-4.246390,0.712174,1.595613,-1.851676,-0.118680,2.288874
1217542715.009289,0.001521,0.785187,0.071024,-0.031982,-0.053924,0.141729,13.869478,-4.206287,0.711248,1.596983,-1.851463,-0.117886,2.288992
1217542715.109068,0.001217,0.783010,0.073156,-0.025981,-0.052977,0.153345,13.887996,-4.162758,0.710593,1.598080,-1.851250,-0.117095,2.288993
1217542715.209068,-0.000028,0.779041,0.075245,-0.018542,-0.054312,0.164309,13.905922,-4.112885,0.709616,1.597127,-1.851095,-0.116194,2.288888
1217542715.309068,-0.000459,0.776873,0.077314,-0.008972,-0.054865,0.175647,13.927193,-4.051770,0.708728,1.592615,-1.851466,-0.115278,2.288748
1217542715.409068,-0.001297,0.773496,0.079255,0.003192,-0.055023,0.185972,13.948043,-3.978738,0.707891,1.584117,-1.851134,-0.114520,2.288430
1217542715.509115,-0.001926,0.770363,0.080601,0.016262,-0.054536,0.193888,13.968236,-3.902053,0.707146,1.574623,-1.851095,-0.114062,2.288028
1217542715.609088,-0.002888,0.766733,0.081351,0.030217,-0.055349,0.199390,13.987264,-3.821913,0.706212,1.563544,-1.851116,-0.113823,2.287708
1217542715.709274,-0.003504,0.763531,0.081102,0.043260,-0.054811,0.201036,14.004779,-3.747021,0.705465,1.554357,-1.851018,-0.113945,2.287438
1217542715.809101,-0.004095,0.761096,0.079928,0.054872,-0.056211,0.199454,14.022474,-3.679238,0.704430,1.547480,-1.850742,-0.114174,2.287333
1217542715.909296,-0.004602,0.759008,0.077649,0.063478,-0.058058,0.193845,14.039841,-3.626057,0.703304,1.545614,-1.851118,-0.114487,2.287437
1217542716.009070,-0.004685,0.757037,0.074731,0.070598,-0.056864,0.185737,14.056188,-3.579609,0.702606,1.546356,-1.851138,-0.114743,2.287486
1217542716.109107,-0.005180,0.754740,0.071260,0.076276,-0.057996,0.175758,14.073106,-3.539403,0.701573,1.549057,-1.851337,-0.114987,2.287640
1217542716.209068,-0.004439,0.754784,0.067468,0.081156,-0.056195,0.164765,14.092281,-3.500852,0.700959,1.552500,-1.851177,-0.115103,2.287847
1217542716.309068,-0.004561,0.753105,0.063258,0.084750,-0.056166,0.152301,14.110588,-3.467877,0.700106,1.557214,-1.851197,-0.115253,2.288240
1217542716.409074,-0.004750,0.751556,0.058551,0.086173,-0.057073,0.138297,14.131023,-3.443575,0.699108,1.564841,-1.851276,-0.115426,2.288814
1217542716.509068,-0.004803,0.750249,0.053690,0.086452,-0.057552,0.123966,14.152715,-3.422712,0.698158,1.573551,-1.851116,-0.115468,2.289474
1217542716.609103,-0.004543,0.749532,0.048717,0.085429,-0.057350,0.109427,14.176210,-3.405830,0.697302,1.583857,-1.851075,-0.115335,2.290131
1217542716.709073,-0.004985,0.747168,0.043884,0.084303,-0.057780,0.095733,14.197958,-3.388098,0.696353,1.593464,-1.850733,-0.115088,2.290777
1217542716.809350,-0.005545,0.744704,0.039097,0.082499,-0.059088,0.082535,14.220464,-3.371539,0.695261,1.603505,-1.850935,-0.114716,2.291414
1217542716.909068,-0.005966,0.742252,0.034564,0.081269,-0.059290,0.070394,14.241742,-3.350670,0.694316,1.611720,-1.850713,-0.114326,2.291998
1217542717.009122,-0.006410,0.739688,0.030081,0.079558,-0.059462,0.058717,14.263126,-3.330212,0.693370,1.619816,-1.850368,-0.113898,2.292660
1217542717.109067,-0.006712,0.738061,0.025627,0.076861,-0.061488,0.047366,14.287192,-3.311944,0.692130,1.628874,-1.850633,-0.113297,2.293356
1217542717.209074,-0.007704,0.734345,0.021234,0.073410,-0.062925,0.036836,14.309029,-3.295856,0.690951,1.638948,-1.850899,-0.112655,2.293908
1217542717.309074,-0.007947,0.731216,0.017462,0.072836,-0.060128,0.028056,14.325266,-3.266459,0.690407,1.643237,-1.850368,-0.112286,2.294278
1217542717.409093,-0.008084,0.728965,0.013649,0.071924,-0.059560,0.019131,14.343052,-3.237111,0.689554,1.647528,-1.850635,-0.112053,2.294650
1217542717.509132,-0.008005,0.727649,0.009781,0.070562,-0.060002,0.009983,14.362418,-3.208282,0.688547,1.651798,-1.850717,-0.111997,2.295111
1217542717.609068,-0.007245,0.728013,0.005754,0.066895,-0.060088,0.000400,14.386724,-3.187090,0.687583,1.659252,-1.850799,-0.111570,2.295740
1217542717.709282,-0.006936,0.726589,0.002022,0.064320,-0.058277,-0.007958,14.405501,-3.161174,0.686918,1.664986,-1.850448,-0.111433,2.295968
1217542717.809068,-0.006628,0.725669,-0.001485,0.062138,-0.057943,-0.015631,14.423832,-3.132577,0.686046,1.668851,-1.850159,-0.111357,2.296362
1217542717.909288,-0.006172,0.725743,-0.005173,0.057688,-0.059528,-0.023597,14.446928,-3.111228,0.684870,1.675948,-1.850428,-0.111082,2.296924
1217542718.009070,-0.005632,0.725335,-0.008391,0.054691,-0.058725,-0.030165,14.465357,-3.084075,0.684048,1.680620,-1.850324,-0.110884,2.297080
1217542718.109068,-0.004929,0.724891,-0.011221,0.053026,-0.056465,-0.035633,14.480158,-3.051466,0.683468,1.681700,-1.850158,-0.110805,2.297402
1217542718.209069,-0.004192,0.724771,-0.014382,0.049136,-0.055115,-0.041762,14.498312,-3.026149,0.682777,1.686795,-1.850116,-0.110830,2.297635
1217542718.309068,-0.003519,0.725143,-0.017005,0.046788,-0.055497,-0.046566,14.514438,-2.994878,0.681829,1.688189,-1.850387,-0.110758,2.297901
1217542718.409076,-0.002403,0.726716,-0.019635,0.044006,-0.055527,-0.051569,14.532028,-2.964717,0.680925,1.689503,-1.850093,-0.110906,2.298344
1217542718.509075,-0.002010,0.726791,-0.022193,0.040544,-0.056787,-0.055726,14.548336,-2.936250,0.679825,1.691870,-1.850303,-0.110963,2.298682
1217542718.609281,-0.001561,0.726321,-0.024835,0.035716,-0.056013,-0.059173,14.564684,-2.908643,0.679032,1.696413,-1.850261,-0.111139,2.299006
1217542718.709101,-0.001933,0.724814,-0.027398,0.029931,-0.058442,-0.061714,14.581204,-2.883067,0.677735,1.701903,-1.849903,-0.111395,2.299487
1217542718.809287,-0.000821,0.725851,-0.029699,0.023649,-0.056843,-0.063683,14.599363,-2.858808,0.677040,1.707604,-1.849987,-0.111563,2.300046
1217542718.909068,0.000051,0.726672,-0.031873,0.016167,-0.056379,-0.064644,14.618123,-2.837501,0.676187,1.715333,-1.850008,-0.111718,2.300540
1217542719.009114,0.001234,0.727873,-0.033809,0.007277,-0.054418,-0.064105,14.637548,-2.819501,0.675582,1.724912,-1.849456,-0.111636,2.301181
1217542719.109068,0.002973,0.731204,-0.035308,-0.001974,-0.054280,-0.062321,14.659789,-2.802314,0.674705,1.735150,-1.849796,-0.111420,2.301668
1217542719.209069,0.004983,0.734869,-0.035957,-0.009608,-0.052294,-0.057990,14.679821,-2.779737,0.674129,1.741939,-1.849241,-0.110968,2.302122
1217542719.309292,0.006743,0.738276,-0.036010,-0.015807,-0.051182,-0.051902,14.698046,-2.752587,0.673443,1.746085,-1.849005,-0.110629,2.302467
1217542719.409068,0.008455,0.742382,-0.035593,-0.021311,-0.052086,-0.044429,14.717138,-2.723242,0.672442,1.748723,-1.849283,-0.110167,2.302838
1217542719.509103,0.009434,0.744901,-0.034910,-0.026871,-0.053488,-0.035421,14.734262,-2.693112,0.671347,1.751113,-1.849047,-0.109703,2.303363
1217542719.609073,0.010019,0.746204,-0.033955,-0.032078,-0.054388,-0.025182,14.749046,-2.661396,0.670311,1.753333,-1.849649,-0.109376,2.303736
1217542719.709332,0.010182,0.746129,-0.032859,-0.037629,-0.054233,-0.013913,14.761530,-2.630018,0.669438,1.757154,-1.849154,-0.109129,2.303821
1217542719.809068,0.010307,0.745412,-0.031201,-0.041690,-0.052534,-0.001070,14.771831,-2.593932,0.668824,1.758349,-1.848335,-0.108768,2.303843
1217542719.909327,0.010172,0.745099,-0.029244,-0.045093,-0.054470,0.012440,14.783386,-2.556053,0.667631,1.758767,-1.849201,-0.108367,2.303768
1217542720.009070,0.010926,0.746022,-0.027005,-0.047814,-0.052747,0.026785,14.795112,-2.516079,0.667008,1.757829,-1.848898,-0.107926,2.303817
1217542720.109068,0.011485,0.746713,-0.024495,-0.049799,-0.051862,0.041846,14.806601,-2.473870,0.666275,1.756176,-1.848595,-0.107354,2.303723
1217542720.209068,0.012588,0.748906,-0.021544,-0.049406,-0.051098,0.057231,14.819911,-2.425754,0.665530,1.750988,-1.848617,-0.106858,2.303364
1217542720.309108,0.013748,0.751233,-0.018439,-0.047723,-0.050121,0.072620,14.833386,-2.374200,0.664831,1.744125,-1.848640,-0.106374,2.302874
1217542720.409074,0.015002,0.755305,-0.015034,-0.043703,-0.053017,0.087773,14.851138,-2.316987,0.663493,1.733262,-1.848727,-0.105827,2.302354
1217542720.509123,0.016034,0.757670,-0.011829,-0.038489,-0.052420,0.101773,14.865599,-2.256425,0.662696,1.721062,-1.848749,-0.105743,2.301722
1217542720.609273,0.015842,0.757494,-0.009193,-0.034708,-0.053749,0.114442,14.876981,-2.199558,0.661591,1.712718,-1.848509,-0.105670,2.300921
1217542720.709068,0.016178,0.758163,-0.006273,-0.027769,-0.053664,0.126391,14.889914,-2.134483,0.660696,1.698779,-1.848862,-0.105732,2.300057
1217542720.809313,0.016139,0.758325,-0.003644,-0.020096,-0.054833,0.136749,14.902923,-2.067777,0.659591,1.684100,-1.848687,-0.105888,2.299131