
1217542679.809103,-0.140542,2.276780,1.053711,1.369824,-11.590820,-0.000132,0.000170,0.000000,0.000000,0.000000,10S
1217542679.909074,-0.140542,2.276780,1.053711,1.264453,-11.801563,-0.000132,0.000170,0.000000,0.000000,0.000000,10S
1217542680.009344,-0.112434,2.276780,0.737598,1.685938,-11.590820,-0.000132,0.000170,0.000000,0.000000,0.000000,10S
1217542680.109068,-0.168650,2.276780,0.948340,1.264453,-11.801563,-0.000132,0.000170,0.000000,0.000000,0.000000,10S
1217542680.209291,-0.168650,2.248672,0.737598,1.475195,-11.906934,-0.000132,0.000170,0.000000,0.000000,0.000000,10S
1217542680.309068,-0.140542,2.276780,1.053711,1.264453,-11.485449,-0.000132,0.000170,0.000000,0.000000,0.000000,10S
1217542680.409068,-0.168650,2.276780,1.053711,1.264453,-11.696191,-0.000132,0.000170,0.000000,0.000000,0.000000,10S
1217542680.509105,-0.140542,2.304889,0.948340,1.369824,-11.801563,-0.000132,0.000170,0.000000,0.000000,0.000000,10S
1217542680.609068,-0.112434,2.276780,0.842969,1.580566,-11.590820,-0.000132,0.000170,0.000000,0.000000,0.000000,10S
1217542680.709074,-0.140542,2.276780,0.948340,1.475195,-11.485449,-0.000132,0.000170,0.000000,0.000000,0.000000,10S
1217542680.809076,-0.140542,2.276780,0.737598,1.685938,-11.696191,-0.000132,0.000170,0.000000,0.000000,0.000000,10S
1217542680.909278,-0.140542,2.304889,1.053711,1.264453,-11.590820,-0.000132,0.000170,0.000000,0.000000,0.000000,10S
1217542681.009070,-0.168650,2.248672,0.842969,1.580566,-11.801563,-0.000132,0.000170,0.000000,0.000000,0.000000,10S
1217542681.109290,-0.112434,2.276780,0.737598,1.580566,-11.696191,-0.000132,0.000170,0.000000,0.000000,0.000000,10S
1217542681.209068,-0.112434,2.304889,0.842969,1.475195,-11.590820,-0.000132,0.000170,0.000000,0.000000,0.000000,10S
1217542681.309074,-0.196759,2.276780,0.105371,1.580566,-11.696191,-0.000132,0.000170,0.000000,0.000000,0.147300,10S
1217542681.409068,-0.084325,2.304889,-1.580566,1.369824,-12.644531,-0.000132,0.000170,0.000000,0.000000,0.540100,10S
1217542681.509068,-0.056217,2.276780,-2.950391,1.791309,-11.906934,-0.000132,0.000170,0.000000,0.000000,1.129300,10S
1217542681.609076,-0.028108,2.304889,-4.214844,1.791309,-11.274707,-0.000132,0.000170,0.000000,0.000000,1.522100,10S
1217542681.709076,-0.028108,2.361105,-5.584668,1.580566,-10.537109,-0.000132,0.000170,0.000000,0.000000,1.571200,10S
1217542681.809296,-0.028108,2.304889,-5.795410,1.685938,-10.010254,-0.000132,0.000170,0.000000,0.000000,1.276600,10S
1217542681.909101,0.056217,2.417322,-6.427637,1.791309,-9.799512,-0.000132,0.000170,0.000000,0.000000,0.883800,10S
1217542682.009330,0.056217,2.417322,-5.900781,1.791309,-9.904883,-0.000132,0.000170,0.000000,0.000000,0.638300,10S
1217542682.109068,0.140542,2.389214,-6.111523,1.791309,-10.115625,-0.000132,0.000170,0.000000,0.000000,0.343700,10S
1217542682.209114,0.112434,2.529756,-5.690039,1.791309,-9.904883,-0.000132,0.000170,0.000000,0.000000,0.294600,10S
1217542682.309068,0.112434,2.473539,-5.690039,1.475195,-10.220996,-0.000132,0.000170,0.000000,0.000000,0.245500,10S
1217542682.409068,0.140542,2.445431,-5.163184,1.580566,-10.642480,-0.000132,0.000170,0.000000,0.000000,0.294600,10S
1217542682.509074,0.140542,2.248672,-4.214844,1.475195,-11.063965,-0.000132,0.000170,0.000000,0.000000,0.392800,10S
1217542682.609069,0.112434,2.276780,-3.582617,0.948340,-10.642480,-0.000132,0.000170,0.000000,0.000000,0.589200,10S
1217542682.709103,0.084325,2.220563,-3.266504,0.632227,-11.696191,-0.000132,0.000170,0.000000,0.000000,0.785600,10S
1217542682.809073,0.056217,2.248672,-2.634277,0.526855,-11.169336,-0.000132,0.000170,0.000000,0.000000,0.932900,10S
1217542682.909338,-0.028108,2.276780,-2.423535,0.316113,-11.274707,-0.000132,0.000170,0.000000,0.000000,1.129300,10S
1217542683.009070,-0.084325,2.276780,-2.845020,0.526855,-11.485449,-0.000132,0.000170,0.000000,0.000000,1.325700,10S
1217542683.109288,-0.196759,2.332997,-3.055762,0.632227,-11.169336,-0.000132,0.000170,0.000000,0.000000,1.325700,10S
1217542683.209074,-0.224867,2.304889,-3.161133,0.948340,-10.958594,-0.000132,0.000170,0.000000,0.000000,1.423900,10S
1217542683.309074,-0.168650,2.304889,-3.582617,1.264453,-11.063965,-0.000132,0.000170,0.000000,0.000000,1.473000,10S
1217542683.409074,-0.140542,2.332997,-2.950391,1.369824,-11.590820,-0.000132,0.000170,0.000000,0.000000,1.423900,10S
1217542683.509088,0.056217,2.389214,-2.950391,1.369824,-11.906934,-0.000132,0.000170,0.000000,0.000000,1.522100,10S
1217542683.609113,-0.140542,2.304889,-2.739648,1.369824,-11.169336,-0.000132,0.000170,0.000000,0.000000,1.473000,10S
1217542683.709068,-0.112434,2.389214,-2.423535,1.159082,-11.801563,-0.000132,0.000170,0.000000,0.000000,1.571200,10S
1217542683.809270,-0.252976,2.473539,-2.739648,1.053711,-11.063965,-0.000132,0.000170,0.000000,0.000000,1.571200,10S
1217542683.909068,-0.224867,2.557864,-2.423535,1.896680,-11.590820,-0.000132,0.000170,0.000000,0.000000,1.767600,10S
1217542684.009299,-0.337301,2.445431,-2.107422,1.475195,-11.380078,-0.000132,0.000170,0.000000,0.000000,1.767600,10S
1217542684.109068,-0.477843,2.473539,-1.791309,1.791309,-11.801563,-0.001348,0.185346,0.000000,0.000000,1.767600,10S
1217542684.209076,-0.477843,2.557864,-1.791309,2.212793,-10.747852,-0.001348,0.185346,0.000000,0.000000,1.914900,10S
1217542684.309074,-0.505951,2.754623,-1.791309,3.161133,-11.696191,-0.001348,0.185346,0.000000,0.000000,1.914900,10S
1217542684.409074,-0.281084,2.754623,-1.791309,3.687988,-10.642480,-0.001348,0.185346,0.000000,0.000000,2.013100,10S
1217542684.509076,-0.224867,2.754623,-1.580566,3.793359,-10.747852,-0.001348,0.185346,0.000000,0.000000,2.013100,10S
1217542684.609076,-0.056217,2.754623,-2.002051,3.898730,-10.747852,-0.001348,0.185346,0.000000,0.000000,2.013100,10S
1217542684.709291,0.224867,2.670298,-1.685938,4.530957,-11.485449,-0.001348,0.185346,0.000000,0.000000,2.013100,10S
1217542684.809068,0.168650,2.614081,-1.264453,3.161133,-10.958594,-0.001348,0.185346,0.000000,0.000000,2.013100,10S
1217542684.909331,0.252976,2.698406,-1.475195,2.739648,-11.274707,-0.001348,0.185346,0.000000,0.000000,2.111300,10S
1217542685.009070,0.281084,2.698406,-1.369824,2.950391,-11.906934,-0.001348,0.185346,0.000000,0.000000,2.111300,10S
1217542685.109118,0.365409,2.585973,-1.475195,3.055762,-12.433789,-0.001348,0.185346,0.000000,0.000000,2.111300,10S
1217542685.209076,0.365409,2.501647,-1.685938,2.212793,-10.853223,-0.001348,0.185346,0.000000,0.000000,2.062200,10S
1217542685.309076,0.393518,2.417322,-1.475195,2.318164,-11.485449,-0.001348,0.185346,0.000000,0.000000,2.160400,10S
1217542685.409115,0.365409,2.248672,-1.475195,1.580566,-12.749902,-0.001348,0.185346,0.000000,0.000000,2.160400,10S
1217542685.509123,0.393518,2.248672,-1.580566,0.632227,-11.063965,-0.001348,0.185346,0.000000,0.000000,2.160400,10S
1217542685.609103,0.309192,2.220563,-1.053711,0.737598,-10.853223,-0.001348,0.185346,0.000000,0.000000,2.111300,10S
1217542685.709068,0.196759,1.939479,-1.475195,0.632227,-10.747852,-0.001348,0.185346,0.000000,0.000000,2.111300,10S
1217542685.809333,0.281084,1.883263,-1.159082,-0.210742,-13.171387,-0.001348,0.185346,0.000000,0.000000,2.209500,10S
1217542685.909068,0.168650,1.855154,-1.264453,-1.159082,-11.063965,-0.001348,0.185346,0.000000,0.000000,2.209500,10S
1217542686.009299,0.084325,1.855154,-0.948340,-1.685938,-11.380078,-0.001348,0.185346,0.000000,0.000000,2.209500,10S
1217542686.109075,-0.140542,1.827046,-1.369824,-1.053711,-11.590820,-0.001348,0.185346,0.000000,0.000000,2.209500,10S
1217542686.209093,-0.168650,1.827046,-1.791309,-0.948340,-11.169336,-0.001348,0.185346,0.000000,0.000000,2.307700,10S
1217542686.309068,-0.281084,1.827046,-1.475195,-0.842969,-11.906934,-0.001348,0.185346,0.000000,0.000000,2.356800,10S
1217542686.409068,-0.393518,1.827046,-1.264453,-0.632227,-11.063965,-0.001348,0.185346,0.000000,0.000000,2.307700,10S
1217542686.509074,-0.421626,1.798938,-2.423535,-0.526855,-12.328418,-0.001348,0.185346,0.000000,0.000000,2.258600,10S
1217542686.609075,-0.449734,1.939479,-1.159082,0.105371,-11.696191,-0.001348,0.185346,0.000000,0.000000,2.258600,10S
1217542686.709279,-0.281084,2.023805,-1.159082,0.632227,-12.223047,-0.001348,0.185346,0.000000,0.000000,2.160400,10S
1217542686.809068,-0.140542,1.995696,-2.002051,0.737598,-12.012305,-0.001348,0.185346,0.000000,0.000000,2.160400,10S
1217542686.909291,0.000000,1.995696,-1.685938,0.842969,-11.274707,-0.001348,0.185346,0.000000,0.000000,2.160400,10S
1217542687.009078,0.196759,2.220563,-1.475195,1.369824,-11.801563,-0.001348,0.185346,0.000000,0.000000,2.160400,10S
1217542687.109094,0.421626,2.501647,-1.896680,0.948340,-13.487500,-0.001348,0.185346,0.000000,0.000000,2.209500,10S
1217542687.209278,0.196759,2.164347,-1.791309,0.105371,-12.644531,-0.001348,0.185346,0.000000,0.000000,2.209500,10S
1217542687.309068,-0.140542,2.108130,-1.475195,-0.632227,-11.696191,-0.001348,0.185346,0.000000,0.000000,2.209500,10S
1217542687.409074,-0.309192,2.248672,-1.685938,-0.105371,-11.380078,-0.001348,0.185346,0.000000,0.000000,2.258600,10S
1217542687.509068,-0.365409,2.192455,-1.369824,0.105371,-11.485449,-0.001348,0.185346,0.000000,0.000000,2.209500,10S
1217542687.609287,-0.534060,2.304889,-1.896680,0.526855,-11.906934,-0.001348,0.185346,0.000000,0.000000,2.111300,10S
1217542687.709068,-0.562168,2.445431,-2.423535,1.264453,-11.801563,-0.001348,0.185346,0.000000,0.000000,2.062200,10S
1217542687.809328,-0.702710,2.585973,-2.212793,1.685938,-10.431738,0.145707,0.186311,0.000000,0.000000,1.964000,10S
1217542687.909075,-0.758927,2.698406,-3.055762,2.212793,-11.274707,0.145707,0.186311,0.000000,0.000000,1.914900,10S
1217542688.009124,-0.730818,2.867057,-2.528906,3.477246,-10.853223,0.145707,0.186311,0.000000,0.000000,1.865800,10S
1217542688.109090,-0.702710,2.895165,-2.423535,4.636328,-11.169336,0.145707,0.186311,0.000000,0.000000,1.767600,10S
1217542688.209102,-0.562168,2.951382,-1.369824,4.952441,-10.642480,0.145707,0.186311,0.000000,0.000000,1.865800,10S
1217542688.309068,-0.281084,3.063815,-1.369824,6.006152,-10.958594,0.145707,0.186311,0.000000,0.000000,1.914900,10S
1217542688.409069,0.000000,3.007599,-1.685938,6.216895,-11.063965,0.145707,0.186311,0.000000,0.000000,1.964000,10S
1217542688.509103,0.196759,2.923273,-1.685938,5.690039,-10.220996,0.145707,0.186311,0.000000,0.000000,2.013100,10S
1217542688.609068,0.421626,2.923273,-1.896680,5.373926,-10.431738,0.145707,0.186311,0.000000,0.000000,2.111300,10S
1217542688.709317,0.534060,2.782731,-1.580566,4.741699,-11.274707,0.145707,0.186311,0.000000,0.000000,2.111300,10S
1217542688.809068,0.618385,2.670298,-2.002051,4.214844,-10.537109,0.145707,0.186311,0.000000,0.000000,2.111300,10S
1217542688.909295,0.674602,2.585973,-1.791309,3.055762,-10.326367,0.145707,0.186311,0.000000,0.000000,2.013100,10S
1217542689.009070,0.618385,2.585973,-2.318164,3.055762,-11.063965,0.145707,0.186311,0.000000,0.000000,2.013100,10S
1217542689.109107,0.590276,2.389214,-2.212793,2.107422,-11.906934,0.145707,0.186311,0.000000,0.000000,1.865800,10S
1217542689.209068,0.421626,2.389214,-2.318164,1.159082,-11.063965,0.145707,0.186311,0.000000,0.000000,1.816700,10S
1217542689.309068,0.393518,2.642189,-3.266504,1.580566,-11.801563,0.145707,0.186311,0.000000,0.000000,1.718500,10S
1217542689.409077,0.534060,2.726515,-3.161133,1.791309,-12.433789,0.145707,0.186311,0.000000,0.000000,1.718500,10S
1217542689.509068,0.140542,2.557864,-2.423535,1.369824,-11.169336,0.145707,0.186311,0.000000,0.000000,1.718500,10S
1217542689.609273,0.112434,2.585973,-2.318164,1.685938,-12.328418,0.145707,0.186311,0.000000,0.000000,1.718500,10S
1217542689.709068,-0.168650,2.501647,-2.318164,1.791309,-12.012305,0.145707,0.186311,0.000000,0.000000,1.718500,10S
1217542689.809296,-0.252976,2.417322,-2.107422,2.318164,-11.590820,0.145707,0.186311,0.000000,0.000000,1.816700,10S
1217542689.909089,-0.168650,2.361105,-2.528906,2.739648,-12.223047,0.145707,0.186311,0.000000,0.000000,1.865800,10S
1217542690.009135,-0.056217,2.473539,-2.212793,2.002051,-11.063965,0.145707,0.186311,0.000000,0.000000,1.865800,10S
1217542690.109068,-0.056217,2.473539,-1.896680,2.528906,-11.063965,0.145707,0.186311,0.000000,0.000000,1.914900,10S
1217542690.209068,-0.056217,2.473539,-1.791309,2.423535,-11.801563,0.145707,0.186311,0.000000,0.000000,2.013100,10S
1217542690.309076,0.056217,2.473539,-1.896680,2.318164,-11.169336,0.145707,0.186311,0.000000,0.000000,1.964000,10S
1217542690.409076,0.028108,2.501647,-2.002051,2.212793,-12.328418,0.145707,0.186311,0.000000,0.000000,1.964000,10S
1217542690.509333,-0.056217,2.445431,-1.264453,1.896680,-10.642480,0.145707,0.186311,0.000000,0.000000,2.013100,10S
1217542690.609069,0.028108,2.417322,-2.212793,2.212793,-11.485449,0.145707,0.186311,0.000000,0.000000,2.013100,10S
1217542690.709295,-0.112434,2.417322,-1.791309,1.896680,-10.642480,0.145707,0.186311,0.000000,0.000000,1.964000,10S
1217542690.809089,-0.196759,2.389214,-1.369824,2.002051,-11.169336,0.145707,0.186311,0.000000,0.000000,2.013100,10S
1217542690.909138,-0.168650,2.304889,-1.369824,2.212793,-12.012305,0.145707,0.186311,0.000000,0.000000,1.964000,10S
1217542691.009070,0.140542,2.445431,-1.369824,2.845020,-11.590820,0.145707,0.186311,0.000000,0.000000,2.013100,10S
1217542691.109068,0.281084,2.389214,-1.580566,2.634277,-10.958594,0.145707,0.186311,0.000000,0.000000,2.062200,10S
1217542691.209075,0.449734,2.332997,-1.475195,2.107422,-11.801563,0.145707,0.186311,0.000000,0.000000,2.160400,10S
1217542691.309068,0.534060,2.164347,-1.791309,2.002051,-11.380078,0.145707,0.186311,0.000000,0.000000,2.160400,10S
1217542691.409281,0.674602,2.051913,-1.685938,0.737598,-11.380078,0.145707,0.186311,0.000000,0.000000,2.209500,10S
1217542691.509069,0.618385,1.798938,-2.002051,0.210742,-11.696191,0.145707,0.186311,0.000000,0.000000,2.209500,10S
1217542691.609321,0.618385,1.630287,-1.475195,-1.475195,-11.274707,0.145707,0.186311,0.000000,0.000000,2.209500,10S
1217542691.709074,0.337301,1.602179,-1.159082,-2.002051,-10.115625,0.145707,0.186311,0.000000,0.000000,2.258600,10S
1217542691.809123,0.056217,1.489745,-1.159082,-2.002051,-10.642480,0.145707,0.186311,0.000000,0.000000,2.258600,10S
1217542691.909068,-0.224867,1.433528,-0.948340,-2.739648,-11.063965,0.145707,0.186311,0.000000,0.000000,2.307700,10S
1217542692.009070,-0.505951,1.433528,-0.421484,-2.845020,-12.223047,0.145707,0.186311,0.000000,0.000000,2.405900,10S
1217542692.109069,-0.590276,1.714612,-0.421484,-2.002051,-12.328418,0.145707,0.186311,0.000000,0.000000,2.356800,10S
1217542692.209069,-0.927577,1.911371,-1.159082,-1.053711,-11.906934,0.145707,0.186311,0.000000,0.000000,2.455000,10S
1217542692.309102,-0.899469,2.304889,-2.318164,0.632227,-12.855273,0.145707,0.186311,0.000000,0.000000,2.504100,10S
1217542692.409073,-1.068119,2.276780,-1.264453,1.053711,-11.274707,0.145707,0.186311,0.000000,0.000000,2.405900,10S
1217542692.509327,-1.180553,2.501647,-0.948340,2.002051,-11.063965,0.145707,0.186311,0.000000,0.000000,2.405900,10S
1217542692.609074,-1.096228,2.670298,-2.318164,3.371875,-11.380078,0.145707,0.186311,0.000000,0.000000,2.307700,10S
1217542692.709286,-0.899469,2.979490,-1.791309,4.636328,-11.063965,0.145707,0.186311,0.000000,0.000000,2.209500,10S
1217542692.809068,-0.393518,3.035707,-1.685938,5.690039,-10.853223,0.145707,0.186311,0.000000,0.000000,2.209500,10S
1217542692.909068,-0.112434,2.951382,-1.896680,6.111523,-11.801563,0.145707,0.186311,0.000000,0.000000,2.111300,10S
1217542693.009071,0.252976,2.979490,-0.526855,5.900781,-10.642480,0.145707,0.186311,0.000000,0.000000,2.258600,10S
1217542693.109068,0.590276,2.726515,-1.159082,5.690039,-12.223047,0.145707,0.186311,0.000000,0.000000,2.307700,10S
1217542693.209074,0.843252,2.614081,-1.685938,4.109473,-11.906934,0.145707,0.186311,0.000000,0.000000,2.356800,10S
1217542693.309069,0.955686,2.417322,-2.002051,2.634277,-12.539160,0.145707,0.186311,0.000000,0.000000,2.455000,10S
1217542693.409276,0.927577,2.220563,-2.107422,1.475195,-11.590820,0.145707,0.186311,0.000000,0.000000,2.356800,10S
1217542693.509074,0.899469,2.051913,-1.685938,0.316113,-10.853223,0.145707,0.186311,0.000000,0.000000,2.307700,10S
1217542693.609291,0.618385,1.939479,-1.369824,-0.842969,-10.958594,0.145707,0.186311,0.000000,0.000000,2.160400,10S
1217542693.709068,0.252976,1.827046,-1.053711,-1.685938,-10.642480,0.145707,0.186311,0.000000,0.000000,2.160400,10S
1217542693.809068,-0.028108,1.798938,-1.053711,-2.002051,-10.958594,0.145707,0.186311,0.000000,0.000000,2.209500,10S
1217542693.909068,-0.421626,1.742721,-0.842969,-2.002051,-11.169336,0.145707,0.186311,0.000000,0.000000,2.258600,10S
1217542694.009070,-0.702710,1.855154,-0.842969,-1.475195,-11.906934,0.145707,0.186311,0.000000,0.000000,2.307700,10S
1217542694.109074,-0.843252,2.023805,-1.475195,-0.737598,-11.274707,0.145707,0.186311,0.000000,0.000000,2.258600,10S
1217542694.209069,-0.983794,2.220563,-1.896680,0.842969,-12.855273,0.145707,0.186311,0.000000,0.000000,2.307700,10S
1217542694.309288,-0.955686,2.361105,-2.528906,1.791309,-12.012305,0.145707,0.186311,0.000000,0.000000,2.209500,10S
1217542694.409101,-0.787035,2.473539,-2.212793,2.423535,-11.380078,0.145707,0.186311,0.000000,0.000000,2.160400,10S
1217542694.509328,-0.646493,2.698406,-2.634277,3.687988,-11.274707,0.145707,0.186311,0.000000,0.000000,2.062200,10S
1217542694.609068,-0.281084,2.754623,-2.107422,4.530957,-11.380078,0.145707,0.186311,0.000000,0.000000,1.964000,10S
1217542694.709117,-0.084325,2.810840,-1.475195,4.320215,-10.747852,0.145707,0.186311,0.000000,0.000000,1.914900,10S
1217542694.809068,0.140542,2.754623,-1.264453,4.425586,-11.590820,0.145707,0.186311,0.000000,0.000000,2.013100,10S
1217542694.909068,0.421626,2.670298,-1.580566,4.004102,-11.485449,0.145707,0.186311,0.000000,0.000000,2.013100,10S
1217542695.009076,0.477843,2.585973,-0.632227,2.634277,-10.642480,0.145707,0.186311,0.000000,0.000000,2.111300,10S
1217542695.109069,0.534060,2.473539,-0.948340,2.212793,-11.274707,0.145707,0.186311,0.000000,0.000000,2.209500,10S
1217542695.209099,0.421626,2.361105,-1.580566,1.791309,-11.274707,0.145707,0.186311,0.000000,0.000000,2.209500,10S
1217542695.309073,0.393518,2.276780,-1.896680,1.159082,-12.539160,0.145707,0.186311,0.000000,0.000000,2.307700,10S
1217542695.409285,0.281084,2.192455,-1.475195,0.632227,-10.537109,0.145707,0.186311,0.000000,0.000000,2.258600,10S
1217542695.509105,0.196759,2.080021,-1.896680,0.210742,-11.063965,0.145707,0.186311,0.000000,0.000000,2.160400,10S
1217542695.609288,0.056217,2.023805,-1.580566,0.105371,-10.747852,0.145707,0.186311,0.000000,0.000000,2.160400,10S
1217542695.709068,-0.056217,2.051913,-1.791309,0.000000,-12.223047,0.145707,0.186311,0.000000,0.000000,2.160400,10S
1217542695.809068,-0.168650,2.023805,-1.264453,-0.316113,-12.328418,0.145707,0.186311,0.000000,0.000000,2.111300,10S
1217542695.909093,-0.281084,2.136238,-1.369824,-0.105371,-11.801563,0.145707,0.186311,0.000000,0.000000,2.209500,10S
1217542696.009070,-0.421626,2.192455,-1.159082,0.421484,-10.431738,0.145707,0.186311,0.000000,0.000000,2.160400,10S
1217542696.109074,-0.477843,2.220563,-1.475195,0.526855,-11.696191,0.144491,0.371487,0.000000,0.000000,2.209500,10S
1217542696.209075,-0.421626,2.304889,-1.685938,1.475195,-12.960645,0.144491,0.371487,0.000000,0.000000,2.160400,10S
1217542696.309285,-0.421626,2.389214,-1.580566,1.580566,-11.906934,0.144491,0.371487,0.000000,0.000000,2.209500,10S
1217542696.409133,-0.421626,2.473539,-1.053711,1.896680,-10.537109,0.144491,0.371487,0.000000,0.000000,2.160400,10S
1217542696.509287,-0.393518,2.501647,-1.580566,2.423535,-11.380078,0.144491,0.371487,0.000000,0.000000,2.160400,10S
1217542696.609068,-0.252976,2.473539,-1.791309,2.845020,-12.223047,0.144491,0.371487,0.000000,0.000000,2.160400,10S
1217542696.709106,-0.224867,2.557864,-1.369824,2.107422,-10.537109,0.144491,0.371487,0.000000,0.000000,2.160400,10S
1217542696.809068,-0.252976,2.614081,-0.842969,2.212793,-10.642480,0.144491,0.371487,0.000000,0.000000,2.209500,10S
1217542696.909069,-0.196759,2.642189,-1.369824,3.161133,-10.958594,0.144491,0.371487,0.000000,0.000000,2.209500,10S
1217542697.009077,-0.084325,2.585973,-1.159082,3.898730,-13.171387,0.144491,0.371487,0.000000,0.000000,2.209500,10S
1217542697.109075,0.084325,2.614081,-1.685938,3.161133,-10.747852,0.144491,0.371487,0.000000,0.000000,2.209500,10S
1217542697.209287,0.168650,2.585973,-1.475195,3.055762,-11.906934,0.144491,0.371487,0.000000,0.000000,2.209500,10S
1217542697.309101,0.252976,2.585973,-1.475195,2.318164,-10.220996,0.144491,0.371487,0.000000,0.000000,2.258600,10S
1217542697.409328,0.309192,2.501647,-1.580566,2.423535,-12.539160,0.291546,0.372452,0.000000,0.000000,2.258600,10S
1217542697.509068,0.281084,2.473539,-1.685938,1.580566,-11.485449,0.291546,0.372452,0.000000,0.000000,2.160400,10S
1217542697.609136,0.140542,2.361105,-1.369824,1.580566,-12.223047,0.291546,0.372452,0.000000,0.000000,2.258600,10S
1217542697.709068,0.140542,2.332997,-1.369824,1.264453,-11.274707,0.291546,0.372452,0.000000,0.000000,2.209500,10S
1217542697.809068,-0.028108,2.304889,-0.842969,1.475195,-11.801563,0.291546,0.372452,0.000000,0.000000,2.307700,10S
1217542697.909074,0.084325,2.389214,-1.159082,1.685938,-12.328418,0.291546,0.372452,0.000000,0.000000,2.405900,10S
1217542698.009076,-0.084325,2.332997,-1.475195,1.475195,-12.012305,0.291546,0.372452,0.000000,0.000000,2.356800,10S
1217542698.109269,-0.224867,2.361105,-1.264453,1.159082,-11.906934,0.291546,0.372452,0.000000,0.000000,2.356800,10S
1217542698.209073,-0.168650,2.361105,-1.053711,2.002051,-11.063965,0.291546,0.372452,0.000000,0.000000,2.307700,10S
1217542698.309286,-0.084325,2.220563,-1.159082,1.685938,-11.485449,0.291546,0.372452,0.000000,0.000000,2.307700,10S
1217542698.409068,-0.028108,2.304889,-1.791309,1.791309,-12.223047,0.291546,0.372452,0.000000,0.000000,2.307700,10S
1217542698.509289,-0.112434,2.304889,-1.053711,1.264453,-12.328418,0.291546,0.372452,0.000000,0.000000,2.258600,10S
1217542698.609068,-0.196759,2.417322,-1.159082,1.369824,-11.590820,0.291546,0.372452,0.000000,0.000000,2.307700,10S
1217542698.709068,-0.281084,2.192455,-0.210742,1.580566,-9.799512,0.291546,0.372452,0.000000,0.000000,2.258600,10S
1217542698.809069,-0.112434,2.276780,-1.580566,2.002051,-12.012305,0.291546,0.372452,0.000000,0.000000,2.307700,10S
1217542698.909068,-0.196759,2.389214,-1.053711,1.264453,-10.958594,0.291546,0.372452,0.000000,0.000000,2.258600,10S
1217542699.009078,-0.196759,2.445431,-1.369824,1.896680,-13.066016,0.291546,0.372452,0.000000,0.000000,2.258600,10S
1217542699.109076,-0.252976,2.445431,-0.948340,2.002051,-11.696191,0.291546,0.372452,0.000000,0.000000,2.307700,10S
1217542699.209287,-0.252976,2.389214,-1.264453,2.212793,-11.063965,0.291546,0.372452,0.000000,0.000000,2.258600,10S
1217542699.309101,-0.224867,2.501647,-1.264453,2.528906,-10.958594,0.291546,0.372452,0.000000,0.000000,2.307700,10S
1217542699.409290,-0.084325,2.557864,-1.264453,2.423535,-10.747852,0.291546,0.372452,0.000000,0.000000,2.307700,10S
1217542699.509068,-0.028108,2.473539,-1.159082,2.950391,-12.012305,0.291546,0.372452,0.000000,0.000000,2.307700,10S
1217542699.609107,0.196759,2.473539,-1.369824,2.423535,-11.696191,0.291546,0.372452,0.000000,0.000000,2.307700,10S
1217542699.709068,0.252976,2.417322,-1.053711,2.212793,-11.485449,0.291546,0.372452,0.000000,0.000000,2.356800,10S
1217542699.809075,0.168650,2.276780,-0.526855,1.475195,-10.115625,0.291546,0.372452,0.000000,0.000000,2.356800,10S
1217542699.909077,0.337301,2.220563,-1.053711,1.580566,-11.169336,0.291546,0.372452,0.000000,0.000000,2.405900,10S
1217542700.009091,0.365409,2.164347,-1.264453,0.842969,-11.906934,0.291546,0.372452,0.000000,0.000000,2.356800,10S
1217542700.109288,0.337301,1.967588,-1.369824,0.000000,-11.801563,0.291546,0.372452,0.000000,0.000000,2.356800,10S
1217542700.209101,0.337301,1.855154,-1.264453,-0.105371,-10.853223,0.291546,0.372452,0.000000,0.000000,2.356800,10S
1217542700.309331,0.196759,1.827046,-0.737598,-1.264453,-11.485449,0.291546,0.372452,0.000000,0.000000,2.307700,10S
1217542700.409068,-0.028108,1.714612,-0.632227,-1.475195,-10.642480,0.291546,0.372452,0.000000,0.000000,2.307700,10S
1217542700.509159,-0.028108,1.827046,-1.159082,-1.053711,-10.642480,0.291546,0.372452,0.000000,0.000000,2.356800,10S
1217542700.609068,-0.112434,1.742721,-1.580566,-1.369824,-11.169336,0.291546,0.372452,0.000000,0.000000,2.356800,10S
1217542700.709068,-0.084325,1.686504,-1.896680,-1.264453,-11.590820,0.291546,0.372452,0.000000,0.000000,2.356800,10S
1217542700.809068,-0.140542,2.023805,-1.475195,-1.580566,-11.169336,0.291546,0.372452,0.000000,0.000000,2.209500,10S
1217542700.909068,-0.365409,2.023805,-1.475195,-1.159082,-11.485449,0.291546,0.372452,0.000000,0.000000,2.111300,10S
1217542701.009101,-0.421626,1.911371,-1.053711,-0.526855,-11.485449,0.291546,0.372452,0.000000,0.000000,2.209500,10S
1217542701.109073,-0.421626,1.911371,-1.580566,-0.737598,-11.380078,0.291546,0.372452,0.000000,0.000000,2.160400,10S
1217542701.209283,-0.449734,2.023805,-2.002051,0.316113,-11.906934,0.291546,0.372452,0.000000,0.000000,2.111300,10S
1217542701.309068,-0.421626,2.051913,-2.423535,0.316113,-11.801563,0.291546,0.372452,0.000000,0.000000,2.111300,10S
1217542701.409291,-0.337301,2.108130,-1.685938,0.526855,-11.801563,0.291546,0.372452,0.000000,0.000000,2.062200,10S
1217542701.509068,-0.196759,2.164347,-1.685938,0.948340,-11.063965,0.291546,0.372452,0.000000,0.000000,2.013100,10S
1217542701.609075,-0.140542,2.136238,-2.107422,1.264453,-11.274707,0.291546,0.372452,0.000000,0.000000,2.062200,10S
1217542701.709074,0.000000,2.220563,-1.475195,0.421484,-12.539160,0.290330,0.557628,0.000000,0.000000,2.013100,10S
1217542701.809093,-0.224867,2.136238,-1.791309,0.210742,-12.012305,0.290330,0.557628,0.000000,0.000000,2.013100,10S
1217542701.909117,-0.252976,2.276780,-1.159082,0.948340,-11.169336,0.290330,0.557628,0.000000,0.000000,2.013100,10S
1217542702.009070,-0.224867,2.304889,-1.791309,0.948340,-11.274707,0.290330,0.557628,0.000000,0.000000,2.062200,10S
1217542702.109278,-0.224867,2.389214,-2.002051,1.685938,-11.801563,0.290330,0.557628,0.000000,0.000000,2.062200,10S
1217542702.209101,-0.281084,2.389214,-2.318164,1.685938,-11.696191,0.290330,0.557628,0.000000,0.000000,2.013100,10S
1217542702.309290,-0.365409,2.445431,-2.107422,1.685938,-11.380078,0.290330,0.557628,0.000000,0.000000,2.062200,10S
1217542702.409068,-0.393518,2.585973,-1.791309,2.107422,-11.696191,0.290330,0.557628,0.000000,0.000000,2.013100,10S
1217542702.509108,-0.421626,2.529756,-1.475195,2.528906,-11.485449,0.290330,0.557628,0.000000,0.000000,2.062200,10S
1217542702.609068,-0.252976,2.642189,-1.685938,2.634277,-10.326367,0.437385,0.558594,0.000000,0.000000,2.013100,10S
1217542702.709068,-0.252976,2.642189,-1.475195,3.055762,-12.117676,0.437385,0.558594,0.000000,0.000000,2.013100,10S
1217542702.809074,-0.168650,2.614081,-1.580566,3.266504,-11.801563,0.437385,0.558594,0.000000,0.000000,2.062200,10S
1217542702.909069,-0.112434,2.642189,-1.791309,3.477246,-11.274707,0.437385,0.558594,0.000000,0.000000,2.062200,10S
1217542703.009105,-0.056217,2.642189,-1.580566,3.161133,-11.169336,0.437385,0.558594,0.000000,0.000000,2.111300,10S
1217542703.109073,0.028108,2.642189,-1.580566,3.266504,-11.274707,0.437385,0.558594,0.000000,0.000000,2.160400,10S
1217542703.209332,0.196759,2.642189,-1.685938,3.371875,-11.906934,0.437385,0.558594,0.000000,0.000000,2.160400,10S
1217542703.309068,0.084325,2.585973,-1.791309,2.528906,-10.642480,0.437385,0.558594,0.000000,0.000000,2.160400,10S
1217542703.409333,0.084325,2.529756,-1.369824,2.845020,-12.012305,0.437385,0.558594,0.000000,0.000000,2.160400,10S
1217542703.509068,0.056217,2.529756,-1.580566,2.739648,-11.906934,0.437385,0.558594,0.000000,0.000000,2.160400,10S
1217542703.609069,0.028108,2.557864,-2.212793,2.634277,-11.801563,0.437385,0.558594,0.000000,0.000000,2.160400,10S
1217542703.709068,0.000000,2.557864,-2.002051,2.528906,-10.747852,0.437385,0.558594,0.000000,0.000000,2.111300,10S
1217542703.809068,0.000000,2.614081,-2.002051,2.634277,-11.169336,0.437385,0.558594,0.000000,0.000000,2.013100,10S
1217542703.909099,-0.084325,2.585973,-1.896680,2.634277,-13.066016,0.437385,0.558594,0.000000,0.000000,2.062200,10S
1217542704.009076,-0.084325,2.557864,-1.685938,2.528906,-11.380078,0.437385,0.558594,0.000000,0.000000,2.013100,10S
1217542704.109278,-0.112434,2.585973,-2.002051,2.634277,-11.063965,0.437385,0.558594,0.000000,0.000000,2.062200,10S
1217542704.209068,-0.084325,2.614081,-1.791309,2.950391,-11.063965,0.437385,0.558594,0.000000,0.000000,2.062200,10S
1217542704.309292,-0.028108,2.614081,-2.107422,3.266504,-11.485449,0.437385,0.558594,0.000000,0.000000,2.013100,10S
1217542704.409068,0.056217,2.614081,-1.685938,3.161133,-11.274707,0.437385,0.558594,0.000000,0.000000,2.062200,10S
1217542704.509068,0.000000,2.585973,-2.107422,2.950391,-11.274707,0.437385,0.558594,0.000000,0.000000,2.062200,10S
1217542704.609069,0.084325,2.642189,-1.580566,3.266504,-11.590820,0.436169,0.743769,0.000000,0.000000,2.013100,10S
1217542704.709068,0.084325,2.585973,-1.791309,2.739648,-11.380078,0.436169,0.743769,0.000000,0.000000,2.013100,10S
1217542704.809077,0.140542,2.501647,-1.685938,2.739648,-10.853223,0.436169,0.743769,0.000000,0.000000,2.062200,10S
1217542704.909076,0.028108,2.529756,-2.739648,2.318164,-11.485449,0.436169,0.743769,0.000000,0.000000,2.013100,10S
1217542705.009290,0.056217,2.529756,-1.896680,2.107422,-11.485449,0.436169,0.743769,0.000000,0.000000,1.914900,10S
1217542705.109068,0.000000,2.529756,-1.685938,2.634277,-11.169336,0.436169,0.743769,0.000000,0.000000,1.914900,10S
1217542705.209292,0.112434,2.585973,-2.845020,2.845020,-11.590820,0.436169,0.743769,0.000000,0.000000,1.914900,10S
1217542705.309075,0.084325,2.614081,-2.318164,2.739648,-11.906934,0.436169,0.743769,0.000000,0.000000,1.914900,10S
1217542705.409118,0.281084,2.754623,-2.423535,3.055762,-10.958594,0.436169,0.743769,0.000000,0.000000,1.865800,10S
1217542705.509127,0.112434,2.557864,-1.264453,2.634277,-11.696191,0.436169,0.743769,0.000000,0.000000,1.865800,10S
1217542705.609132,0.056217,2.445431,-1.475195,2.107422,-11.696191,0.436169,0.743769,0.000000,0.000000,1.964000,10S
1217542705.709074,0.112434,2.389214,-1.264453,2.107422,-11.169336,0.436169,0.743769,0.000000,0.000000,1.964000,10S
1217542705.809069,0.028108,2.445431,-2.002051,2.212793,-11.590820,0.436169,0.743769,0.000000,0.000000,2.062200,10S
1217542705.909103,0.112434,2.389214,-2.002051,2.107422,-11.380078,0.436169,0.743769,0.000000,0.000000,2.111300,10S
1217542706.009075,0.112434,2.276780,-2.002051,2.002051,-11.380078,0.436169,0.743769,0.000000,0.000000,2.062200,10S
1217542706.109336,0.084325,2.332997,-1.475195,1.580566,-11.801563,0.436169,0.743769,0.000000,0.000000,2.013100,10S
1217542706.209068,0.000000,2.276780,-1.791309,1.264453,-12.012305,0.436169,0.743769,0.000000,0.000000,2.013100,10S
1217542706.309290,-0.056217,2.361105,-2.107422,1.053711,-11.380078,0.436169,0.743769,0.000000,0.000000,2.062200,10S
1217542706.409068,-0.028108,2.332997,-1.685938,1.580566,-11.696191,0.436169,0.743769,0.000000,0.000000,2.013100,10S
1217542706.509068,-0.084325,2.276780,-1.685938,1.369824,-11.485449,0.436169,0.743769,0.000000,0.000000,2.062200,10S
1217542706.609068,-0.084325,2.361105,-1.685938,1.264453,-11.801563,0.436169,0.743769,0.000000,0.000000,2.062200,10S
1217542706.709068,-0.112434,2.332997,-2.002051,1.159082,-11.063965,0.436169,0.743769,0.000000,0.000000,2.111300,10S
1217542706.809076,-0.140542,2.389214,-1.369824,1.580566,-11.696191,0.436169,0.743769,0.000000,0.000000,2.111300,10S
1217542706.909068,-0.112434,2.276780,-1.896680,1.791309,-11.801563,0.436169,0.743769,0.000000,0.000000,2.111300,10S
1217542707.009278,0.000000,2.417322,-2.002051,1.475195,-12.433789,0.436169,0.743769,0.000000,0.000000,2.160400,10S
1217542707.109068,-0.168650,2.361105,-1.369824,1.159082,-11.063965,0.436169,0.743769,0.000000,0.000000,2.209500,10S
1217542707.209294,-0.112434,2.389214,-1.685938,1.791309,-11.274707,0.436169,0.743769,0.000000,0.000000,2.160400,10S
1217542707.309088,-0.084325,2.248672,-1.053711,1.580566,-11.696191,0.436169,0.743769,0.000000,0.000000,2.209500,10S
1217542707.409133,0.140542,2.332997,-0.737598,1.685938,-10.537109,0.436169,0.743769,0.000000,0.000000,2.160400,10S
1217542707.509068,0.224867,2.164347,-1.896680,1.264453,-11.485449,0.436169,0.743769,0.000000,0.000000,2.209500,10S
1217542707.609068,0.393518,2.220563,-1.580566,0.948340,-10.747852,0.436169,0.743769,0.000000,0.000000,2.258600,10S
1217542707.709076,0.224867,2.023805,-1.053711,0.842969,-11.801563,0.436169,0.743769,0.000000,0.000000,2.209500,10S
1217542707.809068,0.309192,1.911371,-1.475195,0.000000,-11.696191,0.436169,0.743769,0.000000,0.000000,2.307700,10S
1217542707.909322,0.168650,1.967588,-1.475195,-1.580566,-11.696191,0.436169,0.743769,0.000000,0.000000,2.258600,10S
1217542708.009071,0.084325,1.911371,-1.475195,-1.053711,-12.644531,0.436169,0.743769,0.000000,0.000000,2.307700,10S
1217542708.109289,-0.112434,1.855154,-1.159082,-0.948340,-11.274707,0.436169,0.743769,0.000000,0.000000,2.307700,10S
1217542708.209068,-0.309192,1.967588,-0.948340,-1.053711,-11.696191,0.436169,0.743769,0.000000,0.000000,2.258600,10S
1217542708.309110,-0.534060,1.967588,-1.159082,-0.737598,-11.590820,0.436169,0.743769,0.000000,0.000000,2.307700,10S
1217542708.409068,-0.562168,2.108130,-0.842969,0.210742,-12.117676,0.436169,0.743769,0.000000,0.000000,2.356800,10S
1217542708.509068,-0.562168,2.248672,-1.159082,0.948340,-11.696191,0.436169,0.743769,0.000000,0.000000,2.307700,10S
1217542708.609075,-0.534060,2.361105,-1.053711,1.159082,-10.642480,0.436169,0.743769,0.000000,0.000000,2.356800,10S
1217542708.709068,-0.590276,2.389214,-2.107422,2.002051,-11.590820,0.436169,0.743769,0.000000,0.000000,2.307700,10S
1217542708.809103,-0.534060,2.529756,-1.264453,2.212793,-12.539160,0.436169,0.743769,0.000000,0.000000,2.307700,10S
1217542708.909073,-0.449734,2.585973,-1.475195,2.634277,-10.853223,0.436169,0.743769,0.000000,0.000000,2.258600,10S
1217542709.009343,-0.365409,2.698406,-1.369824,3.266504,-11.274707,0.436169,0.743769,0.000000,0.000000,2.307700,10S
1217542709.109068,-0.196759,2.726515,-1.053711,3.371875,-11.274707,0.436169,0.743769,0.000000,0.000000,2.356800,10S
1217542709.209288,-0.028108,2.698406,-0.948340,3.371875,-10.431738,0.436169,0.743769,0.000000,0.000000,2.307700,10S
1217542709.309068,0.140542,2.726515,-0.842969,3.266504,-11.801563,0.434953,0.928945,0.000000,0.000000,2.405900,10S
1217542709.409068,0.196759,2.614081,-0.842969,3.477246,-12.539160,0.434953,0.928945,0.000000,0.000000,2.405900,10S
1217542709.509068,0.337301,2.585973,-0.526855,2.739648,-10.958594,0.434953,0.928945,0.000000,0.000000,2.405900,10S
1217542709.609068,0.449734,2.529756,-1.159082,2.423535,-11.590820,0.434953,0.928945,0.000000,0.000000,2.405900,10S
1217542709.709074,0.449734,2.332997,-1.159082,1.791309,-10.431738,0.434953,0.928945,0.000000,0.000000,2.455000,10S
1217542709.809076,0.505951,2.248672,-1.580566,1.475195,-11.801563,0.434953,0.928945,0.000000,0.000000,2.405900,10S
1217542709.909275,0.421626,2.164347,-1.159082,0.526855,-11.906934,0.582008,0.929910,0.000000,0.000000,2.405900,10S
1217542710.009070,0.365409,2.164347,-2.107422,0.000000,-12.960645,0.582008,0.929910,0.000000,0.000000,2.356800,10S
1217542710.109288,0.196759,2.051913,-0.948340,-0.316113,-12.117676,0.582008,0.929910,0.000000,0.000000,2.405900,10S
1217542710.209068,-0.028108,2.136238,-0.526855,-0.421484,-11.696191,0.582008,0.929910,0.000000,0.000000,2.405900,10S
1217542710.309068,-0.196759,2.051913,-0.737598,0.000000,-11.485449,0.582008,0.929910,0.000000,0.000000,2.455000,10S
1217542710.409068,-0.281084,2.164347,-0.737598,0.210742,-11.696191,0.582008,0.929910,0.000000,0.000000,2.553200,10S
1217542710.509129,-0.393518,2.248672,-0.632227,0.421484,-12.012305,0.582008,0.929910,0.000000,0.000000,2.553200,10S
1217542710.609077,-0.534060,2.276780,-0.526855,0.948340,-10.747852,0.582008,0.929910,0.000000,0.000000,2.455000,10S
1217542710.709075,-0.505951,2.445431,-1.580566,1.791309,-13.171387,0.582008,0.929910,0.000000,0.000000,2.504100,10S
1217542710.809282,-0.421626,2.529756,-1.475195,2.212793,-11.169336,0.582008,0.929910,0.000000,0.000000,2.455000,10S
1217542710.909074,-0.365409,2.585973,-1.369824,3.266504,-12.433789,0.582008,0.929910,0.000000,0.000000,2.405900,10S
1217542711.009332,-0.224867,2.614081,-1.369824,3.161133,-10.747852,0.582008,0.929910,0.000000,0.000000,2.356800,10S
1217542711.109109,-0.196759,2.614081,-1.053711,2.950391,-10.853223,0.582008,0.929910,0.000000,0.000000,2.356800,10S
1217542711.209116,-0.224867,2.698406,-1.264453,3.371875,-12.539160,0.582008,0.929910,0.000000,0.000000,2.356800,10S
1217542711.309068,-0.084325,2.782731,-0.948340,3.582617,-11.801563,0.582008,0.929910,0.000000,0.000000,2.356800,10S
1217542711.409068,0.000000,2.698406,-1.369824,3.687988,-11.590820,0.582008,0.929910,0.000000,0.000000,2.307700,10S
1217542711.509074,0.084325,2.614081,-0.948340,3.161133,-10.747852,0.582008,0.929910,0.000000,0.000000,2.356800,10S
1217542711.609069,0.196759,2.670298,-1.264453,2.634277,-11.063965,0.582008,0.929910,0.000000,0.000000,2.307700,10S
1217542711.709103,0.168650,2.585973,-1.369824,2.739648,-12.223047,0.582008,0.929910,0.000000,0.000000,2.258600,10S
1217542711.809073,0.196759,2.614081,-1.369824,2.423535,-11.801563,0.582008,0.929910,0.000000,0.000000,2.258600,10S
1217542711.909329,0.084325,2.557864,-1.475195,2.739648,-12.328418,0.582008,0.929910,0.000000,0.000000,2.209500,10S
1217542712.009112,0.140542,2.585973,-1.475195,2.423535,-11.801563,0.582008,0.929910,0.000000,0.000000,2.258600,10S
1217542712.109290,0.084325,2.585973,-1.475195,2.212793,-10.747852,0.582008,0.929910,0.000000,0.000000,2.209500,10S
1217542712.209069,0.112434,2.529756,-1.580566,2.318164,-12.328418,0.582008,0.929910,0.000000,0.000000,2.209500,10S
1217542712.309068,0.028108,2.529756,-1.580566,1.685938,-11.485449,0.582008,0.929910,0.000000,0.000000,2.160400,10S
1217542712.409069,0.000000,2.445431,-1.580566,2.107422,-11.906934,0.582008,0.929910,0.000000,0.000000,2.209500,10S
1217542712.509068,-0.028108,2.445431,-1.791309,2.107422,-11.063965,0.582008,0.929910,0.000000,0.000000,2.160400,10S
1217542712.609074,-0.084325,2.473539,-1.369824,1.896680,-11.906934,0.582008,0.929910,0.000000,0.000000,2.160400,10S
1217542712.709075,0.112434,2.642189,-2.002051,2.212793,-12.223047,0.582008,0.929910,0.000000,0.000000,2.160400,10S
1217542712.809309,0.112434,2.557864,-1.791309,2.423535,-10.853223,0.582008,0.929910,0.000000,0.000000,2.160400,10S
1217542712.909068,0.168650,2.557864,-1.264453,2.212793,-11.485449,0.582008,0.929910,0.000000,0.000000,2.209500,10S
1217542713.009289,0.168650,2.361105,-1.475195,1.580566,-11.801563,0.582008,0.929910,0.000000,0.000000,2.160400,10S
1217542713.109068,0.140542,2.332997,-1.580566,1.896680,-12.644531,0.580792,1.115086,0.000000,0.000000,2.160400,10S
1217542713.209068,0.140542,2.276780,-1.369824,1.475195,-11.063965,0.580792,1.115086,0.000000,0.000000,2.258600,10S
1217542713.309068,0.112434,2.304889,-1.264453,1.264453,-11.696191,0.580792,1.115086,0.000000,0.000000,2.258600,10S
1217542713.409069,0.084325,2.248672,-1.053711,1.369824,-11.590820,0.580792,1.115086,0.000000,0.000000,2.307700,10S
1217542713.509076,0.028108,2.192455,-1.369824,1.053711,-12.433789,0.580792,1.115086,0.000000,0.000000,2.356800,10S
1217542713.609076,-0.084325,2.192455,-1.685938,1.159082,-11.380078,0.580792,1.115086,0.000000,0.000000,2.307700,10S
1217542713.709285,-0.112434,2.276780,-1.053711,0.737598,-10.642480,0.580792,1.115086,0.000000,0.000000,2.307700,10S
1217542713.809101,-0.196759,2.304889,-0.842969,1.159082,-10.958594,0.580792,1.115086,0.000000,0.000000,2.307700,10S
1217542713.909333,-0.224867,2.248672,-1.685938,1.264453,-12.644531,0.580792,1.115086,0.000000,0.000000,2.307700,10S
1217542714.009071,-0.252976,2.304889,-1.264453,1.685938,-11.801563,0.580792,1.115086,0.000000,0.000000,2.209500,10S
1217542714.109118,-0.252976,2.389214,-1.791309,1.896680,-12.223047,0.580792,1.115086,0.000000,0.000000,2.209500,10S
1217542714.209068,-0.281084,2.389214,-1.791309,1.685938,-11.485449,0.580792,1.115086,0.000000,0.000000,2.258600,10S
1217542714.309068,-0.309192,2.473539,-0.948340,2.107422,-11.801563,0.580792,1.115086,0.000000,0.000000,2.209500,10S
1217542714.409068,-0.224867,2.473539,-1.791309,2.634277,-11.906934,0.580792,1.115086,0.000000,0.000000,2.209500,10S
1217542714.509067,-0.196759,2.529756,-2.002051,2.739648,-11.169336,0.580792,1.115086,0.000000,0.000000,2.160400,10S
1217542714.609098,-0.056217,2.642189,-1.791309,3.266504,-12.012305,0.580792,1.115086,0.000000,0.000000,2.209500,10S
1217542714.709073,0.056217,2.642189,-1.685938,3.477246,-10.853223,0.580792,1.115086,0.000000,0.000000,2.111300,10S
1217542714.809280,0.196759,2.585973,-1.685938,3.582617,-12.539160,0.580792,1.115086,0.000000,0.000000,2.111300,10S
1217542714.909068,0.309192,2.557864,-1.159082,2.739648,-12.012305,0.580792,1.115086,0.000000,0.000000,2.160400,10S
1217542715.009289,0.337301,2.473539,-1.896680,2.318164,-11.274707,0.580792,1.115086,0.000000,0.000000,2.111300,10S
1217542715.109068,0.337301,2.389214,-1.264453,2.212793,-11.274707,0.580792,1.115086,0.000000,0.000000,2.160400,10S
1217542715.209068,0.421626,2.304889,-2.002051,1.791309,-11.380078,0.580792,1.115086,0.000000,0.000000,2.111300,10S
1217542715.309068,0.449734,2.276780,-1.791309,1.053711,-12.328418,0.580792,1.115086,0.000000,0.000000,2.160400,10S
1217542715.409068,0.365409,2.136238,-1.685938,0.210742,-11.063965,0.580792,1.115086,0.000000,0.000000,2.111300,10S
1217542715.509115,0.168650,2.051913,-1.475195,-0.105371,-11.590820,0.580792,1.115086,0.000000,0.000000,2.111300,10S
1217542715.609088,0.028108,2.080021,-1.896680,-0.526855,-11.696191,0.580792,1.115086,0.000000,0.000000,2.111300,10S
1217542715.709274,-0.224867,2.080021,-1.475195,-0.316113,-11.485449,0.580792,1.115086,0.000000,0.000000,2.111300,10S
1217542715.809101,-0.309192,2.164347,-2.107422,0.000000,-11.169336,0.580792,1.115086,0.000000,0.000000,2.160400,10S
1217542715.909296,-0.393518,2.276780,-2.318164,0.842969,-12.328418,0.580792,1.115086,0.000000,0.000000,2.160400,10S
1217542716.009070,-0.365409,2.220563,-1.369824,1.264453,-11.696191,0.580792,1.115086,0.000000,0.000000,2.111300,10S
1217542716.109107,-0.365409,2.276780,-2.107422,1.580566,-12.012305,0.580792,1.115086,0.000000,0.000000,2.111300,10S
1217542716.209068,-0.281084,2.304889,-1.159082,1.685938,-11.380078,0.580792,1.115086,0.000000,0.000000,2.160400,10S
1217542716.309068,-0.309192,2.417322,-1.685938,1.896680,-11.696191,0.580792,1.115086,0.000000,0.000000,2.111300,10S
1217542716.409074,-0.337301,2.529756,-2.002051,2.423535,-11.801563,0.580792,1.115086,0.000000,0.000000,2.111300,10S
1217542716.509068,-0.252976,2.585973,-1.896680,2.634277,-11.380078,0.580792,1.115086,0.000000,0.000000,2.111300,10S
1217542716.609103,-0.140542,2.585973,-1.685938,2.950391,-11.590820,0.580792,1.115086,0.000000,0.000000,2.111300,10S
1217542716.709073,-0.056217,2.585973,-1.896680,2.845020,-11.063965,0.580792,1.115086,0.000000,0.000000,2.062200,10S
1217542716.809350,0.028108,2.585973,-2.212793,2.950391,-12.012305,0.580792,1.115086,0.000000,0.000000,2.062200,10S
1217542716.909068,0.056217,2.557864,-1.896680,2.634277,-11.274707,0.580792,1.115086,0.000000,0.000000,2.062200,10S
1217542717.009122,0.084325,2.614081,-1.896680,2.634277,-11.063965,0.580792,1.115086,0.000000,0.000000,2.062200,10S
1217542717.109067,0.196759,2.642189,-2.528906,2.845020,-12.117676,0.580792,1.115086,0.000000,0.000000,2.111300,10S
1217542717.209074,0.224867,2.557864,-2.423535,3.055762,-12.117676,0.580792,1.115086,0.000000,0.000000,2.013100,10S
1217542717.309074,0.084325,2.445431,-1.053711,2.002051,-10.747852,0.580792,1.115086,0.000000,0.000000,2.013100,10S
1217542717.409093,0.000000,2.445431,-1.685938,2.002051,-12.117676,0.580792,1.115086,0.000000,0.000000,2.062200,10S
1217542717.509132,-0.112434,2.501647,-2.002051,2.002051,-11.801563,0.580792,1.115086,0.000000,0.000000,2.111300,10S
1217542717.609068,0.112434,2.614081,-1.896680,2.634277,-11.801563,0.580792,1.115086,0.000000,0.000000,2.160400,10S
1217542717.709282,-0.056217,2.361105,-1.264453,2.318164,-11.063965,0.580792,1.115086,0.000000,0.000000,2.062200,10S
1217542717.809068,-0.084325,2.473539,-1.685938,2.002051,-11.169336,0.580792,1.115086,0.000000,0.000000,2.111300,10S
1217542717.909288,0.028108,2.585973,-2.318164,2.634277,-12.117676,0.580792,1.115086,0.000000,0.000000,2.160400,10S
1217542718.009070,0.000000,2.332997,-1.580566,2.212793,-11.485449,0.580792,1.115086,0.000000,0.000000,2.111300,10S
1217542718.109068,-0.056217,2.445431,-1.053711,1.580566,-11.380078,0.580792,1.115086,0.000000,0.000000,2.111300,10S
1217542718.209069,-0.140542,2.389214,-1.264453,2.318164,-11.590820,0.580792,1.115086,0.000000,0.000000,2.111300,10S
1217542718.309068,-0.056217,2.417322,-1.791309,1.685938,-12.117676,0.580792,1.115086,0.000000,0.000000,2.160400,10S
1217542718.409076,-0.196759,2.529756,-1.685938,1.685938,-11.169336,0.580792,1.115086,0.000000,0.000000,2.209500,10S
1217542718.509075,-0.140542,2.473539,-2.107422,1.896680,-12.012305,0.580792,1.115086,0.000000,0.000000,2.160400,10S
1217542718.609281,-0.224867,2.473539,-1.475195,2.318164,-11.590820,0.579576,1.300262,0.000000,0.000000,2.111300,10S
1217542718.709101,-0.281084,2.585973,-2.528906,2.528906,-11.063965,0.579576,1.300262,0.000000,0.000000,2.111300,10S
1217542718.809287,-0.224867,2.642189,-1.264453,2.634277,-11.801563,0.579576,1.300262,0.000000,0.000000,2.160400,10S
1217542718.909068,-0.224867,2.614081,-1.580566,3.055762,-11.696191,0.579576,1.300262,0.000000,0.000000,2.160400,10S
1217542719.009114,-0.084325,2.726515,-1.053711,3.477246,-10.747852,0.579576,1.300262,0.000000,0.000000,2.160400,10S
1217542719.109068,0.000000,2.642189,-1.580566,3.687988,-12.223047,0.579576,1.300262,0.000000,0.000000,2.258600,10S
1217542719.209069,0.168650,2.642189,-0.948340,3.161133,-10.747852,0.579576,1.300262,0.000000,0.000000,2.258600,10S
1217542719.309292,0.112434,2.585973,-1.159082,2.739648,-11.274707,0.579576,1.300262,0.000000,0.000000,2.258600,10S
1217542719.409068,0.196759,2.614081,-1.791309,2.528906,-12.117676,0.579576,1.300262,0.000000,0.000000,2.307700,10S
1217542719.509103,0.196759,2.726515,-2.002051,2.528906,-11.274707,0.579576,1.300262,0.000000,0.000000,2.258600,10S
1217542719.609073,0.112434,2.642189,-1.896680,2.528906,-12.644531,0.579576,1.300262,0.000000,0.000000,2.209500,10S
1217542719.709332,0.056217,2.473539,-1.580566,2.845020,-10.853223,0.579576,1.300262,0.000000,0.000000,2.160400,10S
1217542719.809068,0.140542,2.445431,-1.053711,2.423535,-10.326367,0.579576,1.300262,0.000000,0.000000,2.111300,10S
1217542719.909327,0.168650,2.389214,-2.212793,2.318164,-13.066016,0.579576,1.300262,0.000000,0.000000,2.160400,10S
1217542720.009070,0.196759,2.473539,-1.053711,2.107422,-11.169336,0.579576,1.300262,0.000000,0.000000,2.160400,10S
1217542720.109068,0.281084,2.389214,-1.264453,2.002051,-11.169336,0.579576,1.300262,0.000000,0.000000,2.160400,10S
1217542720.209068,0.252976,2.220563,-1.264453,1.369824,-11.696191,0.579576,1.300262,0.000000,0.000000,2.209500,10S
1217542720.309108,0.252976,2.136238,-1.159082,1.053711,-11.696191,0.579576,1.300262,0.000000,0.000000,2.209500,10S
1217542720.409074,0.309192,2.108130,-2.423535,0.316113,-11.801563,0.579576,1.300262,0.000000,0.000000,2.307700,10S
1217542720.509123,0.028108,2.023805,-1.369824,0.000000,-11.696191,0.579576,1.300262,0.000000,0.000000,2.209500,10S
1217542720.609273,0.000000,1.911371,-2.002051,0.632227,-11.274707,0.579576,1.300262,0.000000,0.000000,2.160400,10S
1217542720.709068,-0.056217,1.855154,-1.580566,-0.421484,-12.223047,0.579576,1.300262,0.000000,0.000000,2.160400,10S
1217542720.809313,-0.112434,1.798938,-2.002051,-0.632227,-11.380078,0.579576,1.300262,0.000000,0.000000,2.160400,10S