# Created by Octave 3.0.0, Fri Aug 22 01:42:32 2008 PDT <niladrib@niladrib-linux-laptop>
# name: my_data
# type: matrix
# rows: 177
# columns: 10
 -0.94834 -0.210742 -10.958594 0.758927 3.710309 -0.345221 0.182738 0 0 0
 -0.94834 -0.210742 -10.958594 0.758927 3.710309 -0.374632 0.182544 0 0 0
 -0.94834 -0.210742 -11.063965 0.758927 3.710309 -0.374632 0.182544 0 0 0
 -1.053711 -0.210742 -10.958594 0.787035 3.6822 -0.404164 0.200869 0 0 0
 -0.94834 -0.210742 -11.063965 0.787035 3.710309 -0.404164 0.200869 0 0 0
 -1.053711 -0.210742 -10.958594 0.787035 3.710309 -0.433575 0.200676 0 0 0
 -1.053711 -0.210742 -11.063965 0.787035 3.710309 -0.433575 0.200676 0 0 0
 -1.053711 -0.210742 -11.063965 0.787035 3.738417 -0.433575 0.200676 0 0 0
 -1.053711 -0.105371 -11.063965 0.758927 3.710309 -0.433575 0.200676 0 0 0
 -1.053711 -0.316113 -11.063965 0.787035 3.710309 -0.433575 0.200676 0 0 0
 -1.053711 -0.316113 -11.063965 0.787035 3.710309 -0.462986 0.200483 0 0 0
 -0.94834 -0.210742 -10.958594 0.758927 3.710309 -0.462986 0.200483 0 0 0
 -0.94834 -0.210742 -10.958594 0.758927 3.710309 -0.492397 0.200289 0 0 0
 -1.053711 -0.316113 -11.063965 0.787035 3.710309 -0.492397 0.200289 0 0 0
 -0.94834 -0.210742 -10.958594 0.787035 3.710309 -0.521808 0.200096 0 0 0
 -1.053711 -0.210742 -11.063965 0.787035 3.738417 -0.521808 0.200096 0 0 0
 -0.94834 -0.210742 -11.063965 0.787035 3.710309 -0.521808 0.200096 0 0 0
 -1.053711 -0.210742 -11.063965 0.787035 3.710309 -0.5510969999999999 0.181386 0 0 0
 -0.94834 -0.210742 -11.063965 0.787035 3.710309 -0.5510969999999999 0.181386 0 0 0
 -1.053711 -0.210742 -11.063965 0.787035 3.710309 -0.580508 0.181193 0 0 0
 -1.053711 -0.316113 -10.958594 0.787035 3.710309 -0.580508 0.181193 0 0 0
 -0.94834 -0.210742 -10.958594 0.787035 3.710309 -0.609798 0.162482 0 0 0
 -1.053711 -0.210742 -11.063965 0.758927 3.710309 -0.609798 0.162482 0 0 0
 -1.053711 -0.210742 -10.958594 0.787035 3.710309 -0.639209 0.162289 0 0 0
 -1.053711 -0.316113 -11.063965 0.787035 3.710309 -0.639209 0.162289 0 0 0
 -1.053711 -0.210742 -11.063965 0.787035 3.710309 -0.639209 0.162289 0 0 0
 -1.053711 -0.210742 -11.063965 0.787035 3.738417 -0.668498 0.143578 0 0 0
 -1.053711 -0.105371 -11.063965 0.787035 3.710309 -0.668498 0.143578 0 0 0
 -1.053711 -0.210742 -11.063965 0.787035 3.710309 -0.697787 0.124867 0 0 0
 -1.053711 -0.210742 -11.063965 0.787035 3.710309 -0.697787 0.124867 0 0 0
 -1.053711 -0.210742 -11.063965 0.787035 3.710309 -0.727077 0.106157 0 0 0
 -0.94834 -0.210742 -10.958594 0.787035 3.710309 -0.727077 0.106157 0 0 0
 -1.053711 -0.105371 -10.853223 0.758927 3.710309 -0.727077 0.106157 0 0 0
 -0.94834 -0.210742 -11.063965 0.758927 3.6822 -0.727077 0.106157 0 0 0
 -1.053711 -0.316113 -10.958594 0.758927 3.710309 -0.727077 0.106157 0 0 0
 -1.053711 -0.316113 -10.958594 0.787035 3.710309 -0.785656 0.068735 0 0 0
 -0.94834 -0.210742 -11.063965 0.787035 3.738417 -0.785656 0.068735 0 0 0
 -0.94834 -0.210742 -11.063965 0.787035 3.710309 -0.814823 0.031507 0 0 0
 -1.053711 -0.210742 -10.958594 0.787035 3.738417 -0.814823 0.031507 0 0 0
 -1.053711 -0.316113 -11.063965 0.787035 3.710309 -0.814823 0.031507 0 0 0
 -1.053711 -0.316113 -11.063965 0.787035 3.738417 -0.814823 0.031507 0 0 0
 -1.053711 -0.210742 -10.958594 0.787035 3.710309 -0.814823 0.031507 0 0 0
 -0.94834 -0.316113 -10.958594 0.787035 3.710309 -0.844113 0.012796 0 0 0
 -0.94834 -0.316113 -10.958594 0.787035 3.710309 -0.844113 0.012796 0 0 0
 -0.94834 -0.316113 -10.958594 0.758927 3.710309 -0.873402 -0.005914 0 0 0
 -1.053711 -0.210742 -11.063965 0.758927 3.710309 -0.873402 -0.005914 0 0 0
 -1.053711 -0.105371 -11.063965 0.787035 3.738417 -0.90257 -0.043143 0 0 0
 -1.053711 -0.105371 -11.063965 0.787035 3.710309 -0.90257 -0.043143 0 0 0
 -1.053711 -0.210742 -11.063965 0.787035 3.710309 -0.946565 -0.06195 0 0 0
 -1.053711 -0.210742 -11.063965 0.787035 3.710309 -0.946565 -0.06195 0 0 0
 -1.053711 -0.210742 -11.063965 0.787035 3.710309 -0.946565 -0.06195 0 0 0
 -0.94834 -0.210742 -11.063965 0.787035 3.710309 -0.946565 -0.06195 0 0 0
 -0.94834 -0.316113 -10.958594 0.758927 3.710309 -0.946565 -0.06195 0 0 0
 -1.053711 -0.316113 -11.063965 0.787035 3.710309 -0.975854 -0.080661 0 0 0
 -1.053711 -0.210742 -11.063965 0.787035 3.710309 -0.975854 -0.080661 0 0 0
 -1.053711 -0.316113 -10.958594 0.787035 3.710309 -1.019849 -0.099468 0 0 0
 -0.94834 -0.210742 -10.958594 0.758927 3.710309 -1.019849 -0.099468 0 0 0
 -0.94834 -0.210742 -11.063965 0.787035 3.738417 -1.019849 -0.099468 0 0 0
 -0.94834 -0.105371 -11.063965 0.787035 3.710309 -1.019849 -0.099468 0 0 0
 -1.053711 -0.210742 -11.063965 0.787035 3.738417 -1.019849 -0.099468 0 0 0
 -1.053711 -0.316113 -10.958594 0.787035 3.710309 -1.063722 -0.136793 0 0 0
 -1.053711 -0.210742 -11.063965 0.787035 3.710309 -1.063722 -0.136793 0 0 0
 -1.053711 -0.210742 -10.958594 0.758927 3.6822 -1.107717 -0.1556 0 0 0
 -1.053711 -0.105371 -10.958594 0.787035 3.710309 -1.107717 -0.1556 0 0 0
 -0.94834 -0.421484 -10.958594 0.787035 3.710309 -1.15159 -0.192925 0 0 0
 -1.053711 -0.316113 -11.063965 0.787035 3.710309 -1.15159 -0.192925 0 0 0
 -0.94834 -0.210742 -10.958594 0.758927 3.710309 -1.15159 -0.192925 0 0 0
 -1.159082 -0.210742 -10.958594 0.787035 3.738417 -1.18088 -0.211635 0 0 0
 -1.053711 -0.210742 -11.063965 0.787035 3.710309 -1.18088 -0.211635 0 0 0
 -1.159082 -0.210742 -11.063965 0.787035 3.710309 -1.210169 -0.230346 0 0 0
 -1.053711 -0.210742 -11.063965 0.787035 3.710309 -1.210169 -0.230346 0 0 0
 -1.053711 -0.210742 -11.063965 0.787035 3.710309 -1.239337 -0.267574 0 0 0
 -1.053711 -0.210742 -11.063965 0.787035 3.710309 -1.239337 -0.267574 0 0 0
 -1.053711 -0.316113 -10.958594 0.787035 3.710309 -1.268505 -0.304802 0 0 0
 -1.053711 -0.316113 -11.063965 0.787035 3.710309 -1.268505 -0.304802 0 0 0
 -1.053711 -0.210742 -10.958594 0.787035 3.6822 -1.268505 -0.304802 0 0 0
 -1.053711 -0.316113 -10.958594 0.787035 3.6822 -1.282967 -0.341934 0 0 0
 -1.159082 -0.210742 -11.063965 0.787035 3.710309 -1.282967 -0.341934 0 0 0
 -1.053711 -0.210742 -10.958594 0.787035 3.710309 -1.282967 -0.341934 0 0 0
 -1.053711 -0.210742 -11.063965 0.787035 3.710309 -1.282967 -0.341934 0 0 0
 -1.053711 -0.105371 -10.958594 0.787035 3.710309 -1.297429 -0.379066 0 0 0
 -1.159082 -0.210742 -11.063965 0.787035 3.738417 -1.297429 -0.379066 0 0 0
 -1.053711 -0.316113 -11.169336 0.787035 3.710309 -1.297429 -0.379066 0 0 0
 -1.053711 -0.316113 -10.958594 0.787035 3.710309 -1.297429 -0.379066 0 0 0
 -1.053711 -0.210742 -11.063965 0.787035 3.710309 -1.297429 -0.379066 0 0 0
 -0.94834 -0.210742 -11.063965 0.787035 3.6822 -1.297429 -0.379066 0 0 0
 -1.053711 -0.210742 -11.063965 0.758927 3.710309 -1.297429 -0.379066 0 0 0
 -0.94834 -0.210742 -10.958594 0.758927 3.710309 -1.297308 -0.397583 0 0 0
 -1.053711 -0.105371 -11.063965 0.787035 3.710309 -1.297308 -0.397583 0 0 0
 -1.053711 -0.105371 -11.063965 0.787035 3.710309 -1.297064 -0.434618 0 0 0
 -1.053711 -0.105371 -10.958594 0.787035 3.738417 -1.297064 -0.434618 0 0 0
 -1.053711 -0.210742 -11.063965 0.787035 3.710309 -1.297064 -0.434618 0 0 0
 -1.053711 -0.210742 -11.063965 0.787035 3.710309 -1.296943 -0.453136 0 0 0
 -0.94834 -0.210742 -10.958594 0.787035 3.710309 -1.296943 -0.453136 0 0 0
 -1.053711 -0.210742 -10.958594 0.787035 3.710309 -1.296943 -0.453136 0 0 0
 -1.053711 -0.316113 -10.958594 0.787035 3.710309 -1.296943 -0.453136 0 0 0
 -0.94834 -0.421484 -11.063965 0.787035 3.710309 -1.2967 -0.490171 0 0 0
 -1.053711 -0.210742 -10.958594 0.787035 3.6822 -1.2967 -0.490171 0 0 0
 -1.053711 -0.210742 -11.063965 0.787035 3.710309 -1.281873 -0.508592 0 0 0
 -0.94834 -0.210742 -11.063965 0.787035 3.710309 -1.281873 -0.508592 0 0 0
 -1.053711 -0.210742 -11.063965 0.787035 3.738417 -1.281873 -0.508592 0 0 0
 -1.053711 -0.316113 -11.063965 0.787035 3.710309 -1.281751 -0.52711 0 0 0
 -1.053711 -0.210742 -10.958594 0.787035 3.710309 -1.281751 -0.52711 0 0 0
 -0.94834 -0.210742 -11.063965 0.758927 3.710309 -1.281629 -0.545627 0 0 0
 -1.053711 -0.316113 -11.063965 0.787035 3.710309 -1.281629 -0.545627 0 0 0
 -1.053711 -0.316113 -10.958594 0.787035 3.6822 -1.296092 -0.582759 0 0 0
 -0.94834 -0.210742 -10.958594 0.787035 3.6822 -1.296092 -0.582759 0 0 0
 -1.053711 -0.210742 -10.958594 0.758927 3.710309 -1.296092 -0.582759 0 0 0
 -1.159082 -0.316113 -10.958594 0.787035 3.710309 -1.296092 -0.582759 0 0 0
 -1.053711 -0.210742 -11.063965 0.787035 3.738417 -1.296092 -0.582759 0 0 0
 -1.053711 -0.210742 -10.958594 0.787035 3.738417 -1.296092 -0.582759 0 0 0
 -1.053711 -0.210742 -11.063965 0.787035 3.710309 -1.296092 -0.582759 0 0 0
 -1.053711 -0.210742 -10.958594 0.787035 3.710309 -1.29597 -0.601276 0 0 0
 -1.053711 -0.210742 -11.063965 0.787035 3.710309 -1.29597 -0.601276 0 0 0
 -1.053711 -0.210742 -11.063965 0.787035 3.6822 -1.29597 -0.601276 0 0 0
 -1.053711 -0.105371 -10.958594 0.787035 3.710309 -1.29597 -0.601276 0 0 0
 -1.053711 -0.210742 -10.958594 0.758927 3.710309 -1.29597 -0.601276 0 0 0
 -1.053711 -0.210742 -11.063965 0.758927 3.6822 -1.29597 -0.601276 0 0 0
 -0.94834 -0.210742 -10.958594 0.758927 3.710309 -1.29597 -0.601276 0 0 0
 -0.94834 -0.210742 -11.063965 0.787035 3.710309 -1.29597 -0.601276 0 0 0
 -1.053711 -0.210742 -11.063965 0.787035 3.710309 -1.29597 -0.601276 0 0 0
 -1.053711 -0.316113 -11.063965 0.787035 3.710309 -1.29597 -0.601276 0 0 0
 -1.053711 -0.210742 -11.063965 0.787035 3.710309 -1.29597 -0.601276 0 0 0
 -1.053711 -0.210742 -11.063965 0.787035 3.710309 -1.310676 -0.601373 0 0 0
 -1.053711 -0.210742 -10.958594 0.787035 3.710309 -1.310676 -0.601373 0 0 0
 -1.053711 -0.316113 -10.958594 0.787035 3.710309 -1.310676 -0.601373 0 0 0
 -1.053711 -0.316113 -10.958594 0.787035 3.710309 -1.310676 -0.601373 0 0 0
 -1.053711 -0.316113 -11.063965 0.787035 3.710309 -1.310676 -0.601373 0 0 0
 -1.053711 -0.210742 -11.063965 0.787035 3.6822 -1.310676 -0.601373 0 0 0
 -1.053711 -0.316113 -11.063965 0.787035 3.710309 -1.310676 -0.601373 0 0 0
 -1.053711 -0.105371 -10.958594 0.787035 3.710309 -1.310676 -0.601373 0 0 0
 -1.053711 -0.210742 -11.063965 0.787035 3.710309 -1.310676 -0.601373 0 0 0
 -1.159082 -0.210742 -10.958594 0.787035 3.6822 -1.310676 -0.601373 0 0 0
 -1.053711 -0.210742 -11.063965 0.787035 3.710309 -1.29597 -0.601276 0 0 0
 -1.053711 -0.105371 -10.958594 0.787035 3.710309 -1.29597 -0.601276 0 0 0
 -0.94834 -0.210742 -11.063965 0.787035 3.6822 -1.281386 -0.582662 0 0 0
 -0.94834 -0.210742 -10.958594 0.787035 3.6822 -1.281386 -0.582662 0 0 0
 -0.94834 -0.210742 -10.958594 0.787035 3.710309 -1.281386 -0.582662 0 0 0
 -0.94834 -0.210742 -10.958594 0.758927 3.710309 -1.281386 -0.582662 0 0 0
 -1.053711 -0.316113 -10.958594 0.758927 3.710309 -1.281386 -0.582662 0 0 0
 -1.053711 -0.210742 -11.063965 0.787035 3.710309 -1.281386 -0.582662 0 0 0
 -1.053711 -0.210742 -11.063965 0.758927 3.710309 -1.281386 -0.582662 0 0 0
 -1.053711 -0.210742 -10.958594 0.787035 3.710309 -1.266802 -0.564048 0 0 0
 -1.053711 -0.316113 -11.063965 0.787035 3.710309 -1.266802 -0.564048 0 0 0
 -0.94834 -0.316113 -11.063965 0.787035 3.710309 -1.266802 -0.564048 0 0 0
 -1.053711 -0.210742 -11.063965 0.787035 3.6822 -1.266802 -0.564048 0 0 0
 -1.053711 -0.316113 -10.958594 0.787035 3.710309 -1.252097 -0.563952 0 0 0
 -0.94834 -0.316113 -10.958594 0.787035 3.710309 -1.252097 -0.563952 0 0 0
 -1.053711 -0.316113 -11.063965 0.758927 3.710309 -1.222564 -0.582276 0 0 0
 -1.053711 -0.210742 -10.958594 0.758927 3.710309 -1.222564 -0.582276 0 0 0
 -0.94834 -0.210742 -11.063965 0.787035 3.710309 -1.222564 -0.582276 0 0 0
 -1.053711 -0.210742 -11.063965 0.787035 3.710309 -1.193153 -0.582083 0 0 0
 -1.159082 -0.210742 -11.063965 0.787035 3.710309 -1.193153 -0.582083 0 0 0
 -1.053711 -0.210742 -11.063965 0.787035 3.710309 -1.193153 -0.582083 0 0 0
 -1.053711 -0.210742 -11.063965 0.787035 3.710309 -1.193153 -0.582083 0 0 0
 -1.053711 -0.210742 -11.063965 0.787035 3.710309 -1.193153 -0.582083 0 0 0
 -0.94834 -0.210742 -11.063965 0.758927 3.710309 -1.193153 -0.582083 0 0 0
 -0.94834 -0.210742 -11.063965 0.787035 3.710309 -1.163621 -0.600407 0 0 0
 -0.94834 -0.210742 -11.063965 0.758927 3.6822 -1.163621 -0.600407 0 0 0
 -0.94834 -0.210742 -10.958594 0.758927 3.710309 -1.163621 -0.600407 0 0 0
 -0.842969 -0.210742 -10.958594 0.787035 3.710309 -1.134088 -0.6187319999999999 0 0 0
 -0.632227 0.632227 -10.431738 0.787035 3.6822 -1.134088 -0.6187319999999999 0 0 0.4419
 -1.580566 -0.632227 -10.747852 0.758927 3.6822 -1.104556 -0.637056 0 0 0
 -0.526855 0.105371 -10.537109 0.674602 3.710309 -1.104556 -0.637056 0 0 -0.6383
 -1.89668 0.526855 -11.59082 0.843252 3.738417 -1.104556 -0.637056 0 0 -0.4419
 1.580566 -0.210742 -11.274707 0.927577 3.822742 -1.104556 -0.637056 0 0 -1.3748
 3.055762 -0.421484 -10.747852 0.899469 3.907067 -1.104556 -0.637056 0 0 -1.5221
 4.004102 -1.475195 -9.694141 0.843252 3.738417 -1.075023 -0.655381 0 0 -1.5221
 4.636328 -0.526855 -9.483397999999999 0.758927 3.625983 -1.075023 -0.655381 0 0 -1.0802
 3.687988 -0.632227 -9.58877 0.730818 3.878959 -1.060317 -0.655284 -2.323208 0.210833 -0.7365
 4.004102 -0.632227 -9.378026999999999 0.730818 3.710309 -1.060317 -0.655284 -2.323208 0.210833 0
 1.791309 -0.316113 -10.220996 0.758927 3.766525 554234.484885 4182955.513254 -2.215521 0.283056 0.491
 -1.369824 -0.421484 -10.853223 0.815144 3.738417 554234.484885 4182955.513254 -2.215521 0.283056 1.3257
 -4.004102 -0.526855 -10.853223 0.815144 3.710309 554234.558656 4182955.476702 -2.215521 0.283056 1.7185
 -5.79541 -0.632227 -10.537109 0.815144 3.625983 554234.558656 4182955.476702 -2.316401 0.157222 1.8167
 -5.79541 -1.159082 -10.220996 0.815144 3.625983 554234.558656 4182955.476702 -2.316401 0.157222 1.3257
 -5.79541 -1.053711 -10.010254 0.758927 3.794634 554234.588189 4182955.458377 -2.392672 0.784444 0.4419
