
978409041.308510,0.000001,0.000000,-0.000246,0.000000,0.000145,-0.628319,0.000000,0.000000,-1.023886,-0.224673,-1.221268,0.783811,3.707200,0.006013
978409041.408318,0.000002,0.000000,-0.000750,-0.000050,0.000384,-0.628319,0.000000,0.000000,-1.023886,-0.224673,-1.221268,0.783810,3.707200,0.006013
978409041.508318,0.000004,0.000001,-0.001512,-0.000204,0.000671,-0.628319,0.000000,-0.000000,-1.023886,-0.224673,-1.221268,0.783809,3.707200,0.006013
978409041.608318,0.000003,0.000001,-0.001483,-0.000358,0.000413,-0.628319,0.000000,-0.000000,-1.023886,-0.224673,-1.221268,0.783809,3.707199,0.006013
978409041.708317,0.000006,0.000002,-0.001443,-0.000514,0.000797,-0.628319,0.000000,-0.000000,-1.023886,-0.224672,-1.221268,0.783809,3.707199,0.006013
978409041.808318,0.000003,0.000001,-0.001386,-0.000669,0.000484,-0.628319,0.000000,-0.000000,-1.023886,-0.224672,-1.221268,0.783809,3.707199,0.006013
978409041.908318,0.000001,0.000001,-0.001302,-0.000817,0.000210,-0.628319,0.000000,-0.000000,-1.023886,-0.224672,-1.221268,0.783809,3.707199,0.006013
978409042.008544,-0.000003,-0.000001,-0.001184,-0.000952,-0.000028,-0.628319,-0.000000,0.000000,-1.023886,-0.224672,-1.221268,0.783810,3.707202,0.006013
978409042.108318,-0.000007,-0.000003,-0.004683,-0.002747,-0.000232,-0.628319,-0.000001,0.000000,-1.023886,-0.224669,-1.221268,0.783808,3.707202,0.006013
978409042.208367,-0.000012,-0.000007,-0.001988,-0.001669,-0.000405,-0.628319,-0.000001,0.000001,-1.023887,-0.224673,-1.221268,0.783805,3.707202,0.006013
978409042.308317,-0.000018,-0.000012,0.000565,-0.000260,-0.000553,-0.628319,-0.000003,0.000002,-1.023887,-0.224676,-1.221269,0.783803,3.707203,0.006013
978409042.408341,-0.000016,-0.000015,-0.001125,-0.000915,0.000083,-0.628319,-0.000005,0.000004,-1.023886,-0.224676,-1.221268,0.783798,3.707203,0.006013
978409042.508317,-0.000017,-0.000020,-0.002675,-0.001651,0.000617,-0.628319,-0.000007,0.000005,-1.023886,-0.224677,-1.221268,0.783793,3.707203,0.006013
978409042.608318,-0.000029,-0.000032,-0.000139,-0.000008,0.000300,-0.628319,-0.000013,0.000010,-1.023886,-0.224680,-1.221268,0.783789,3.707204,0.006013
978409042.708491,-0.000033,-0.000043,-0.000237,-0.000197,0.000802,-0.628319,-0.000020,0.000014,-1.023886,-0.224679,-1.221267,0.783791,3.707204,0.006013
978409042.808342,-0.000051,-0.000066,-0.000276,-0.000367,0.000453,-0.628319,-0.000032,0.000023,-1.023886,-0.224679,-1.221268,0.783792,3.707209,0.006013
978409042.908502,-0.000060,-0.000087,-0.000262,-0.000513,0.000932,-0.628319,-0.000046,0.000033,-1.023886,-0.224679,-1.221268,0.783793,3.707210,0.006013
978409043.008456,-0.000085,-0.000123,-0.000201,-0.000633,0.000561,-0.628319,-0.000069,0.000050,-1.023886,-0.224678,-1.221268,0.783794,3.707210,0.006013
978409043.108341,-0.000099,-0.000157,-0.000098,-0.000726,0.001024,-0.628319,-0.000094,0.000068,-1.023885,-0.224678,-1.221268,0.783796,3.707211,0.006013
978409043.208485,-0.000132,-0.000213,0.000038,-0.000793,0.000638,-0.628319,-0.000134,0.000097,-1.023886,-0.224678,-1.221269,0.783797,3.707212,0.006013
978409043.308341,-0.000168,-0.000279,0.002314,0.001085,0.000317,-0.628319,-0.000184,0.000133,-1.023886,-0.224679,-1.221268,0.783792,3.707212,0.006013
978409043.408358,-0.000193,-0.000345,0.002008,0.000939,0.000821,-0.628319,-0.000240,0.000175,-1.023885,-0.224678,-1.221267,0.783796,3.707213,0.006013
978409043.508318,-0.000237,-0.000438,-0.000024,0.000216,0.000470,-0.628319,-0.000319,0.000232,-1.023886,-0.224679,-1.221268,0.783789,3.707214,0.006013
978409043.608547,-0.000286,-0.000548,-0.000165,-0.000012,0.000178,-0.628319,-0.000417,0.000303,-1.023886,-0.224679,-1.221267,0.783792,3.707214,0.006013
978409043.708318,-0.000337,-0.000670,0.001869,0.001702,-0.000066,-0.628319,-0.000533,0.000387,-1.023886,-0.224680,-1.221267,0.783786,3.707215,0.006013
978409043.808369,-0.000391,-0.000808,0.001362,0.001402,-0.000269,-0.628319,-0.000670,0.000487,-1.023886,-0.224679,-1.221268,0.783790,3.707216,0.006013
978409043.908372,-0.000448,-0.000963,0.000921,0.001102,-0.000438,-0.628319,-0.000832,0.000605,-1.023887,-0.224679,-1.221268,0.783795,3.707224,0.006013
978409044.008320,-0.000505,-0.001132,-0.001573,-0.001110,-0.000579,-0.628320,-0.001019,0.000740,-1.023887,-0.224677,-1.221268,0.783808,3.707225,0.006013
978409044.108371,-0.000565,-0.001318,-0.001379,-0.001257,-0.000696,-0.628320,-0.001234,0.000897,-1.023887,-0.224677,-1.221269,0.783809,3.707226,0.006013
978409044.208318,-0.000625,-0.001518,-0.001138,-0.001363,-0.000793,-0.628321,-0.001478,0.001074,-1.023887,-0.224677,-1.221269,0.783810,3.707227,0.006013
978409044.308458,-0.000686,-0.001734,-0.000853,-0.001424,-0.000874,-0.628321,-0.001754,0.001274,-1.023887,-0.224677,-1.221270,0.783811,3.707228,0.006013
978409044.408318,-0.000726,-0.001935,-0.000520,-0.001428,-0.000169,-0.628322,-0.002040,0.001482,-1.023887,-0.224677,-1.221269,0.783812,3.707229,0.006013
978409044.508502,-0.000785,-0.002171,-0.004094,-0.003909,-0.000352,-0.628326,-0.002374,0.001725,-1.023887,-0.224677,-1.221266,0.783812,3.707230,0.006013
978409044.608318,-0.000823,-0.002392,-0.004934,-0.004381,0.000268,-0.628328,-0.002722,0.001978,-1.023886,-0.224678,-1.221266,0.783794,3.707222,0.006013
978409044.708341,-0.000878,-0.002647,-0.003542,-0.002937,0.000014,-0.628326,-0.003120,0.002267,-1.023886,-0.224681,-1.221265,0.783763,3.707223,0.006013
978409044.808317,-0.000927,-0.002904,-0.000729,-0.001017,-0.000199,-0.628324,-0.003547,0.002577,-1.023887,-0.224682,-1.221264,0.783747,3.707224,0.006013
978409044.908341,-0.000955,-0.003145,-0.000508,-0.001079,0.000396,-0.628325,-0.003989,0.002898,-1.023886,-0.224681,-1.221264,0.783749,3.707235,0.006013
978409045.008320,-0.000982,-0.003396,-0.000269,-0.001117,0.000894,-0.628327,-0.004470,0.003247,-1.023885,-0.224681,-1.221265,0.783751,3.707236,0.006013
978409045.108460,-0.001024,-0.003673,-0.000028,-0.001141,0.000537,-0.628329,-0.005000,0.003633,-1.023885,-0.224681,-1.221264,0.783753,3.707249,0.006013
978409045.208491,-0.001058,-0.003946,0.002377,0.000801,0.000239,-0.628324,-0.005557,0.004038,-1.023886,-0.224682,-1.221264,0.783741,3.707250,0.006013
978409045.308368,-0.001086,-0.004217,0.004283,0.002627,-0.000010,-0.628319,-0.006144,0.004464,-1.023886,-0.224683,-1.221265,0.783732,3.707262,0.006013
978409045.408501,-0.001107,-0.004484,0.003611,0.002416,-0.000218,-0.628320,-0.006757,0.004910,-1.023886,-0.224682,-1.221263,0.783743,3.707264,0.006013
978409045.508371,-0.001107,-0.004733,0.005103,0.004098,0.000380,-0.628312,-0.007394,0.005372,-1.023885,-0.224682,-1.221262,0.783737,3.707265,0.006013
978409045.608318,-0.001100,-0.004974,0.006142,0.005622,0.000880,-0.628303,-0.008057,0.005854,-1.023884,-0.224682,-1.221260,0.783735,3.707266,0.006013
978409045.708318,-0.001092,-0.005221,0.004988,0.006405,0.001297,-0.628294,-0.008764,0.006368,-1.023883,-0.224683,-1.221259,0.783718,3.707268,0.006013
978409045.808318,-0.001096,-0.005487,0.001420,0.005008,0.000873,-0.628294,-0.009524,0.006920,-1.023884,-0.224683,-1.221259,0.783717,3.707269,0.006013
978409045.908318,-0.001083,-0.005720,-0.002276,0.002109,0.000518,-0.628304,-0.010282,0.007470,-1.023885,-0.224681,-1.221260,0.783749,3.707283,0.006013
978409046.008320,-0.001070,-0.005963,-0.005209,-0.000606,0.000222,-0.628316,-0.011091,0.008058,-1.023885,-0.224680,-1.221261,0.783773,3.707285,0.006013
978409046.108546,-0.001053,-0.006209,-0.005295,-0.001189,-0.000026,-0.628317,-0.011952,0.008683,-1.023886,-0.224679,-1.221262,0.783772,3.707286,0.006013
978409046.208318,-0.001025,-0.006435,-0.005204,-0.001674,-0.000234,-0.628318,-0.012830,0.009322,-1.023886,-0.224679,-1.221263,0.783770,3.707288,0.006013
978409046.308363,-0.000989,-0.006650,-0.004989,-0.002086,-0.000408,-0.628320,-0.013738,0.009982,-1.023886,-0.224679,-1.221263,0.783767,3.707290,0.006013
978409046.408318,-0.000931,-0.006833,-0.004661,-0.002422,0.000219,-0.628322,-0.014662,0.010653,-1.023885,-0.224679,-1.221264,0.783764,3.707291,0.006013
978409046.508318,-0.000866,-0.007003,-0.003853,-0.001305,0.000741,-0.628310,-0.015614,0.011344,-1.023884,-0.224682,-1.221262,0.783719,3.707293,0.006013
978409046.608318,-0.000817,-0.007197,-0.001595,0.000245,0.000405,-0.628297,-0.016635,0.012086,-1.023884,-0.224683,-1.221263,0.783698,3.707294,0.006013
978409046.708318,-0.000758,-0.007370,-0.001821,-0.000159,0.000123,-0.628299,-0.017677,0.012843,-1.023885,-0.224683,-1.221264,0.783702,3.707296,0.006013
978409046.808491,-0.000695,-0.007546,0.000208,0.001420,-0.000113,-0.628285,-0.018784,0.013648,-1.023886,-0.224684,-1.221262,0.783684,3.707297,0.006013
978409046.908343,-0.000608,-0.007685,-0.002067,0.000419,0.000462,-0.628287,-0.019907,0.014463,-1.023884,-0.224685,-1.221260,0.783670,3.707299,0.006013
978409047.008507,-0.000515,-0.007809,-0.002352,-0.000052,0.000940,-0.628289,-0.021063,0.015303,-1.023883,-0.224685,-1.221261,0.783674,3.707317,0.006013
978409047.108318,-0.000417,-0.007918,-0.004618,-0.002374,0.001339,-0.628308,-0.022250,0.016165,-1.023882,-0.224683,-1.221262,0.783700,3.707319,0.006013
978409047.208318,-0.000331,-0.008033,-0.004142,-0.002583,0.000900,-0.628311,-0.023481,0.017060,-1.023883,-0.224683,-1.221263,0.783696,3.707337,0.006013
978409047.308453,-0.000239,-0.008140,-0.001454,-0.000783,0.000532,-0.628295,-0.024765,0.017993,-1.023883,-0.224684,-1.221261,0.783668,3.707339,0.006013
978409047.408318,-0.000143,-0.008234,-0.001351,-0.000979,0.000223,-0.628298,-0.026085,0.018951,-1.023884,-0.224684,-1.221262,0.783671,3.707341,0.006013
978409047.508453,-0.000043,-0.008332,-0.002985,-0.001724,-0.000035,-0.628301,-0.027485,0.019969,-1.023885,-0.224685,-1.221259,0.783649,3.707325,0.006013
978409047.608318,0.000063,-0.008410,-0.004783,-0.003822,-0.000252,-0.628323,-0.028916,0.021008,-1.023885,-0.224684,-1.221257,0.783672,3.707327,0.006013
978409047.708554,0.000191,-0.008459,0.000403,0.000073,0.000338,-0.628287,-0.030395,0.022083,-1.023884,-0.224686,-1.221255,0.783614,3.707329,0.006013
978409047.808318,0.000306,-0.008512,0.002482,0.001857,0.000057,-0.628271,-0.031919,0.023190,-1.023884,-0.224687,-1.221256,0.783596,3.707331,0.006013
978409047.908503,0.000443,-0.008530,0.000148,0.000985,0.000594,-0.628273,-0.033472,0.024319,-1.023883,-0.224688,-1.221253,0.783584,3.707333,0.006013
978409048.008508,0.000544,-0.008592,-0.000149,0.000693,-0.000503,-0.628276,-0.035118,0.025514,-1.023886,-0.224687,-1.221251,0.783592,3.707354,0.006013
978409048.108342,0.000671,-0.008607,-0.000445,0.000355,-0.000648,-0.628279,-0.036778,0.026720,-1.023886,-0.224686,-1.221252,0.783601,3.707356,0.006013
978409048.208494,0.000784,-0.008637,-0.000652,0.000048,-0.001542,-0.628282,-0.038512,0.027980,-1.023889,-0.224686,-1.221253,0.783608,3.707358,0.006013
978409048.308318,0.000919,-0.008628,-0.000754,-0.000207,-0.001518,-0.628285,-0.040273,0.029260,-1.023889,-0.224686,-1.221254,0.783614,3.707360,0.006013
978409048.408356,0.001058,-0.008604,-0.000873,-0.000506,-0.001499,-0.628289,-0.042075,0.030569,-1.023890,-0.224687,-1.221255,0.783621,3.707362,0.006013
978409048.508318,0.001199,-0.008565,-0.000816,-0.000683,-0.001484,-0.628292,-0.043913,0.031904,-1.023890,-0.224687,-1.221257,0.783626,3.707364,0.006013
978409048.608572,0.001343,-0.008513,0.001402,0.001078,-0.001473,-0.628276,-0.045793,0.033270,-1.023891,-0.224688,-1.221254,0.783602,3.707366,0.006013
978409048.708318,0.001489,-0.008443,0.003258,0.002817,-0.001465,-0.628258,-0.047705,0.034659,-1.023891,-0.224688,-1.221255,0.783585,3.707368,0.006013
978409048.808501,0.001634,-0.008366,0.002531,0.002506,-0.001459,-0.628261,-0.049661,0.036080,-1.023891,-0.224686,-1.221252,0.783603,3.707349,0.006013
978409048.908317,0.001779,-0.008272,0.003993,0.004093,-0.001456,-0.628244,-0.051632,0.037512,-1.023892,-0.224686,-1.221250,0.783591,3.707330,0.006013
978409049.008497,0.001909,-0.008181,0.002864,0.003586,-0.002226,-0.628246,-0.053637,0.038968,-1.023895,-0.224685,-1.221251,0.783615,3.707332,0.006013
978409049.108318,0.002061,-0.008050,0.001812,0.003029,-0.002098,-0.628249,-0.055662,0.040440,-1.023895,-0.224684,-1.221248,0.783636,3.707335,0.006013
978409049.208494,0.002210,-0.007913,0.000903,0.002482,-0.001992,-0.628252,-0.057728,0.041941,-1.023895,-0.224683,-1.221249,0.783655,3.707337,0.006013
978409049.308340,0.002360,-0.007756,-0.002035,-0.000002,-0.001905,-0.628273,-0.059795,0.043443,-1.023896,-0.224682,-1.221246,0.783703,3.707340,0.006013
978409049.408498,0.002490,-0.007609,-0.002219,-0.000419,-0.002606,-0.628276,-0.061898,0.044970,-1.023899,-0.224682,-1.221248,0.783708,3.707365,0.006013
978409049.508499,0.002638,-0.007435,-0.000073,0.001215,-0.002419,-0.628259,-0.064031,0.046520,-1.023899,-0.224682,-1.221253,0.783679,3.707367,0.006013
978409049.608371,0.002783,-0.007254,0.001624,0.002733,-0.002265,-0.628243,-0.066197,0.048094,-1.023899,-0.224683,-1.221250,0.783658,3.707369,0.006013
978409049.708317,0.002925,-0.007066,0.000778,0.002204,-0.002136,-0.628245,-0.068393,0.049689,-1.023900,-0.224682,-1.221252,0.783677,3.707372,0.006013
978409049.808370,0.003081,-0.006856,0.000091,0.001717,-0.001258,-0.628247,-0.070624,0.051310,-1.023897,-0.224681,-1.221253,0.783693,3.707350,0.006013
978409049.908318,0.003213,-0.006666,-0.002232,0.000695,-0.001298,-0.628246,-0.072890,0.052956,-1.023898,-0.224681,-1.221255,0.783672,3.707353,0.006013
978409050.008320,0.003362,-0.006436,-0.004372,-0.000408,-0.000560,-0.628246,-0.075142,0.054592,-1.023896,-0.224681,-1.221251,0.783644,3.707355,0.006013
978409050.108318,0.003488,-0.006224,-0.006631,-0.002885,-0.000716,-0.628262,-0.077423,0.056249,-1.023897,-0.224680,-1.221253,0.783679,3.707358,0.006013
978409050.208491,0.003610,-0.005996,-0.008289,-0.005194,-0.000847,-0.628279,-0.079664,0.057877,-1.023897,-0.224680,-1.221254,0.783704,3.707361,0.006013
978409050.308318,0.003732,-0.005756,-0.009246,-0.007191,-0.000958,-0.628294,-0.081918,0.059515,-1.023898,-0.224679,-1.221251,0.783718,3.707389,0.006013
978409050.408501,0.003847,-0.005521,-0.007516,-0.007011,-0.001051,-0.628295,-0.084202,0.061174,-1.023899,-0.224680,-1.221253,0.783689,3.707391,0.006013
978409050.508317,0.003959,-0.005276,-0.005764,-0.006686,-0.001129,-0.628297,-0.086471,0.062823,-1.023899,-0.224680,-1.221254,0.783663,3.707394,0.006013
978409050.608318,0.004087,-0.005003,-0.004023,-0.006229,-0.000424,-0.628298,-0.088753,0.064480,-1.023897,-0.224681,-1.221251,0.783641,3.707397,0.006013
978409050.708318,0.004177,-0.004788,-0.002391,-0.005719,-0.000606,-0.628301,-0.091095,0.066182,-1.023898,-0.224682,-1.221247,0.783624,3.707399,0.006013
978409050.808318,0.004278,-0.004536,0.001350,-0.003155,-0.000760,-0.628292,-0.093415,0.067867,-1.023899,-0.224683,-1.221244,0.783574,3.707402,0.006013
978409050.908318,0.004391,-0.004249,0.006615,0.001259,-0.000117,-0.628272,-0.095676,0.069510,-1.023897,-0.224684,-1.221245,0.783501,3.707404,0.006013
978409051.008320,0.004472,-0.004010,0.006446,0.001515,-0.000352,-0.628276,-0.097980,0.071184,-1.023898,-0.224684,-1.221242,0.783526,3.707380,0.006013
978409051.108547,0.004548,-0.003757,0.006206,0.001721,-0.000549,-0.628280,-0.100220,0.072811,-1.023899,-0.224683,-1.221243,0.783552,3.707383,0.006013
978409051.208318,0.004637,-0.003490,0.005896,0.001868,0.000059,-0.628284,-0.102476,0.074450,-1.023896,-0.224682,-1.221245,0.783578,3.707386,0.006013
978409051.308365,0.004700,-0.003253,0.005526,0.001957,-0.000206,-0.628287,-0.104749,0.076102,-1.023897,-0.224681,-1.221247,0.783604,3.707416,0.006013
978409051.408318,0.004756,-0.003018,0.007259,0.003929,-0.000427,-0.628282,-0.107001,0.077738,-1.023898,-0.224680,-1.221248,0.783592,3.707419,0.006013
978409051.508317,0.004810,-0.002781,0.006304,0.003769,-0.000613,-0.628285,-0.109257,0.079377,-1.023899,-0.224679,-1.221245,0.783628,3.707422,0.006013
978409051.608318,0.004876,-0.002526,0.003587,0.002974,0.000004,-0.628286,-0.111490,0.081000,-1.023897,-0.224679,-1.221246,0.783623,3.707425,0.006013
978409051.708318,0.004918,-0.002299,0.004906,0.004545,-0.000252,-0.628282,-0.113733,0.082629,-1.023898,-0.224680,-1.221248,0.783610,3.707428,0.006013
978409051.808372,0.004958,-0.002063,0.005788,0.005953,-0.000468,-0.628278,-0.115936,0.084229,-1.023899,-0.224680,-1.221244,0.783606,3.707402,0.006013
978409051.908505,0.004999,-0.001847,0.004169,0.005291,0.000125,-0.628279,-0.118186,0.085864,-1.023897,-0.224678,-1.221240,0.783648,3.707376,0.006013
978409052.008506,0.005020,-0.001650,0.000896,0.004001,-0.000152,-0.628278,-0.120434,0.087497,-1.023898,-0.224678,-1.221236,0.783644,3.707379,0.006013
978409052.108319,0.005023,-0.001469,0.001781,0.005108,-0.001155,-0.628273,-0.122676,0.089126,-1.023902,-0.224679,-1.221232,0.783630,3.707382,0.006013
978409052.208319,0.005040,-0.001277,0.000229,0.004174,-0.001221,-0.628272,-0.124930,0.090764,-1.023903,-0.224678,-1.221234,0.783663,3.707415,0.006013
978409052.308493,0.005049,-0.001103,-0.001103,0.003253,-0.001276,-0.628271,-0.127204,0.092415,-1.023904,-0.224677,-1.221230,0.783689,3.707448,0.006013
978409052.408318,0.005055,-0.000935,-0.002213,0.002363,-0.001322,-0.628269,-0.129483,0.094071,-1.023905,-0.224676,-1.221232,0.783710,3.707451,0.006013
978409052.508367,0.005068,-0.000737,-0.003113,0.001511,-0.001360,-0.628267,-0.131691,0.095675,-1.023905,-0.224676,-1.221228,0.783726,3.707454,0.006013
978409052.608319,0.005073,-0.000559,-0.003787,0.000725,-0.001392,-0.628264,-0.133916,0.097292,-1.023906,-0.224676,-1.221230,0.783736,3.707457,0.006013
978409052.708538,0.005069,-0.000397,-0.004248,0.000016,-0.001418,-0.628261,-0.136157,0.098920,-1.023907,-0.224676,-1.221232,0.783742,3.707429,0.006013
978409052.808318,0.005062,-0.000247,-0.006652,-0.002542,-0.001440,-0.628259,-0.138405,0.100553,-1.023908,-0.224674,-1.221227,0.783789,3.707433,0.006013
978409052.908501,0.005051,-0.000104,-0.008012,-0.003519,-0.001458,-0.628254,-0.140657,0.102189,-1.023908,-0.224676,-1.221223,0.783732,3.707436,0.006013
978409053.008320,0.005034,0.000026,-0.009126,-0.004455,-0.001473,-0.628251,-0.142920,0.103833,-1.023909,-0.224677,-1.221225,0.783669,3.707407,0.006013
978409053.108372,0.005041,0.000193,-0.010003,-0.005336,-0.000713,-0.628248,-0.145162,0.105462,-1.023906,-0.224679,-1.221221,0.783599,3.707411,0.006013
978409053.208318,0.005040,0.000344,-0.008870,-0.005574,-0.000079,-0.628246,-0.147415,0.107099,-1.023903,-0.224679,-1.221223,0.783569,3.707414,0.006013
978409053.308369,0.005013,0.000454,-0.007612,-0.005650,-0.000320,-0.628245,-0.149681,0.108745,-1.023905,-0.224680,-1.221225,0.783540,3.707417,0.006013
978409053.408318,0.004984,0.000561,-0.004135,-0.003651,-0.000521,-0.628246,-0.151947,0.110391,-1.023906,-0.224681,-1.221227,0.783467,3.707421,0.006013
978409053.508318,0.004951,0.000654,-0.003254,-0.003591,-0.000689,-0.628246,-0.154222,0.112044,-1.023907,-0.224682,-1.221229,0.783456,3.707424,0.006013
978409053.608547,0.004919,0.000741,-0.002358,-0.003456,-0.000829,-0.628247,-0.156543,0.113730,-1.023908,-0.224682,-1.221231,0.783446,3.707427,0.006013
978409053.708318,0.004883,0.000816,-0.001460,-0.003250,-0.000946,-0.628248,-0.158873,0.115423,-1.023909,-0.224682,-1.221226,0.783439,3.707431,0.006013
978409053.808367,0.004850,0.000899,0.001545,-0.001066,-0.001043,-0.628252,-0.161190,0.117106,-1.023910,-0.224683,-1.221222,0.783388,3.707434,0.006013
978409053.908318,0.004812,0.000968,0.004020,0.001031,-0.001124,-0.628256,-0.163516,0.118796,-1.023910,-0.224684,-1.221217,0.783352,3.707438,0.006013
978409054.008320,0.004772,0.001029,0.005949,0.002988,-0.001191,-0.628261,-0.165846,0.120489,-1.023911,-0.224685,-1.221219,0.783330,3.707441,0.006013
978409054.108319,0.004728,0.001079,0.005241,0.002871,-0.001246,-0.628262,-0.168183,0.122187,-1.023912,-0.224685,-1.221221,0.783369,3.707410,0.006013
978409054.208318,0.004678,0.001110,0.006666,0.004624,-0.001292,-0.628267,-0.170535,0.123895,-1.023913,-0.224685,-1.221223,0.783357,3.707414,0.006013
978409054.308341,0.004629,0.001141,0.003335,0.002339,-0.001330,-0.628263,-0.172882,0.125600,-1.023914,-0.224683,-1.221219,0.783453,3.707418,0.006013
978409054.408318,0.004569,0.001139,0.002682,0.002049,-0.001361,-0.628263,-0.175258,0.127327,-1.023915,-0.224684,-1.221221,0.783484,3.707421,0.006013
978409054.508500,0.004502,0.001143,0.002103,0.001759,-0.002159,-0.628262,-0.177602,0.129029,-1.023920,-0.224683,-1.221216,0.783512,3.707390,0.006013
978409054.608318,0.004455,0.001173,0.001585,0.001461,-0.002052,-0.628261,-0.179889,0.130691,-1.023920,-0.224683,-1.221218,0.783537,3.707393,0.006013
978409054.708357,0.004411,0.001211,-0.000989,-0.000753,-0.001964,-0.628256,-0.182163,0.132343,-1.023921,-0.224681,-1.221213,0.783609,3.707397,0.006013
978409054.808318,0.004381,0.001258,-0.000875,-0.000908,-0.001117,-0.628255,-0.184440,0.133997,-1.023917,-0.224681,-1.221216,0.783617,3.707365,0.006013
978409054.908318,0.004350,0.001301,-0.000701,-0.001017,-0.000410,-0.628254,-0.186712,0.135648,-1.023914,-0.224681,-1.221211,0.783623,3.707332,0.006013
978409055.008320,0.004317,0.001341,-0.000496,-0.001096,0.000181,-0.628253,-0.188981,0.137296,-1.023911,-0.224681,-1.221206,0.783630,3.707336,0.006013
978409055.108318,0.004280,0.001374,-0.002016,-0.001698,0.000675,-0.628252,-0.191251,0.138945,-1.023908,-0.224682,-1.221201,0.783586,3.707340,0.006013
978409055.208341,0.004225,0.001381,-0.001277,-0.000417,0.000316,-0.628256,-0.193517,0.140591,-1.023910,-0.224683,-1.221196,0.783484,3.707344,0.006013
978409055.308318,0.004171,0.001388,-0.001273,-0.000662,0.000017,-0.628256,-0.195777,0.142233,-1.023911,-0.224684,-1.221198,0.783493,3.707348,0.006013
978409055.408509,0.004116,0.001388,-0.002952,-0.001422,-0.000232,-0.628256,-0.198039,0.143877,-1.023912,-0.224684,-1.221200,0.783448,3.707352,0.006013
978409055.508318,0.004062,0.001389,-0.002713,-0.001658,-0.000441,-0.628255,-0.200291,0.145513,-1.023914,-0.224685,-1.221195,0.783449,3.707356,0.006013
978409055.608318,0.004007,0.001383,-0.000234,0.000120,-0.000614,-0.628260,-0.202543,0.147149,-1.023915,-0.224685,-1.221197,0.783396,3.707360,0.006013
978409055.708318,0.003971,0.001396,0.001810,0.001829,0.000014,-0.628264,-0.204792,0.148782,-1.023911,-0.224686,-1.221200,0.783357,3.707364,0.006013
978409055.808318,0.003916,0.001385,0.001287,0.001508,-0.000234,-0.628264,-0.207035,0.150412,-1.023913,-0.224685,-1.221202,0.783383,3.707329,0.006013
978409055.908318,0.003861,0.001380,0.002971,0.003116,-0.000440,-0.628268,-0.209215,0.151995,-1.023914,-0.224686,-1.221197,0.783354,3.707334,0.006013
978409056.008320,0.003825,0.001393,0.004235,0.004602,0.000159,-0.628272,-0.211390,0.153576,-1.023911,-0.224686,-1.221191,0.783337,3.707338,0.006013
978409056.108492,0.003771,0.001404,0.003333,0.005380,-0.000111,-0.628275,-0.213383,0.155024,-1.023912,-0.224687,-1.221194,0.783276,3.707342,0.006013
978409056.208343,0.003715,0.001408,0.000011,0.003989,-0.000337,-0.628274,-0.215375,0.156470,-1.023914,-0.224687,-1.221188,0.783270,3.707346,0.006013
978409056.308388,0.003688,0.001456,-0.001241,0.003095,0.000247,-0.628272,-0.217334,0.157894,-1.023910,-0.224686,-1.221191,0.783304,3.707350,0.006013
978409056.408319,0.003627,0.001458,-0.002300,0.002214,-0.000037,-0.628270,-0.219202,0.159251,-1.023912,-0.224686,-1.221193,0.783330,3.707354,0.006013
978409056.508318,0.003554,0.001447,-0.003124,0.001396,-0.001045,-0.628268,-0.221053,0.160596,-1.023918,-0.224685,-1.221196,0.783350,3.707358,0.006013
978409056.608319,0.003500,0.001453,-0.003737,0.000641,-0.001115,-0.628265,-0.222900,0.161938,-1.023919,-0.224685,-1.221198,0.783364,3.707363,0.006013
978409056.708318,0.003446,0.001455,-0.004148,-0.000041,-0.001173,-0.628263,-0.224743,0.163277,-1.023920,-0.224685,-1.221201,0.783372,3.707367,0.006013
978409056.808318,0.003392,0.001453,-0.004368,-0.000640,-0.001221,-0.628261,-0.226581,0.164612,-1.023921,-0.224685,-1.221203,0.783376,3.707371,0.006013
978409056.908319,0.003357,0.001470,-0.006183,-0.001721,-0.000489,-0.628259,-0.228412,0.165942,-1.023917,-0.224686,-1.221206,0.783321,3.707375,0.006013
978409057.008555,0.003319,0.001501,-0.005958,-0.002207,0.000123,-0.628257,-0.230057,0.167137,-1.023914,-0.224685,-1.221209,0.783311,3.707380,0.006013
978409057.108318,0.003281,0.001529,-0.007354,-0.003160,0.000634,-0.628256,-0.231695,0.168327,-1.023910,-0.224686,-1.221211,0.783244,3.707343,0.006013
978409057.208368,0.003242,0.001555,-0.008520,-0.004084,0.001061,-0.628255,-0.233323,0.169510,-1.023907,-0.224688,-1.221205,0.783167,3.707347,0.006013
978409057.308318,0.003220,0.001617,-0.007674,-0.004386,0.002190,-0.628254,-0.234761,0.170554,-1.023899,-0.224688,-1.221200,0.783140,3.707351,0.006013
978409057.408341,0.007451,0.013206,-0.023917,-0.020079,0.004497,-0.628217,-0.224197,0.162880,-1.023885,-0.224683,-1.221151,0.783575,3.707313,0.006013
978409057.508334,0.007016,0.012783,-0.012100,-0.011914,-0.000363,-0.628175,-0.225385,0.163743,-1.023914,-0.224692,-1.221128,0.783137,3.707275,0.006013
978409057.608318,0.000790,-0.003743,-0.022813,-0.019495,0.003552,-0.628234,-0.243604,0.176978,-1.023885,-0.224706,-1.221088,0.783011,3.707280,0.006013
978409057.708341,-0.003480,-0.015181,-0.029273,-0.030797,-0.003255,-0.628300,-0.256798,0.186563,-1.023924,-0.224698,-1.221134,0.783388,3.707328,0.006013
978409057.808318,-0.014384,-0.046030,-0.011125,-0.024448,0.016868,-0.628933,-0.291400,0.211698,-1.023789,-0.224650,-1.221154,0.783425,3.707514,0.006014
978409057.908502,-0.023741,-0.074071,0.015617,-0.007547,0.044509,-0.629860,-0.324474,0.235730,-1.023591,-0.224310,-1.221130,0.783168,3.707834,0.006014
978409058.008320,-0.033397,-0.104010,0.069496,0.039202,0.074643,-0.630327,-0.360591,0.261989,-1.023357,-0.223439,-1.221019,0.781998,3.707887,0.006015
978409058.108318,-0.040212,-0.127262,0.051124,0.031533,0.104411,-0.630245,-0.390983,0.284110,-1.023107,-0.224011,-1.220888,0.782559,3.707757,0.006014
978409058.208362,-0.044285,-0.143402,0.062784,0.050135,0.122260,-0.628724,-0.414629,0.301327,-1.022916,-0.223438,-1.220766,0.782133,3.707995,0.006015
978409058.308318,-0.040828,-0.139502,0.074976,0.071552,0.139210,-0.625665,-0.418137,0.303856,-1.022722,-0.222637,-1.220625,0.781682,3.707944,0.006015
978409058.408318,-29.419576,-1255.128963,-72.514329,-73.822398,1.512712,-2.338268,-11213.939520,8149.058285,-0.888394,-4.375044,-1.219821,3.014740,3.730899,0.006041
978409058.508491,-105935.684400,-298156.703290,-5734467.792818,-4943796.111035,4519.956250,-635590.644200,-331516.139756,256926.398381,94.910891,70812.453691,2.808102,155094.003878,10679.272818,11.744501
978409058.608554,1889410437865.778320,5135065175369.180664,-2847969216667.805176,-329394581386.359253,-82996329657.822205,-22689898463600.777344,3681242779371.924805,4997676605619.192383,-1665851271.623758,64090359815.789444,-82603575.632970,19356766247.932850,1458579433.204033,1599409.177424
978409058.708358,101739361141086165730852864.000000,10221934140055835421704192.000000,-1807769095480743728349446144.000000,-182580267306286743239524352.000000,-3906810527762683174846464.000000,-933738422422243399616692224.000000,-141782755574665926714327040.000000,277981646380035415006511104.000000,-17814375186715709014016.000000,24342539273780009631744.000000,-4640815460666225197056.000000,10580408140981874345377792.000000,24611226303846741442560.000000,27177956819984441344.000000
978409058.808373,-462261248436081594091011544244610169651375705702793216.000000,-46226590596465948148998746939241102115520522544480256.000000,-52789575680237141392615609840706592298401825135001600.000000,-5331437961668084720790049143218077773181869052919808.000000,18275177718359425999184468292148719057558542066122752.000000,2460722630885789814530652962028173733296504569856.000000,-10311975236977052573796563156508744063183710797348995072.000000,10311975236977052573796563156508744063183710797348995072.000000,-14094650675628825428396192965351159401426257444864.000000,-742870948090660630335788539044685898223024676536320.000000,-32641013307341349155179937702287921252616235909120.000000,309199228147280902925790811259326297824312495702016.000000,-27403914502815768978162297083662512667306108125184.000000,-30159434525735292871777469138470878468510842880.000000
978409058.908357,nan,nan,nan,nan,nan,nan,nan,nan,nan,nan,nan,nan,nan,nan