
978409041.308510,0.758927,3.710309,-0.948340,-0.210742,-10.958594,-0.345221,0.182738,0.000000,0.000000,0.000000,0.007032,10S
978409041.408318,0.758927,3.710309,-0.948340,-0.210742,-10.958594,-0.374632,0.182544,0.000000,0.000000,0.000000,0.012147,10S
978409041.508318,0.758927,3.710309,-0.948340,-0.210742,-11.063965,-0.374632,0.182544,0.000000,0.000000,0.000000,0.005754,10S
978409041.608318,0.787035,3.682200,-1.053711,-0.210742,-10.958594,-0.404164,0.200869,0.000000,0.000000,0.000000,0.005754,10S
978409041.708317,0.787035,3.710309,-0.948340,-0.210742,-11.063965,-0.404164,0.200869,0.000000,0.000000,0.000000,0.002557,10S
978409041.808318,0.787035,3.710309,-1.053711,-0.210742,-10.958594,-0.433575,0.200676,0.000000,0.000000,0.000000,0.007032,10S
978409041.908318,0.787035,3.710309,-1.053711,-0.210742,-11.063965,-0.433575,0.200676,0.000000,0.000000,0.000000,0.008950,10S
978409042.008544,0.787035,3.738417,-1.053711,-0.210742,-11.063965,-0.433575,0.200676,0.000000,0.000000,0.000000,0.003836,10S
978409042.108318,0.758927,3.710309,-1.053711,-0.105371,-11.063965,-0.433575,0.200676,0.000000,0.000000,0.000000,0.005754,10S
978409042.208367,0.787035,3.710309,-1.053711,-0.316113,-11.063965,-0.433575,0.200676,0.000000,0.000000,0.000000,0.004475,10S
978409042.308317,0.787035,3.710309,-1.053711,-0.316113,-11.063965,-0.462986,0.200483,0.000000,0.000000,0.000000,0.003836,10S
978409042.408341,0.758927,3.710309,-0.948340,-0.210742,-10.958594,-0.462986,0.200483,0.000000,0.000000,0.000000,0.006393,10S
978409042.508317,0.758927,3.710309,-0.948340,-0.210742,-10.958594,-0.492397,0.200289,0.000000,0.000000,0.000000,0.008311,10S
978409042.608318,0.787035,3.710309,-1.053711,-0.316113,-11.063965,-0.492397,0.200289,0.000000,0.000000,0.000000,0.007032,10S
978409042.708491,0.787035,3.710309,-0.948340,-0.210742,-10.958594,-0.521808,0.200096,0.000000,0.000000,0.000000,0.005115,10S
978409042.808342,0.787035,3.738417,-1.053711,-0.210742,-11.063965,-0.521808,0.200096,0.000000,0.000000,0.000000,0.010229,10S
978409042.908502,0.787035,3.710309,-0.948340,-0.210742,-11.063965,-0.521808,0.200096,0.000000,0.000000,0.000000,0.009590,10S
978409043.008456,0.787035,3.710309,-1.053711,-0.210742,-11.063965,-0.551097,0.181386,0.000000,0.000000,0.000000,0.006393,10S
978409043.108341,0.787035,3.710309,-0.948340,-0.210742,-11.063965,-0.551097,0.181386,0.000000,0.000000,0.000000,0.006393,10S
978409043.208485,0.787035,3.710309,-1.053711,-0.210742,-11.063965,-0.580508,0.181193,0.000000,0.000000,0.000000,0.003836,10S
978409043.308341,0.787035,3.710309,-1.053711,-0.316113,-10.958594,-0.580508,0.181193,0.000000,0.000000,0.000000,0.008950,10S
978409043.408358,0.787035,3.710309,-0.948340,-0.210742,-10.958594,-0.609798,0.162482,0.000000,0.000000,0.000000,0.007672,10S
978409043.508318,0.758927,3.710309,-1.053711,-0.210742,-11.063965,-0.609798,0.162482,0.000000,0.000000,0.000000,0.008950,10S
978409043.608547,0.787035,3.710309,-1.053711,-0.210742,-10.958594,-0.639209,0.162289,0.000000,0.000000,0.000000,0.007672,10S
978409043.708318,0.787035,3.710309,-1.053711,-0.316113,-11.063965,-0.639209,0.162289,0.000000,0.000000,0.000000,0.003836,10S
978409043.808369,0.787035,3.710309,-1.053711,-0.210742,-11.063965,-0.639209,0.162289,0.000000,0.000000,0.000000,0.010229,10S
978409043.908372,0.787035,3.738417,-1.053711,-0.210742,-11.063965,-0.668498,0.143578,0.000000,0.000000,0.000000,0.007032,10S
978409044.008320,0.787035,3.710309,-1.053711,-0.105371,-11.063965,-0.668498,0.143578,0.000000,0.000000,0.000000,0.006393,10S
978409044.108371,0.787035,3.710309,-1.053711,-0.210742,-11.063965,-0.697787,0.124867,0.000000,0.000000,0.000000,0.006393,10S
978409044.208318,0.787035,3.710309,-1.053711,-0.210742,-11.063965,-0.697787,0.124867,0.000000,0.000000,0.000000,0.003836,10S
978409044.308458,0.787035,3.710309,-1.053711,-0.210742,-11.063965,-0.727077,0.106157,0.000000,0.000000,0.000000,0.004475,10S
978409044.408318,0.787035,3.710309,-0.948340,-0.210742,-10.958594,-0.727077,0.106157,0.000000,0.000000,0.000000,0.010868,10S
978409044.508502,0.758927,3.710309,-1.053711,-0.105371,-10.853223,-0.727077,0.106157,0.000000,0.000000,0.000000,0.006393,10S
978409044.608318,0.758927,3.682200,-0.948340,-0.210742,-11.063965,-0.727077,0.106157,0.000000,0.000000,0.000000,0.007032,10S
978409044.708341,0.758927,3.710309,-1.053711,-0.316113,-10.958594,-0.727077,0.106157,0.000000,0.000000,0.000000,0.004475,10S
978409044.808317,0.787035,3.710309,-1.053711,-0.316113,-10.958594,-0.785656,0.068735,0.000000,0.000000,0.000000,0.008950,10S
978409044.908341,0.787035,3.738417,-0.948340,-0.210742,-11.063965,-0.785656,0.068735,0.000000,0.000000,0.000000,0.008950,10S
978409045.008320,0.787035,3.710309,-0.948340,-0.210742,-11.063965,-0.814823,0.031507,0.000000,0.000000,0.000000,0.007032,10S
978409045.108460,0.787035,3.738417,-1.053711,-0.210742,-10.958594,-0.814823,0.031507,0.000000,0.000000,0.000000,0.003197,10S
978409045.208491,0.787035,3.710309,-1.053711,-0.316113,-11.063965,-0.814823,0.031507,0.000000,0.000000,0.000000,0.005754,10S
978409045.308368,0.787035,3.738417,-1.053711,-0.316113,-11.063965,-0.814823,0.031507,0.000000,0.000000,0.000000,0.003836,10S
978409045.408501,0.787035,3.710309,-1.053711,-0.210742,-10.958594,-0.814823,0.031507,0.000000,0.000000,0.000000,0.008311,10S
978409045.508371,0.787035,3.710309,-0.948340,-0.316113,-10.958594,-0.844113,0.012796,0.000000,0.000000,0.000000,0.007672,10S
978409045.608318,0.787035,3.710309,-0.948340,-0.316113,-10.958594,-0.844113,0.012796,0.000000,0.000000,0.000000,0.007032,10S
978409045.708318,0.758927,3.710309,-0.948340,-0.316113,-10.958594,-0.873402,-0.005914,0.000000,0.000000,0.000000,0.007672,10S
978409045.808318,0.758927,3.710309,-1.053711,-0.210742,-11.063965,-0.873402,-0.005914,0.000000,0.000000,0.000000,0.008311,10S
978409045.908318,0.787035,3.738417,-1.053711,-0.105371,-11.063965,-0.902570,-0.043143,0.000000,0.000000,0.000000,0.003197,10S
978409046.008320,0.787035,3.710309,-1.053711,-0.105371,-11.063965,-0.902570,-0.043143,0.000000,0.000000,0.000000,0.007672,10S
978409046.108546,0.787035,3.710309,-1.053711,-0.210742,-11.063965,-0.946565,-0.061950,0.000000,0.000000,0.000000,0.008950,10S
978409046.208318,0.787035,3.710309,-1.053711,-0.210742,-11.063965,-0.946565,-0.061950,0.000000,0.000000,0.000000,0.008950,10S
978409046.308363,0.787035,3.710309,-1.053711,-0.210742,-11.063965,-0.946565,-0.061950,0.000000,0.000000,0.000000,0.006393,10S
978409046.408318,0.787035,3.710309,-0.948340,-0.210742,-11.063965,-0.946565,-0.061950,0.000000,0.000000,0.000000,0.004475,10S
978409046.508318,0.758927,3.710309,-0.948340,-0.316113,-10.958594,-0.946565,-0.061950,0.000000,0.000000,0.000000,0.005115,10S
978409046.608318,0.787035,3.710309,-1.053711,-0.316113,-11.063965,-0.975854,-0.080661,0.000000,0.000000,0.000000,0.003197,10S
978409046.708318,0.787035,3.710309,-1.053711,-0.210742,-11.063965,-0.975854,-0.080661,0.000000,0.000000,0.000000,0.005115,10S
978409046.808491,0.787035,3.710309,-1.053711,-0.316113,-10.958594,-1.019849,-0.099468,0.000000,0.000000,0.000000,0.005754,10S
978409046.908343,0.758927,3.710309,-0.948340,-0.210742,-10.958594,-1.019849,-0.099468,0.000000,0.000000,0.000000,0.005754,10S
978409047.008507,0.787035,3.738417,-0.948340,-0.210742,-11.063965,-1.019849,-0.099468,0.000000,0.000000,0.000000,0.005754,10S
978409047.108318,0.787035,3.710309,-0.948340,-0.105371,-11.063965,-1.019849,-0.099468,0.000000,0.000000,0.000000,0.007672,10S
978409047.208318,0.787035,3.738417,-1.053711,-0.210742,-11.063965,-1.019849,-0.099468,0.000000,0.000000,0.000000,0.007032,10S
978409047.308453,0.787035,3.710309,-1.053711,-0.316113,-10.958594,-1.063722,-0.136793,0.000000,0.000000,0.000000,0.007032,10S
978409047.408318,0.787035,3.710309,-1.053711,-0.210742,-11.063965,-1.063722,-0.136793,0.000000,0.000000,0.000000,0.005754,10S
978409047.508453,0.758927,3.682200,-1.053711,-0.210742,-10.958594,-1.107717,-0.155600,0.000000,0.000000,0.000000,0.004475,10S
978409047.608318,0.787035,3.710309,-1.053711,-0.105371,-10.958594,-1.107717,-0.155600,0.000000,0.000000,0.000000,0.006393,10S
978409047.708554,0.787035,3.710309,-0.948340,-0.421484,-10.958594,-1.151590,-0.192925,0.000000,0.000000,0.000000,0.007672,10S
978409047.808318,0.787035,3.710309,-1.053711,-0.316113,-11.063965,-1.151590,-0.192925,0.000000,0.000000,0.000000,0.007032,10S
978409047.908503,0.758927,3.710309,-0.948340,-0.210742,-10.958594,-1.151590,-0.192925,0.000000,0.000000,0.000000,0.003836,10S
978409048.008508,0.787035,3.738417,-1.159082,-0.210742,-10.958594,-1.180880,-0.211635,0.000000,0.000000,0.000000,0.009590,10S
978409048.108342,0.787035,3.710309,-1.053711,-0.210742,-11.063965,-1.180880,-0.211635,0.000000,0.000000,0.000000,0.005115,10S
978409048.208494,0.787035,3.710309,-1.159082,-0.210742,-11.063965,-1.210169,-0.230346,0.000000,0.000000,0.000000,0.005115,10S
978409048.308318,0.787035,3.710309,-1.053711,-0.210742,-11.063965,-1.210169,-0.230346,0.000000,0.000000,0.000000,0.006393,10S
978409048.408356,0.787035,3.710309,-1.053711,-0.210742,-11.063965,-1.239337,-0.267574,0.000000,0.000000,0.000000,0.000639,10S
978409048.508318,0.787035,3.710309,-1.053711,-0.210742,-11.063965,-1.239337,-0.267574,0.000000,0.000000,0.000000,0.006393,10S
978409048.608572,0.787035,3.710309,-1.053711,-0.316113,-10.958594,-1.268505,-0.304802,0.000000,0.000000,0.000000,0.004475,10S
978409048.708318,0.787035,3.710309,-1.053711,-0.316113,-11.063965,-1.268505,-0.304802,0.000000,0.000000,0.000000,0.009590,10S
978409048.808501,0.787035,3.682200,-1.053711,-0.210742,-10.958594,-1.268505,-0.304802,0.000000,0.000000,0.000000,0.010229,10S
978409048.908317,0.787035,3.682200,-1.053711,-0.316113,-10.958594,-1.282967,-0.341934,0.000000,0.000000,0.000000,0.009590,10S
978409049.008497,0.787035,3.710309,-1.159082,-0.210742,-11.063965,-1.282967,-0.341934,0.000000,0.000000,0.000000,0.007032,10S
978409049.108318,0.787035,3.710309,-1.053711,-0.210742,-10.958594,-1.282967,-0.341934,0.000000,0.000000,0.000000,0.005115,10S
978409049.208494,0.787035,3.710309,-1.053711,-0.210742,-11.063965,-1.282967,-0.341934,0.000000,0.000000,0.000000,0.006393,10S
978409049.308340,0.787035,3.710309,-1.053711,-0.105371,-10.958594,-1.297429,-0.379066,0.000000,0.000000,0.000000,0.005115,10S
978409049.408498,0.787035,3.738417,-1.159082,-0.210742,-11.063965,-1.297429,-0.379066,0.000000,0.000000,0.000000,0.003836,10S
978409049.508499,0.787035,3.710309,-1.053711,-0.316113,-11.169336,-1.297429,-0.379066,0.000000,0.000000,0.000000,0.009590,10S
978409049.608371,0.787035,3.710309,-1.053711,-0.316113,-10.958594,-1.297429,-0.379066,0.000000,0.000000,0.000000,0.006393,10S
978409049.708317,0.787035,3.710309,-1.053711,-0.210742,-11.063965,-1.297429,-0.379066,0.000000,0.000000,0.000000,0.005115,10S
978409049.808370,0.787035,3.682200,-0.948340,-0.210742,-11.063965,-1.297429,-0.379066,0.000000,0.000000,0.000000,0.008311,10S
978409049.908318,0.758927,3.710309,-1.053711,-0.210742,-11.063965,-1.297429,-0.379066,0.000000,0.000000,0.000000,0.009590,10S
978409050.008320,0.758927,3.710309,-0.948340,-0.210742,-10.958594,-1.297308,-0.397583,0.000000,0.000000,0.000000,0.007032,10S
978409050.108318,0.787035,3.710309,-1.053711,-0.105371,-11.063965,-1.297308,-0.397583,0.000000,0.000000,0.000000,0.007032,10S
978409050.208491,0.787035,3.710309,-1.053711,-0.105371,-11.063965,-1.297064,-0.434618,0.000000,0.000000,0.000000,0.001918,10S
978409050.308318,0.787035,3.738417,-1.053711,-0.105371,-10.958594,-1.297064,-0.434618,0.000000,0.000000,0.000000,0.007672,10S
978409050.408501,0.787035,3.710309,-1.053711,-0.210742,-11.063965,-1.297064,-0.434618,0.000000,0.000000,0.000000,0.006393,10S
978409050.508317,0.787035,3.710309,-1.053711,-0.210742,-11.063965,-1.296943,-0.453136,0.000000,0.000000,0.000000,0.006393,10S
978409050.608318,0.787035,3.710309,-0.948340,-0.210742,-10.958594,-1.296943,-0.453136,0.000000,0.000000,0.000000,0.007672,10S
978409050.708318,0.787035,3.710309,-1.053711,-0.210742,-10.958594,-1.296943,-0.453136,0.000000,0.000000,0.000000,0.002557,10S
978409050.808318,0.787035,3.710309,-1.053711,-0.316113,-10.958594,-1.296943,-0.453136,0.000000,0.000000,0.000000,0.008950,10S
978409050.908318,0.787035,3.710309,-0.948340,-0.421484,-11.063965,-1.296700,-0.490171,0.000000,0.000000,0.000000,0.009590,10S
978409051.008320,0.787035,3.682200,-1.053711,-0.210742,-10.958594,-1.296700,-0.490171,0.000000,0.000000,0.000000,0.005115,10S
978409051.108547,0.787035,3.710309,-1.053711,-0.210742,-11.063965,-1.281873,-0.508592,0.000000,0.000000,0.000000,0.007032,10S
978409051.208318,0.787035,3.710309,-0.948340,-0.210742,-11.063965,-1.281873,-0.508592,0.000000,0.000000,0.000000,0.007672,10S
978409051.308365,0.787035,3.738417,-1.053711,-0.210742,-11.063965,-1.281873,-0.508592,0.000000,0.000000,0.000000,0.007672,10S
978409051.408318,0.787035,3.710309,-1.053711,-0.316113,-11.063965,-1.281751,-0.527110,0.000000,0.000000,0.000000,0.009590,10S
978409051.508317,0.787035,3.710309,-1.053711,-0.210742,-10.958594,-1.281751,-0.527110,0.000000,0.000000,0.000000,0.005754,10S
978409051.608318,0.758927,3.710309,-0.948340,-0.210742,-11.063965,-1.281629,-0.545627,0.000000,0.000000,0.000000,0.007032,10S
978409051.708318,0.787035,3.710309,-1.053711,-0.316113,-11.063965,-1.281629,-0.545627,0.000000,0.000000,0.000000,0.006393,10S
978409051.808372,0.787035,3.682200,-1.053711,-0.316113,-10.958594,-1.296092,-0.582759,0.000000,0.000000,0.000000,0.003197,10S
978409051.908505,0.787035,3.682200,-0.948340,-0.210742,-10.958594,-1.296092,-0.582759,0.000000,0.000000,0.000000,0.012147,10S
978409052.008506,0.758927,3.710309,-1.053711,-0.210742,-10.958594,-1.296092,-0.582759,0.000000,0.000000,0.000000,0.008311,10S
978409052.108319,0.787035,3.710309,-1.159082,-0.316113,-10.958594,-1.296092,-0.582759,0.000000,0.000000,0.000000,0.005754,10S
978409052.208319,0.787035,3.738417,-1.053711,-0.210742,-11.063965,-1.296092,-0.582759,0.000000,0.000000,0.000000,0.006393,10S
978409052.308493,0.787035,3.738417,-1.053711,-0.210742,-10.958594,-1.296092,-0.582759,0.000000,0.000000,0.000000,0.008311,10S
978409052.408318,0.787035,3.710309,-1.053711,-0.210742,-11.063965,-1.296092,-0.582759,0.000000,0.000000,0.000000,0.008950,10S
978409052.508367,0.787035,3.710309,-1.053711,-0.210742,-10.958594,-1.295970,-0.601276,0.000000,0.000000,0.000000,-0.001279,10S
978409052.608319,0.787035,3.710309,-1.053711,-0.210742,-11.063965,-1.295970,-0.601276,0.000000,0.000000,0.000000,0.000639,10S
978409052.708538,0.787035,3.682200,-1.053711,-0.210742,-11.063965,-1.295970,-0.601276,0.000000,0.000000,0.000000,0.005115,10S
978409052.808318,0.787035,3.710309,-1.053711,-0.105371,-10.958594,-1.295970,-0.601276,0.000000,0.000000,0.000000,0.008311,10S
978409052.908501,0.758927,3.710309,-1.053711,-0.210742,-10.958594,-1.295970,-0.601276,0.000000,0.000000,0.000000,0.007032,10S
978409053.008320,0.758927,3.682200,-1.053711,-0.210742,-11.063965,-1.295970,-0.601276,0.000000,0.000000,0.000000,0.004475,10S
978409053.108372,0.758927,3.710309,-0.948340,-0.210742,-10.958594,-1.295970,-0.601276,0.000000,0.000000,0.000000,0.010868,10S
978409053.208318,0.787035,3.710309,-0.948340,-0.210742,-11.063965,-1.295970,-0.601276,0.000000,0.000000,0.000000,0.008311,10S
978409053.308369,0.787035,3.710309,-1.053711,-0.210742,-11.063965,-1.295970,-0.601276,0.000000,0.000000,0.000000,0.006393,10S
978409053.408318,0.787035,3.710309,-1.053711,-0.316113,-11.063965,-1.295970,-0.601276,0.000000,0.000000,0.000000,0.007032,10S
978409053.508318,0.787035,3.710309,-1.053711,-0.210742,-11.063965,-1.295970,-0.601276,0.000000,0.000000,0.000000,0.005754,10S
978409053.608547,0.787035,3.710309,-1.053711,-0.210742,-11.063965,-1.310676,-0.601373,0.000000,0.000000,0.000000,0.008311,10S
978409053.708318,0.787035,3.710309,-1.053711,-0.210742,-10.958594,-1.310676,-0.601373,0.000000,0.000000,0.000000,0.006393,10S
978409053.808367,0.787035,3.710309,-1.053711,-0.316113,-10.958594,-1.310676,-0.601373,0.000000,0.000000,0.000000,0.010868,10S
978409053.908318,0.787035,3.710309,-1.053711,-0.316113,-10.958594,-1.310676,-0.601373,0.000000,0.000000,0.000000,0.008950,10S
978409054.008320,0.787035,3.710309,-1.053711,-0.316113,-11.063965,-1.310676,-0.601373,0.000000,0.000000,0.000000,0.013426,10S
978409054.108319,0.787035,3.682200,-1.053711,-0.210742,-11.063965,-1.310676,-0.601373,0.000000,0.000000,0.000000,0.006393,10S
978409054.208318,0.787035,3.710309,-1.053711,-0.316113,-11.063965,-1.310676,-0.601373,0.000000,0.000000,0.000000,0.010229,10S
978409054.308341,0.787035,3.710309,-1.053711,-0.105371,-10.958594,-1.310676,-0.601373,0.000000,0.000000,0.000000,0.008950,10S
978409054.408318,0.787035,3.710309,-1.053711,-0.210742,-11.063965,-1.310676,-0.601373,0.000000,0.000000,0.000000,0.014065,10S
978409054.508500,0.787035,3.682200,-1.159082,-0.210742,-10.958594,-1.310676,-0.601373,0.000000,0.000000,0.000000,0.008950,10S
978409054.608318,0.787035,3.710309,-1.053711,-0.210742,-11.063965,-1.295970,-0.601276,0.000000,0.000000,0.000000,0.008950,10S
978409054.708357,0.787035,3.710309,-1.053711,-0.105371,-10.958594,-1.295970,-0.601276,0.000000,0.000000,0.000000,0.002557,10S
978409054.808318,0.787035,3.682200,-0.948340,-0.210742,-11.063965,-1.281386,-0.582662,0.000000,0.000000,0.000000,0.008311,10S
978409054.908318,0.787035,3.682200,-0.948340,-0.210742,-10.958594,-1.281386,-0.582662,0.000000,0.000000,0.000000,0.005754,10S
978409055.008320,0.787035,3.710309,-0.948340,-0.210742,-10.958594,-1.281386,-0.582662,0.000000,0.000000,0.000000,0.008311,10S
978409055.108318,0.758927,3.710309,-0.948340,-0.210742,-10.958594,-1.281386,-0.582662,0.000000,0.000000,0.000000,0.004475,10S
978409055.208341,0.758927,3.710309,-1.053711,-0.316113,-10.958594,-1.281386,-0.582662,0.000000,0.000000,0.000000,0.006393,10S
978409055.308318,0.787035,3.710309,-1.053711,-0.210742,-11.063965,-1.281386,-0.582662,0.000000,0.000000,0.000000,0.008311,10S
978409055.408509,0.758927,3.710309,-1.053711,-0.210742,-11.063965,-1.281386,-0.582662,0.000000,0.000000,0.000000,0.005115,10S
978409055.508318,0.787035,3.710309,-1.053711,-0.210742,-10.958594,-1.266802,-0.564048,0.000000,0.000000,0.000000,0.009590,10S
978409055.608318,0.787035,3.710309,-1.053711,-0.316113,-11.063965,-1.266802,-0.564048,0.000000,0.000000,0.000000,0.005115,10S
978409055.708318,0.787035,3.710309,-0.948340,-0.316113,-11.063965,-1.266802,-0.564048,0.000000,0.000000,0.000000,0.005115,10S
978409055.808318,0.787035,3.682200,-1.053711,-0.210742,-11.063965,-1.266802,-0.564048,0.000000,0.000000,0.000000,0.003197,10S
978409055.908318,0.787035,3.710309,-1.053711,-0.316113,-10.958594,-1.252097,-0.563952,0.000000,0.000000,0.000000,0.005754,10S
978409056.008320,0.787035,3.710309,-0.948340,-0.316113,-10.958594,-1.252097,-0.563952,0.000000,0.000000,0.000000,0.006393,10S
978409056.108492,0.758927,3.710309,-1.053711,-0.316113,-11.063965,-1.222564,-0.582276,0.000000,0.000000,0.000000,0.005754,10S
978409056.208343,0.758927,3.710309,-1.053711,-0.210742,-10.958594,-1.222564,-0.582276,0.000000,0.000000,0.000000,0.006393,10S
978409056.308388,0.787035,3.710309,-0.948340,-0.210742,-11.063965,-1.222564,-0.582276,0.000000,0.000000,0.000000,0.001279,10S
978409056.408319,0.787035,3.710309,-1.053711,-0.210742,-11.063965,-1.193153,-0.582083,0.000000,0.000000,0.000000,0.008950,10S
978409056.508318,0.787035,3.710309,-1.159082,-0.210742,-11.063965,-1.193153,-0.582083,0.000000,0.000000,0.000000,0.005115,10S
978409056.608319,0.787035,3.710309,-1.053711,-0.210742,-11.063965,-1.193153,-0.582083,0.000000,0.000000,0.000000,0.005754,10S
978409056.708318,0.787035,3.710309,-1.053711,-0.210742,-11.063965,-1.193153,-0.582083,0.000000,0.000000,0.000000,0.006393,10S
978409056.808318,0.787035,3.710309,-1.053711,-0.210742,-11.063965,-1.193153,-0.582083,0.000000,0.000000,0.000000,0.006393,10S
978409056.908319,0.758927,3.710309,-0.948340,-0.210742,-11.063965,-1.193153,-0.582083,0.000000,0.000000,0.000000,0.006393,10S
978409057.008555,0.787035,3.710309,-0.948340,-0.210742,-11.063965,-1.163621,-0.600407,0.000000,0.000000,0.000000,0.001918,10S
978409057.108318,0.758927,3.682200,-0.948340,-0.210742,-11.063965,-1.163621,-0.600407,0.000000,0.000000,0.000000,0.005754,10S
978409057.208368,0.758927,3.710309,-0.948340,-0.210742,-10.958594,-1.163621,-0.600407,0.000000,0.000000,0.000000,0.007032,10S
978409057.308318,0.787035,3.710309,-0.842969,-0.210742,-10.958594,-1.134088,-0.618732,0.000000,0.000000,0.000000,0.005754,10S
978409057.408341,0.787035,3.682200,-0.632227,0.632227,-10.431738,-1.134088,-0.618732,0.000000,0.000000,0.441900,0.024294,10S
978409057.508334,0.758927,3.682200,-1.580566,-0.632227,-10.747852,-1.104556,-0.637056,0.000000,0.000000,0.000000,0.021097,10S
978409057.608318,0.674602,3.710309,-0.526855,0.105371,-10.537109,-1.104556,-0.637056,0.000000,0.000000,-0.638300,0.017261,10S
978409057.708341,0.843252,3.738417,-1.896680,0.526855,-11.590820,-1.104556,-0.637056,0.000000,0.000000,-0.441900,0.002557,10S
978409057.808318,0.927577,3.822742,1.580566,-0.210742,-11.274707,-1.104556,-0.637056,0.000000,0.000000,-1.374800,0.186680,10S
978409057.908502,0.899469,3.907067,3.055762,-0.421484,-10.747852,-1.104556,-0.637056,0.000000,0.000000,-1.522100,0.297281,10S
978409058.008320,0.843252,3.738417,4.004102,-1.475195,-9.694141,-1.075023,-0.655381,0.000000,0.000000,-1.522100,0.258922,10S
978409058.108318,0.758927,3.625983,4.636328,-0.526855,-9.483398,-1.075023,-0.655381,0.000000,0.000000,-1.080200,-0.085668,10S
978409058.208362,0.730818,3.878959,3.687988,-0.632227,-9.588770,-1.060317,-0.655284,-2.323208,0.210833,-0.736500,0.094618,10S
978409058.308318,0.730818,3.710309,4.004102,-0.632227,-9.378027,-1.060317,-0.655284,-2.323208,0.210833,0.000000,0.117634,10S
978409058.408318,0.758927,3.766525,1.791309,-0.316113,-10.220996,554234.484885,4182955.513254,-2.215521,0.283056,0.491000,-0.038998,10S
978409058.508491,0.815144,3.738417,-1.369824,-0.421484,-10.853223,554234.484885,4182955.513254,-2.215521,0.283056,1.325700,-0.041555,10S
978409058.608554,0.815144,3.710309,-4.004102,-0.526855,-10.853223,554234.558656,4182955.476702,-2.215521,0.283056,1.718500,-0.058817,10S
978409058.708358,0.815144,3.625983,-5.795410,-0.632227,-10.537109,554234.558656,4182955.476702,-2.316401,0.157222,1.816700,-0.093979,10S
978409058.808373,0.815144,3.625983,-5.795410,-1.159082,-10.220996,554234.558656,4182955.476702,-2.316401,0.157222,1.325700,-0.124027,10S
978409058.908357,0.758927,3.794634,-5.795410,-1.053711,-10.010254,554234.588189,4182955.458377,-2.392672,0.784444,0.441900,0.038359,10S