
1217374321.103100,-0.000011,0.000000,0.000000,0.000000,-0.010466,-0.628316,0.000000,0.000000,0.905909,1.045610,-1.855039,-0.203306,2.242354
1217374321.203070,0.000010,0.000001,-0.000000,-0.000000,-0.009678,-0.628320,0.000000,0.000000,0.905909,1.045610,-1.855039,-0.203306,2.242352
1217374321.303250,0.000108,0.000020,0.000000,0.000000,-0.026668,-0.628327,0.000001,-0.000000,0.905906,1.045608,-1.855039,-0.203306,2.242352
1217374321.403065,0.000316,0.000083,-0.000000,-0.000000,-0.052808,-0.628336,0.000006,-0.000004,0.905903,1.045611,-1.855039,-0.203306,2.242355
1217374321.503114,0.000626,0.000213,-0.000001,-0.000000,-0.082511,-0.628347,0.000022,-0.000016,0.905897,1.045616,-1.855037,-0.203306,2.242356
1217374321.603065,0.000944,0.000401,-0.000003,-0.000001,-0.116076,-0.628361,0.000055,-0.000040,0.905891,1.045622,-1.855035,-0.203306,2.242356
1217374321.703065,0.001248,0.000638,-0.000004,-0.000002,-0.146296,-0.628376,0.000110,-0.000080,0.905883,1.045627,-1.855032,-0.203305,2.242359
1217374321.803065,0.001414,0.000860,-0.000004,-0.000002,-0.174441,-0.628394,0.000180,-0.000131,0.905875,1.045625,-1.855027,-0.203305,2.242362
1217374321.903064,0.001468,0.001047,-0.000007,-0.000004,-0.195281,-0.628415,0.000261,-0.000190,0.905867,1.045633,-1.855024,-0.203305,2.242368
1217374322.003072,0.001498,0.001231,-0.000008,-0.000006,-0.211061,-0.628437,0.000356,-0.000259,0.905860,1.045637,-1.855020,-0.203305,2.242375
1217374322.103073,0.001556,0.001439,-0.000011,-0.000008,-0.220855,-0.628462,0.000473,-0.000344,0.905853,1.045642,-1.855017,-0.203305,2.242385
1217374322.203215,0.001705,0.001733,-0.000014,-0.000012,-0.235352,-0.628489,0.000635,-0.000461,0.905844,1.045647,-1.855013,-0.203305,2.242397
1217374322.303098,0.002100,0.002258,-0.000020,-0.000019,-0.243841,-0.628518,0.000897,-0.000652,0.905835,1.045659,-1.855008,-0.203305,2.242410
1217374322.403146,0.002686,0.003021,-0.000032,-0.000031,-0.249522,-0.628549,0.001286,-0.000935,0.905827,1.045677,-1.855004,-0.203305,2.242420
1217374322.503065,0.003767,0.004360,-0.000049,-0.000051,-0.252058,-0.628583,0.001960,-0.001425,0.905819,1.045702,-1.855000,-0.203305,2.242433
1217374322.603065,0.005445,0.006496,-0.000064,-0.000071,-0.251944,-0.628619,0.003071,-0.002232,0.905811,1.045722,-1.854997,-0.203305,2.242447
1217374322.703064,0.007664,0.009502,-0.000081,-0.000097,-0.248829,-0.628657,0.004729,-0.003437,0.905804,1.045744,-1.854993,-0.203305,2.242465
1217374322.803065,0.010683,0.013803,-0.000107,-0.000134,-0.243208,-0.628696,0.007229,-0.005255,0.905798,1.045775,-1.854990,-0.203304,2.242475
1217374322.903071,0.014378,0.019438,-0.000114,-0.000154,-0.240117,-0.628738,0.010720,-0.007792,0.905790,1.045783,-1.854987,-0.203304,2.242487
1217374323.003067,0.019045,0.026938,-0.000146,-0.000207,-0.236070,-0.628781,0.015624,-0.011358,0.905783,1.045817,-1.854983,-0.203304,2.242501
1217374323.103211,0.024270,0.035966,-0.000176,-0.000263,-0.233520,-0.628825,0.021929,-0.015942,0.905775,1.045848,-1.854982,-0.203304,2.242522
1217374323.203098,0.030075,0.046664,-0.000220,-0.000343,-0.223740,-0.628870,0.029872,-0.021718,0.905769,1.045890,-1.854978,-0.203304,2.242545
1217374323.303299,0.036698,0.059533,-0.000288,-0.000468,-0.218740,-0.628912,0.039940,-0.029040,0.905762,1.045953,-1.854976,-0.203304,2.242571
1217374323.403065,0.044461,0.075247,-0.000346,-0.000586,-0.213903,-0.628951,0.052795,-0.038389,0.905755,1.046003,-1.854971,-0.203303,2.242592
1217374323.503103,0.052097,0.092012,-0.000420,-0.000743,-0.209130,-0.628985,0.067463,-0.049058,0.905747,1.046066,-1.854970,-0.203303,2.242614
1217374323.603065,0.060525,0.111329,-0.000494,-0.000911,-0.202922,-0.629009,0.085141,-0.061917,0.905740,1.046126,-1.854967,-0.203302,2.242629
1217374323.703065,0.069346,0.132677,-0.000538,-0.001037,-0.196277,-0.629025,0.105682,-0.076860,0.905734,1.046159,-1.854965,-0.203302,2.242638
1217374323.803065,0.078107,0.155328,-0.000569,-0.001148,-0.191568,-0.629031,0.128715,-0.093618,0.905726,1.046182,-1.854962,-0.203301,2.242646
1217374323.903065,0.087485,0.180522,-0.000577,-0.001220,-0.190820,-0.629028,0.155377,-0.113016,0.905717,1.046188,-1.854959,-0.203300,2.242647
1217374324.003102,0.095829,0.205213,-0.000586,-0.001296,-0.187895,-0.629013,0.183353,-0.133373,0.905708,1.046194,-1.854957,-0.203300,2.242656
1217374324.103070,0.104690,0.232222,-0.000587,-0.001355,-0.185525,-0.628985,0.215049,-0.156437,0.905699,1.046194,-1.854956,-0.203300,2.242661
1217374324.203246,0.112295,0.258070,-0.000608,-0.001458,-0.182044,-0.628934,0.247577,-0.180106,0.905691,1.046207,-1.854953,-0.203300,2.242671
1217374324.303065,0.119865,0.285031,-0.000652,-0.001615,-0.183823,-0.628847,0.282937,-0.205836,0.905680,1.046233,-1.854950,-0.203300,2.242686
1217374324.403302,0.126930,0.312063,-0.000676,-0.001733,-0.183774,-0.628747,0.320243,-0.232979,0.905669,1.046247,-1.854949,-0.203300,2.242696
1217374324.503065,0.132980,0.337958,-0.000677,-0.001804,-0.183800,-0.628647,0.358336,-0.260695,0.905658,1.046246,-1.854944,-0.203300,2.242706
1217374324.603065,0.138922,0.364511,-0.000708,-0.001945,-0.183093,-0.628493,0.398915,-0.290212,0.905647,1.046260,-1.854939,-0.203300,2.242732
1217374324.703065,0.144258,0.390563,-0.000743,-0.002100,-0.181731,-0.628303,0.440855,-0.320711,0.905636,1.046274,-1.854935,-0.203300,2.242764
1217374324.803064,0.148498,0.414865,-0.000836,-0.002407,-0.182166,-0.627992,0.482821,-0.351207,0.905624,1.046319,-1.854928,-0.203301,2.242802
1217374324.903071,0.152139,0.438371,-0.000953,-0.002789,-0.183312,-0.627575,0.525697,-0.382336,0.905611,1.046373,-1.854922,-0.203301,2.242851
1217374325.003074,0.155205,0.461003,-0.001154,-0.003413,-0.182658,-0.626900,0.569346,-0.413963,0.905599,1.046468,-1.854920,-0.203302,2.242912
1217374325.103210,0.158170,0.483818,-0.001431,-0.004274,-0.181406,-0.625901,0.614902,-0.446879,0.905588,1.046597,-1.854915,-0.203303,2.242986
1217374325.203098,0.160556,0.505601,-0.001816,-0.005478,-0.178801,-0.624412,0.661026,-0.480044,0.905577,1.046779,-1.854911,-0.203303,2.243061
1217374325.303144,0.162850,0.527479,-0.002262,-0.006919,-0.176665,-0.622434,0.708967,-0.514328,0.905565,1.046989,-1.854905,-0.203303,2.243130
1217374325.403064,0.165045,0.549421,-0.002728,-0.008489,-0.176440,-0.620008,0.758717,-0.549692,0.905552,1.047201,-1.854898,-0.203302,2.243206
1217374325.503064,0.166678,0.570192,-0.003259,-0.010328,-0.173863,-0.616916,0.808839,-0.584982,0.905541,1.047443,-1.854896,-0.203301,2.243276
1217374325.603064,0.167757,0.589759,-0.003728,-0.012070,-0.174122,-0.613556,0.859194,-0.620172,0.905528,1.047651,-1.854887,-0.203300,2.243340
1217374325.703066,0.168796,0.609357,-0.004178,-0.013831,-0.175052,-0.609762,0.911258,-0.656239,0.905513,1.047853,-1.854882,-0.203298,2.243385
1217374325.803071,0.168869,0.626520,-0.004577,-0.015504,-0.173504,-0.605717,0.961926,-0.690963,0.905501,1.048028,-1.854875,-0.203295,2.243424
1217374325.903065,0.168043,0.641313,-0.004818,-0.016738,-0.175252,-0.602033,1.011022,-0.724455,0.905485,1.048129,-1.854869,-0.203293,2.243457
1217374326.003102,0.167309,0.656256,-0.005060,-0.018011,-0.177442,-0.597972,1.061773,-0.758738,0.905469,1.048230,-1.854866,-0.203290,2.243483
1217374326.103070,0.165735,0.668820,-0.005235,-0.019103,-0.175380,-0.593990,1.110801,-0.791561,0.905456,1.048314,-1.854862,-0.203288,2.243473
1217374326.203247,0.164792,0.682924,-0.005347,-0.020006,-0.174484,-0.590065,1.163127,-0.826536,0.905442,1.048368,-1.854855,-0.203285,2.243464
1217374326.303065,0.163516,0.696010,-0.005305,-0.020397,-0.174408,-0.587004,1.215232,-0.861581,0.905427,1.048363,-1.854854,-0.203283,2.243434
1217374326.403113,0.161486,0.706884,-0.005123,-0.020282,-0.174369,-0.585018,1.265368,-0.895662,0.905411,1.048297,-1.854847,-0.203281,2.243406
1217374326.503065,0.159693,0.718170,-0.004841,-0.019780,-0.173454,-0.583926,1.316951,-0.931219,0.905397,1.048190,-1.854850,-0.203280,2.243380
1217374326.603065,0.157638,0.728519,-0.004584,-0.019325,-0.168917,-0.582855,1.368386,-0.966635,0.905385,1.048092,-1.854842,-0.203279,2.243361
1217374326.703064,0.155790,0.739220,-0.004347,-0.018902,-0.165829,-0.581777,1.421409,-1.003124,0.905372,1.048004,-1.854840,-0.203279,2.243342
1217374326.803064,0.154625,0.751637,-0.003946,-0.017817,-0.164823,-0.582455,1.477336,-1.042889,0.905358,1.047853,-1.854837,-0.203280,2.243319
1217374326.903071,0.152669,0.761717,-0.003694,-0.017241,-0.162444,-0.582062,1.531517,-1.080683,0.905344,1.047765,-1.854828,-0.203281,2.243292
1217374327.003074,0.150922,0.772165,-0.003630,-0.017361,-0.160353,-0.579737,1.587973,-1.118546,0.905330,1.047740,-1.854830,-0.203282,2.243294
1217374327.103246,0.148939,0.781754,-0.003610,-0.017641,-0.156254,-0.576916,1.644537,-1.155943,0.905318,1.047724,-1.854833,-0.203284,2.243312
1217374327.203098,0.147163,0.791757,-0.003561,-0.017804,-0.156818,-0.574342,1.702730,-1.194524,0.905302,1.047697,-1.854821,-0.203285,2.243330
1217374327.303142,0.144211,0.798286,-0.003744,-0.018908,-0.159415,-0.568830,1.758350,-1.228541,0.905284,1.047743,-1.854824,-0.203287,2.243376
1217374327.403065,0.141538,0.805292,-0.004069,-0.020632,-0.160121,-0.560895,1.816757,-1.261879,0.905267,1.047845,-1.854817,-0.203288,2.243416
1217374327.503065,0.138252,0.810306,-0.004493,-0.022825,-0.160618,-0.550993,1.874369,-1.292247,0.905249,1.047964,-1.854814,-0.203289,2.243488
1217374327.603065,0.134817,0.814577,-0.005075,-0.025761,-0.161786,-0.537891,1.933530,-1.319816,0.905231,1.048136,-1.854811,-0.203290,2.243560
1217374327.703065,0.131280,0.818194,-0.005718,-0.029052,-0.159630,-0.522775,1.993879,-1.345226,0.905216,1.048330,-1.854808,-0.203289,2.243627
1217374327.803065,0.128122,0.822514,-0.006304,-0.032179,-0.156336,-0.507459,2.056510,-1.370961,0.905203,1.048498,-1.854797,-0.203375,2.243685
1217374327.903065,0.124845,0.826220,-0.006844,-0.035212,-0.158861,-0.491782,2.119659,-1.395610,0.905182,1.048654,-1.854801,-0.203374,2.243743
1217374328.003217,0.121958,0.830668,-0.007351,-0.038183,-0.157159,-0.475571,2.185263,-1.420249,0.905167,1.048796,-1.854795,-0.203373,2.243799
1217374328.103098,0.118933,0.834434,-0.007907,-0.041458,-0.154907,-0.457413,2.252049,-1.442309,0.905151,1.048960,-1.854794,-0.203372,2.243840
1217374328.203297,0.115789,0.837584,-0.008491,-0.044952,-0.153820,-0.437578,2.319982,-1.461904,0.905135,1.049133,-1.854786,-0.203370,2.243876
1217374328.303065,0.112132,0.838994,-0.008918,-0.047796,-0.153656,-0.419981,2.385357,-1.481295,0.905117,1.049259,-1.854774,-0.203367,2.243898
1217374328.403103,0.108417,0.839891,-0.009372,-0.050840,-0.155724,-0.400882,2.451784,-1.498365,0.905097,1.049395,-1.854776,-0.203365,2.243916
1217374328.503066,0.104242,0.839146,-0.009800,-0.053830,-0.158205,-0.381541,2.516950,-1.513140,0.905075,1.049514,-1.854774,-0.203363,2.243943
1217374328.603065,0.100119,0.838115,-0.010143,-0.056472,-0.157182,-0.363275,2.581923,-1.528074,0.905058,1.049609,-1.854766,-0.203361,2.243964
1217374328.703064,0.096521,0.838140,-0.010412,-0.058805,-0.157033,-0.345842,2.648674,-1.544202,0.905038,1.049679,-1.854770,-0.203359,2.243986
1217374328.803064,0.092415,0.836390,-0.010732,-0.061429,-0.155355,-0.326710,2.714613,-1.556495,0.905021,1.049771,-1.854766,-0.203357,2.243993
1217374328.903100,0.088871,0.835788,-0.010879,-0.063241,-0.152386,-0.311052,2.780857,-1.572817,0.905006,1.049819,-1.854765,-0.203354,2.243988
1217374329.003072,0.085835,0.836292,-0.010965,-0.064759,-0.155347,-0.296398,2.848774,-1.590743,0.904982,1.049840,-1.854755,-0.203352,2.243998
1217374329.103246,0.082740,0.836318,-0.011002,-0.066051,-0.155454,-0.282288,2.916623,-1.608066,0.904962,1.049866,-1.854751,-0.203350,2.243965
1217374329.203065,0.079260,0.834949,-0.010976,-0.067022,-0.153158,-0.269888,2.982163,-1.625815,0.904945,1.049865,-1.854753,-0.203348,2.243950
1217374329.303311,0.076231,0.834483,-0.010907,-0.067759,-0.150468,-0.258438,3.048984,-1.645083,0.904929,1.049871,-1.854754,-0.203346,2.243902
1217374329.403065,0.073785,0.835332,-0.010752,-0.068037,-0.147476,-0.249175,3.116987,-1.667743,0.904913,1.049837,-1.854747,-0.203344,2.243885
1217374329.503065,0.070821,0.834503,-0.010567,-0.068134,-0.144936,-0.241182,3.182553,-1.690544,0.904896,1.049808,-1.854741,-0.203343,2.243848
1217374329.603064,0.067901,0.833483,-0.010331,-0.067924,-0.140440,-0.234991,3.247365,-1.715383,0.904883,1.049769,-1.854745,-0.203342,2.243805
1217374329.703064,0.065514,0.833674,-0.010136,-0.067903,-0.139795,-0.227460,3.315121,-1.739334,0.904864,1.049725,-1.854744,-0.203342,2.243793
1217374329.803070,0.063063,0.833484,-0.009963,-0.067978,-0.143131,-0.219397,3.383203,-1.762189,0.904840,1.049694,-1.854732,-0.203343,2.243767
1217374329.903073,0.060606,0.833025,-0.009828,-0.068232,-0.145099,-0.210262,3.451973,-1.783202,0.904817,1.049675,-1.854728,-0.203343,2.243737
1217374330.003215,0.058632,0.833641,-0.009795,-0.069038,-0.145195,-0.197385,3.524678,-1.799445,0.904796,1.049674,-1.854727,-0.203343,2.243718
1217374330.103098,0.056665,0.834046,-0.009811,-0.070115,-0.139865,-0.182654,3.598500,-1.812378,0.904783,1.049681,-1.854720,-0.203344,2.243705
1217374330.203304,0.054693,0.834272,-0.009784,-0.070955,-0.140025,-0.169202,3.671855,-1.826440,0.904763,1.049676,-1.854717,-0.203344,2.243696
1217374330.303065,0.053180,0.835578,-0.009807,-0.072074,-0.141696,-0.153469,3.748287,-1.837232,0.904739,1.049680,-1.854720,-0.203344,2.243691
1217374330.403065,0.051147,0.835286,-0.009970,-0.073999,-0.140757,-0.132604,3.825566,-1.838590,0.904720,1.049708,-1.854714,-0.203345,2.243692
1217374330.503065,0.049588,0.836105,-0.010178,-0.076213,-0.139990,-0.109120,3.905959,-1.835559,0.904700,1.049744,-1.854703,-0.203345,2.243697
1217374330.603064,0.048001,0.836670,-0.010417,-0.078635,-0.136994,-0.083839,3.987084,-1.828372,0.904683,1.049789,-1.854704,-0.203345,2.243694
1217374330.703071,0.046855,0.838304,-0.010806,-0.081976,-0.136028,-0.051545,4.073223,-1.809345,0.904664,1.049856,-1.854712,-0.203345,2.243704
1217374330.803066,0.045160,0.838331,-0.011221,-0.085523,-0.136011,-0.017575,4.157948,-1.785040,0.904643,1.049930,-1.854695,-0.203344,2.243706
1217374330.903100,0.043871,0.839295,-0.011632,-0.089109,-0.135196,0.017643,4.244264,-1.757348,0.904622,1.050020,-1.854695,-0.203343,2.243676
1217374331.003072,0.042123,0.838880,-0.012057,-0.092837,-0.136782,0.054201,4.328953,-1.724859,0.904599,1.050099,-1.854709,-0.203342,2.243667
1217374331.103247,0.039924,0.837045,-0.012415,-0.096213,-0.135799,0.088606,4.410279,-1.693351,0.904578,1.050166,-1.854697,-0.203340,2.243653
1217374331.203064,0.038225,0.836386,-0.012812,-0.099883,-0.136557,0.126099,4.493781,-1.655323,0.904555,1.050239,-1.854665,-0.203339,2.243639
1217374331.303108,0.036860,0.836452,-0.013215,-0.103645,-0.135594,0.165175,4.577959,-1.612910,0.904535,1.050347,-1.854668,-0.203336,2.243560
1217374331.403064,0.035362,0.836021,-0.013280,-0.105376,-0.137089,0.190040,4.655406,-1.593375,0.904510,1.050348,-1.854673,-0.203334,2.243568
1217374331.503065,0.033805,0.835252,-0.013347,-0.107138,-0.132952,0.215384,4.732149,-1.571567,0.904494,1.050366,-1.854649,-0.203331,2.243544
1217374331.603064,0.032057,0.833794,-0.013467,-0.109236,-0.128679,0.243372,4.808324,-1.543426,0.904479,1.050431,-1.854646,-0.203327,2.243450
1217374331.703064,0.030956,0.833964,-0.013261,-0.109313,-0.129760,0.257182,4.882136,-1.540450,0.904456,1.050436,-1.854642,-0.203324,2.243370
1217374331.803071,0.029823,0.833938,-0.013040,-0.109275,-0.129891,0.270192,4.955729,-1.538065,0.904433,1.050445,-1.854629,-0.203321,2.243278
1217374331.903072,0.028335,0.832826,-0.012648,-0.108126,-0.130758,0.274458,5.026305,-1.550925,0.904410,1.050417,-1.854607,-0.203317,2.243209
1217374332.003222,0.026973,0.831952,-0.012089,-0.105874,-0.138407,0.270253,5.096454,-1.579445,0.904373,1.050353,-1.854608,-0.203314,2.243160
1217374332.103098,0.025119,0.829570,-0.011512,-0.103430,-0.143218,0.263758,5.165447,-1.611837,0.904341,1.050298,-1.854611,-0.203310,2.243092
1217374332.203144,0.023164,0.826671,-0.010684,-0.099312,-0.140282,0.243705,5.233256,-1.670205,0.904321,1.050168,-1.854593,-0.203308,2.243099
1217374332.303064,0.020908,0.822752,-0.009755,-0.094443,-0.138562,0.216805,5.300862,-1.742249,0.904299,1.050009,-1.854589,-0.203308,2.243138
1217374332.403065,0.019143,0.819957,-0.008927,-0.090108,-0.137129,0.193938,5.371940,-1.807453,0.904277,1.049875,-1.854585,-0.203309,2.243161
1217374332.503064,0.017418,0.817116,-0.008216,-0.086413,-0.137473,0.175190,5.444257,-1.866007,0.904251,1.049758,-1.854571,-0.203311,2.243196
1217374332.603065,0.016107,0.815238,-0.007788,-0.084465,-0.136214,0.170404,5.519116,-1.897340,0.904229,1.049696,-1.854565,-0.203314,2.243201
1217374332.703065,0.014817,0.813291,-0.007406,-0.082760,-0.135144,0.167218,5.594299,-1.925774,0.904206,1.049646,-1.854575,-0.203316,2.243199
1217374332.803065,0.014036,0.812652,-0.007206,-0.082205,-0.137362,0.173745,5.671433,-1.934500,0.904176,1.049609,-1.854569,-0.203319,2.243217
1217374332.903211,0.013177,0.811702,-0.007221,-0.083033,-0.134570,0.191434,5.747967,-1.919713,0.904156,1.049616,-1.854560,-0.203321,2.243200
1217374333.003100,0.011902,0.809553,-0.007206,-0.083669,-0.136849,0.207288,5.822804,-1.907554,0.904126,1.049606,-1.854553,-0.203323,2.243207
1217374333.103307,0.011148,0.808704,-0.007349,-0.085348,-0.137990,0.232379,5.898435,-1.875366,0.904098,1.049611,-1.854551,-0.203325,2.243221
1217374333.203064,0.009864,0.806333,-0.007710,-0.088482,-0.137373,0.269201,5.970611,-1.817184,0.904072,1.049651,-1.854539,-0.203327,2.243212
1217374333.303103,0.009006,0.805012,-0.008108,-0.091913,-0.138409,0.309320,6.042673,-1.750497,0.904044,1.049721,-1.854535,-0.203328,2.243151
1217374333.403065,0.007590,0.802085,-0.008757,-0.097052,-0.139241,0.363530,6.109577,-1.652144,0.904015,1.049835,-1.854538,-0.203328,2.243056
1217374333.503065,0.005883,0.798211,-0.009278,-0.101414,-0.139147,0.411491,6.173875,-1.565084,0.903988,1.049910,-1.854518,-0.203328,2.243006
1217374333.603064,0.004692,0.795614,-0.009767,-0.105616,-0.142941,0.459043,6.237688,-1.477460,0.903953,1.049992,-1.854498,-0.203326,2.242939
1217374333.703065,0.004163,0.794656,-0.010120,-0.108963,-0.139944,0.500453,6.302444,-1.401599,0.903930,1.050045,-1.854488,-0.203324,2.242900
1217374333.803100,0.003504,0.793321,-0.010670,-0.113666,-0.140519,0.553582,6.361944,-1.299258,0.903901,1.050138,-1.854494,-0.203321,2.242818
1217374333.903070,0.002339,0.790507,-0.010947,-0.116592,-0.137887,0.591600,6.420645,-1.228156,0.903878,1.050231,-1.854463,-0.203318,2.242688
1217374334.003251,0.001877,0.789508,-0.011067,-0.118488,-0.136481,0.621812,6.481969,-1.173023,0.903852,1.050283,-1.854442,-0.203314,2.242612
1217374334.103065,0.001441,0.788538,-0.011074,-0.119631,-0.138392,0.645875,6.543965,-1.130222,0.903820,1.050327,-1.854445,-0.203310,2.242531
1217374334.203304,0.000957,0.787352,-0.011036,-0.120474,-0.134574,0.667479,6.605538,-1.091826,0.903799,1.050389,-1.854443,-0.203305,2.242408
1217374334.303065,0.000671,0.786683,-0.010745,-0.119593,-0.134482,0.674648,6.673084,-1.083634,0.903771,1.050402,-1.854422,-0.203300,2.242341
1217374334.403065,0.000816,0.787153,-0.010432,-0.118535,-0.133647,0.680777,6.742767,-1.076700,0.903745,1.050430,-1.854431,-0.203295,2.242242
1217374334.503065,0.001219,0.788333,-0.009743,-0.114882,-0.133734,0.664894,6.824920,-1.115805,0.903716,1.050390,-1.854449,-0.203290,2.242222
1217374334.603065,0.001533,0.789294,-0.009043,-0.111088,-0.129170,0.647543,6.909602,-1.157021,0.903697,1.050363,-1.854418,-0.203286,2.242174
1217374334.703070,0.002087,0.790958,-0.008045,-0.105188,-0.130006,0.612049,7.007723,-1.235900,0.903667,1.050265,-1.854413,-0.203284,2.242224
1217374334.803072,0.002124,0.791250,-0.007020,-0.099001,-0.129914,0.573157,7.109323,-1.321254,0.903639,1.050164,-1.854409,-0.203285,2.242277
1217374334.903211,0.002586,0.792696,-0.006061,-0.093163,-0.126764,0.537369,7.213198,-1.399227,0.903617,1.050076,-1.854403,-0.203286,2.242315
1217374335.003101,0.002481,0.792653,-0.005167,-0.087667,-0.125659,0.503582,7.316306,-1.472609,0.903592,1.049996,-1.854381,-0.203289,2.242346
1217374335.103145,0.002778,0.793741,-0.004441,-0.083232,-0.130159,0.479167,7.416138,-1.525524,0.903553,1.049933,-1.854385,-0.203294,2.242365
1217374335.203065,0.002516,0.793319,-0.003968,-0.080458,-0.130806,0.468315,7.505555,-1.549527,0.903523,1.049895,-1.854383,-0.203298,2.242368
1217374335.303065,0.002279,0.792943,-0.003573,-0.078169,-0.131346,0.461564,7.592473,-1.564259,0.903492,1.049854,-1.854368,-0.203303,2.242389
1217374335.403064,0.001946,0.792273,-0.003330,-0.076880,-0.128700,0.463223,7.672910,-1.560814,0.903468,1.049857,-1.854351,-0.203307,2.242344
1217374335.503065,0.002092,0.792891,-0.003250,-0.076684,-0.127280,0.474868,7.747065,-1.535168,0.903442,1.049869,-1.854349,-0.203309,2.242299
1217374335.603071,0.001659,0.791973,-0.003287,-0.077260,-0.129934,0.492321,7.814265,-1.497835,0.903407,1.049911,-1.854338,-0.203311,2.242221
1217374335.703065,0.001320,0.791231,-0.003190,-0.076929,-0.128287,0.501990,7.887366,-1.476186,0.903381,1.049931,-1.854320,-0.203312,2.242167
1217374335.803100,0.001475,0.791832,-0.003108,-0.076672,-0.130021,0.512519,7.961050,-1.452587,0.903347,1.049950,-1.854309,-0.203312,2.242126
1217374335.903070,0.001183,0.791189,-0.003145,-0.077220,-0.127587,0.529613,8.027205,-1.414596,0.903322,1.049964,-1.854322,-0.203312,2.242108
1217374336.003251,0.000841,0.790413,-0.003152,-0.077548,-0.129414,0.544396,8.094562,-1.382126,0.903288,1.049996,-1.854301,-0.203311,2.242060
1217374336.103064,0.000961,0.790844,-0.003236,-0.078409,-0.127865,0.564267,8.158332,-1.337897,0.903260,1.050048,-1.854302,-0.203310,2.241981
1217374336.203109,0.000649,0.790131,-0.003095,-0.077730,-0.131963,0.570404,8.232451,-1.322273,0.903220,1.050067,-1.854300,-0.203310,2.241943
1217374336.303064,0.000334,0.789340,-0.002981,-0.077204,-0.129202,0.577339,8.305492,-1.305918,0.903195,1.050107,-1.854269,-0.203308,2.241878
1217374336.403065,-0.000423,0.787327,-0.002831,-0.076413,-0.130737,0.581544,8.379329,-1.295036,0.903160,1.050136,-1.854250,-0.203306,2.241831
1217374336.503064,-0.000149,0.788047,-0.002645,-0.075367,-0.129740,0.584352,8.457805,-1.285779,0.903131,1.050161,-1.854245,-0.203305,2.241790
1217374336.603065,-0.000385,0.787424,-0.002412,-0.073974,-0.132750,0.583681,8.537985,-1.283508,0.903091,1.050182,-1.854219,-0.203302,2.241752
1217374336.703070,-0.000149,0.788073,-0.002171,-0.072509,-0.135282,0.582687,8.620175,-1.280993,0.903052,1.050213,-1.854201,-0.203300,2.241693
1217374336.803072,-0.000312,0.787575,-0.001963,-0.071241,-0.128109,0.582948,8.699606,-1.275627,0.903036,1.050227,-1.854198,-0.203297,2.241670
1217374336.903219,-0.000551,0.786902,-0.001615,-0.068999,-0.129840,0.574604,8.787779,-1.287661,0.903000,1.050263,-1.854209,-0.203294,2.241596
1217374337.003100,0.000250,0.789005,-0.001252,-0.066617,-0.122829,0.565750,8.880215,-1.299279,0.902985,1.050285,-1.854210,-0.203291,2.241545
1217374337.103142,0.000936,0.790903,-0.000872,-0.064090,-0.121610,0.555508,8.974220,-1.313065,0.902957,1.050323,-1.854218,-0.203287,2.241461
1217374337.203064,0.002183,0.794410,-0.000176,-0.059362,-0.120620,0.526529,9.090901,-1.363991,0.902928,1.050295,-1.854195,-0.203284,2.241477
1217374337.303065,0.002867,0.796487,0.000501,-0.054702,-0.118233,0.497522,9.206579,-1.414706,0.902903,1.050266,-1.854162,-0.203283,2.241496
1217374337.403064,0.003964,0.799801,0.001197,-0.049844,-0.121671,0.466889,9.326329,-1.467753,0.902863,1.050229,-1.854159,-0.203283,2.241528
1217374337.503064,0.004552,0.801809,0.001938,-0.044615,-0.123754,0.432446,9.449084,-1.528372,0.902826,1.050162,-1.854181,-0.203284,2.241610
1217374337.603065,0.005496,0.804873,0.002541,-0.040244,-0.124746,0.404841,9.566116,-1.576387,0.902791,1.050129,-1.854133,-0.203288,2.241647
1217374337.703065,0.005427,0.805234,0.002956,-0.037101,-0.124762,0.386808,9.669051,-1.605897,0.902758,1.050089,-1.854124,-0.203293,2.241712
1217374337.803210,0.005725,0.806637,0.003124,-0.035590,-0.129422,0.382426,9.758238,-1.608726,0.902713,1.050112,-1.854153,-0.203298,2.241684
1217374337.903098,0.005089,0.805475,0.003247,-0.034375,-0.129418,0.379840,9.841908,-1.608569,0.902679,1.050107,-1.854147,-0.203302,2.241713
1217374338.003306,0.004951,0.805595,0.003286,-0.033720,-0.124796,0.382195,9.921514,-1.597842,0.902657,1.050124,-1.854123,-0.203306,2.241708
1217374338.103065,0.004796,0.805667,0.003165,-0.034137,-0.122479,0.393161,9.991587,-1.571309,0.902629,1.050148,-1.854103,-0.203310,2.241710
1217374338.203103,0.004124,0.804337,0.002915,-0.035444,-0.125155,0.411372,10.051718,-1.530574,0.902589,1.050192,-1.854086,-0.203312,2.241684
1217374338.303065,0.003887,0.804155,0.002502,-0.037845,-0.128950,0.438085,10.104455,-1.476305,0.902545,1.050315,-1.854072,-0.203313,2.241546
1217374338.403064,0.003725,0.804114,0.002189,-0.039604,-0.127485,0.459377,10.163142,-1.432478,0.902514,1.050391,-1.854040,-0.203312,2.241491
1217374338.503065,0.003570,0.804096,0.002013,-0.040447,-0.130122,0.472813,10.230412,-1.404200,0.902472,1.050447,-1.854030,-0.203311,2.241467
1217374338.603064,0.002964,0.802819,0.001814,-0.041465,-0.133075,0.487481,10.294488,-1.373830,0.902428,1.050484,-1.854039,-0.203310,2.241482
1217374338.703100,0.002377,0.801515,0.001593,-0.042647,-0.131677,0.503390,10.357013,-1.341345,0.902395,1.050542,-1.854007,-0.203308,2.241462
1217374338.803070,0.001817,0.800219,0.001443,-0.043369,-0.129733,0.515437,10.423514,-1.316155,0.902364,1.050608,-1.853978,-0.203306,2.241422
1217374338.903247,0.001258,0.798884,0.001270,-0.044259,-0.131193,0.528791,10.488393,-1.288671,0.902323,1.050694,-1.853990,-0.203302,2.241348
1217374339.003067,0.000289,0.796358,0.001285,-0.043889,-0.131620,0.531393,10.563260,-1.281868,0.902285,1.050756,-1.853969,-0.203297,2.241306
1217374339.103303,-0.000643,0.793846,0.001377,-0.042989,-0.133515,0.529537,10.642889,-1.283224,0.902243,1.050835,-1.853963,-0.203292,2.241226
1217374339.203065,-0.001934,0.790245,0.001691,-0.040578,-0.135848,0.514704,10.735457,-1.309472,0.902198,1.050881,-1.853960,-0.203287,2.241194
1217374339.303065,-0.002628,0.788152,0.002073,-0.037672,-0.135494,0.495825,10.834507,-1.342410,0.902160,1.050907,-1.853919,-0.203284,2.241195
1217374339.403065,-0.003738,0.784872,0.002523,-0.034265,-0.140584,0.472297,10.937328,-1.384756,0.902107,1.050913,-1.853905,-0.203280,2.241232
1217374339.503065,-0.005217,0.780418,0.002866,-0.031542,-0.139403,0.454111,11.032454,-1.417482,0.902070,1.050928,-1.853926,-0.203278,2.241255
1217374339.603070,-0.005634,0.778752,0.003344,-0.027873,-0.138448,0.428198,11.139825,-1.463588,0.902032,1.050934,-1.853896,-0.203276,2.241288
1217374339.703072,-0.006490,0.775831,0.003821,-0.024172,-0.136854,0.401726,11.245860,-1.510836,0.901996,1.050948,-1.853858,-0.203274,2.241304
1217374339.803210,-0.007243,0.773113,0.004442,-0.019438,-0.138617,0.366462,11.361621,-1.574268,0.901951,1.050922,-1.853871,-0.203275,2.241390
1217374339.903098,-0.007457,0.771792,0.005005,-0.015054,-0.137788,0.334044,11.475549,-1.631967,0.901913,1.050906,-1.853884,-0.203277,2.241455
1217374340.003309,-0.007645,0.770522,0.005496,-0.011103,-0.134767,0.304984,11.585245,-1.683587,0.901881,1.050891,-1.853830,-0.203279,2.241522
1217374340.103064,-0.007798,0.769330,0.005852,-0.008019,-0.133023,0.282598,11.687486,-1.724421,0.901846,1.050870,-1.853819,-0.203282,2.241612
1217374340.203065,-0.008420,0.766858,0.006155,-0.005263,-0.136185,0.262609,11.784810,-1.761429,0.901796,1.050858,-1.853832,-0.203287,2.241685
1217374340.303064,-0.008517,0.765789,0.006204,-0.004187,-0.138066,0.255864,11.870279,-1.776461,0.901749,1.050912,-1.853817,-0.203289,2.241649
1217374340.403065,-0.009032,0.763522,0.006277,-0.002952,-0.134207,0.247623,11.955296,-1.794512,0.901719,1.050946,-1.853786,-0.203291,2.241652
1217374340.503071,-0.009983,0.760036,0.006183,-0.002835,-0.136378,0.247959,12.030153,-1.799366,0.901672,1.051023,-1.853804,-0.203291,2.241584
1217374340.603065,-0.010855,0.756689,0.006358,-0.000898,-0.139722,0.233585,12.119349,-1.829497,0.901620,1.051019,-1.853756,-0.203292,2.241664
1217374340.703100,-0.011623,0.753514,0.006577,0.001356,-0.139426,0.216362,12.211180,-1.865532,0.901578,1.051054,-1.853736,-0.203291,2.241663
1217374340.803070,-0.012290,0.750514,0.006708,0.003029,-0.136090,0.203660,12.298308,-1.893968,0.901545,1.051071,-1.853738,-0.203291,2.241704
1217374340.903246,-0.013371,0.746343,0.006750,0.004123,-0.135589,0.195113,12.379988,-1.917293,0.901505,1.051111,-1.853693,-0.203291,2.241710
1217374341.003066,-0.013405,0.744964,0.006707,0.004631,-0.139084,0.191261,12.460818,-1.931926,0.901451,1.051172,-1.853707,-0.203290,2.241675
1217374341.103114,-0.013395,0.743685,0.006821,0.006204,-0.138903,0.178916,12.548876,-1.960657,0.901408,1.051229,-1.853679,-0.203289,2.241635
1217374341.203065,-0.013356,0.742496,0.006904,0.007578,-0.139523,0.167780,12.635952,-1.988662,0.901362,1.051270,-1.853642,-0.203289,2.241636
1217374341.303067,-0.013275,0.741419,0.006965,0.008809,-0.138496,0.157705,12.721799,-2.014807,0.901321,1.051339,-1.853601,-0.203288,2.241576
1217374341.403064,-0.013187,0.740376,0.007172,0.011044,-0.139963,0.139386,12.814260,-2.055852,0.901272,1.051360,-1.853581,-0.203287,2.241614
1217374341.503065,-0.013091,0.739382,0.007399,0.013427,-0.143503,0.119787,12.907071,-2.099052,0.901216,1.051362,-1.853547,-0.203287,2.241691
1217374341.603071,-0.013410,0.737207,0.007562,0.015406,-0.140266,0.102972,12.995741,-2.139405,0.901180,1.051365,-1.853532,-0.203288,2.241771
1217374341.703073,-0.013200,0.736479,0.007660,0.016952,-0.140674,0.089445,13.083227,-2.174031,0.901133,1.051407,-1.853524,-0.203288,2.241769
1217374341.803216,-0.012974,0.735848,0.007735,0.018357,-0.143328,0.076695,13.170153,-2.208624,0.901079,1.051480,-1.853486,-0.203284,2.241705
1217374341.903098,-0.013228,0.733918,0.007916,0.020482,-0.147851,0.058296,13.258569,-2.252639,0.901017,1.051513,-1.853479,-0.203283,2.241720
1217374342.003148,-0.012931,0.733435,0.008249,0.023654,-0.146245,0.031677,13.353312,-2.309480,0.900974,1.051545,-1.853489,-0.203280,2.241727
1217374342.103064,-0.013075,0.731761,0.008607,0.027023,-0.142561,0.003214,13.446759,-2.370834,0.900938,1.051608,-1.853464,-0.203279,2.241668
1217374342.203065,-0.013207,0.730119,0.008793,0.029265,-0.141806,-0.016778,13.533966,-2.419103,0.900893,1.051631,-1.853461,-0.203276,2.241701
1217374342.303065,-0.013818,0.727124,0.009245,0.033353,-0.138837,-0.051566,13.627567,-2.494080,0.900856,1.051581,-1.853467,-0.203274,2.241894
1217374342.403065,-0.014361,0.724292,0.009491,0.036076,-0.139438,-0.076070,13.714161,-2.553078,0.900807,1.051549,-1.853432,-0.203274,2.242052
1217374342.503071,-0.014807,0.721666,0.009816,0.039365,-0.139170,-0.105231,13.802351,-2.620655,0.900762,1.051550,-1.853416,-0.203275,2.242141
1217374342.603065,-0.015221,0.719102,0.010157,0.042791,-0.142036,-0.135570,13.889531,-2.690173,0.900705,1.051530,-1.853404,-0.203275,2.242271
1217374342.703096,-0.015567,0.716701,0.010282,0.044779,-0.145973,-0.155479,13.971337,-2.745547,0.900644,1.051521,-1.853387,-0.203277,2.242389
1217374342.803070,-0.015349,0.715806,0.010369,0.046523,-0.147739,-0.173743,14.053351,-2.798270,0.900588,1.051530,-1.853375,-0.203278,2.242465
1217374342.903318,-0.015566,0.713711,0.010288,0.047127,-0.146883,-0.183398,14.129707,-2.838068,0.900540,1.051538,-1.853381,-0.203281,2.242546
1217374343.003066,-0.015270,0.713034,0.010097,0.046980,-0.148498,-0.187912,14.206487,-2.871778,0.900484,1.051547,-1.853359,-0.203284,2.242636
1217374343.103107,-0.014963,0.712406,0.009895,0.046736,-0.149085,-0.191753,14.282997,-2.904511,0.900431,1.051544,-1.853365,-0.203286,2.242749
1217374343.203065,-0.014555,0.712092,0.009511,0.045226,-0.149576,-0.186339,14.357975,-2.924472,0.900377,1.051611,-1.853352,-0.203285,2.242716
1217374343.303065,-0.014151,0.711782,0.009216,0.044289,-0.146899,-0.185203,14.434254,-2.950786,0.900334,1.051657,-1.853345,-0.203283,2.242723
1217374343.403065,-0.013199,0.713019,0.008771,0.042300,-0.143916,-0.176691,14.512047,-2.967830,0.900293,1.051753,-1.853336,-0.203281,2.242629
1217374343.503065,-0.012318,0.714170,0.008418,0.040892,-0.142972,-0.172467,14.590935,-2.991129,0.900245,1.051828,-1.853319,-0.203277,2.242577
1217374343.603101,-0.011500,0.715231,0.008142,0.039981,-0.142194,-0.172265,14.671133,-3.022361,0.900197,1.051877,-1.853335,-0.203273,2.242590
1217374343.703070,-0.010714,0.716252,0.008007,0.040003,-0.135355,-0.178959,14.751851,-3.063589,0.900171,1.051906,-1.853293,-0.203270,2.242642
1217374343.803248,-0.009511,0.718564,0.007884,0.040097,-0.138171,-0.186658,14.834635,-3.107887,0.900112,1.051946,-1.853280,-0.203267,2.242674
1217374343.903065,-0.008879,0.719422,0.007886,0.041025,-0.142062,-0.200325,14.915317,-3.160674,0.900049,1.051959,-1.853315,-0.203265,2.242764
1217374344.003308,-0.008200,0.720446,0.007784,0.041238,-0.139896,-0.208744,14.995568,-3.205766,0.900005,1.052020,-1.853268,-0.203264,2.242745
1217374344.103064,-0.007080,0.722765,0.007681,0.041442,-0.140434,-0.217621,15.077774,-3.253552,0.899953,1.052081,-1.853260,-0.203262,2.242730