
1217374321.103100,-0.196759,2.276780,-4.530957,1.159082,-13.487500,-0.005170,-0.003847,-3.450167,0.000000,0.834700,10S
1217374321.203070,-0.337301,2.051913,0.737598,1.159082,-10.853223,-0.005170,-0.003847,-3.450167,0.000000,0.785600,10S
1217374321.303250,-0.112434,2.248672,-3.161133,0.632227,-11.801563,-0.006641,-0.003856,-3.450167,0.000000,1.522100,10S
1217374321.403065,-0.112434,2.417322,-4.741699,1.369824,-11.380078,-0.006641,-0.003856,-3.450167,0.000556,1.571200,10S
1217374321.503114,-0.140542,2.276780,-5.479297,1.580566,-10.220996,-0.006641,-0.003856,-3.450167,0.000556,1.374800,10S
1217374321.603065,-0.196759,2.220563,-6.427637,1.580566,-9.588770,-0.006641,-0.003856,-3.450167,0.000278,0.982000,10S
1217374321.703065,0.000000,2.332997,-6.427637,1.369824,-9.483398,-0.006641,-0.003856,-3.450167,0.000278,0.687400,10S
1217374321.803065,-0.084325,2.332997,-6.638379,0.948340,-9.061914,-0.011065,-0.002033,-3.450167,0.000556,0.343700,10S
1217374321.903064,-0.112434,2.361105,-6.111523,1.475195,-9.694141,-0.011065,-0.002033,-3.450167,0.000556,0.147300,10S
1217374322.003072,-0.112434,2.389214,-5.795410,1.264453,-9.904883,-0.012535,-0.002043,-3.450167,0.001944,0.098200,10S
1217374322.103073,-0.168650,2.417322,-5.268555,1.264453,-9.904883,-0.012535,-0.002043,-3.450167,0.001944,0.098200,10S
1217374322.203215,-0.196759,2.445431,-6.111523,1.264453,-10.010254,-0.018466,0.005325,-3.450167,0.000278,0.147300,10S
1217374322.303098,-0.196759,2.445431,-5.584668,1.475195,-10.010254,-0.018466,0.005325,-3.450167,0.000278,0.245500,10S
1217374322.403146,-0.140542,2.389214,-5.373926,1.685938,-10.220996,-0.018466,0.005325,-3.450167,0.000278,0.294600,10S
1217374322.503065,-0.112434,2.417322,-5.057813,1.896680,-10.431738,-0.021419,0.007158,-3.450167,0.002222,0.441900,10S
1217374322.603065,-0.084325,2.417322,-4.741699,1.685938,-10.431738,-0.021419,0.007158,-3.450167,0.002222,0.589200,10S
1217374322.703064,-0.140542,2.445431,-4.320215,1.685938,-10.537109,-0.021432,0.009009,-3.450167,0.002222,0.687400,10S
1217374322.803065,-0.112434,2.361105,-3.898730,1.896680,-10.853223,-0.021432,0.009009,-3.450167,0.002222,0.834700,10S
1217374322.903071,-0.140542,2.361105,-4.109473,1.264453,-10.853223,-0.021419,0.007158,-3.450167,0.001944,0.932900,10S
1217374323.003067,-0.112434,2.389214,-3.898730,1.896680,-10.747852,-0.021419,0.007158,-3.450167,0.001944,1.080200,10S
1217374323.103211,-0.168650,2.445431,-4.004102,1.791309,-11.380078,-0.021395,0.003454,-3.450167,0.001667,1.129300,10S
1217374323.203098,-0.140542,2.445431,-2.950391,2.002051,-10.958594,-0.021395,0.003454,-3.450167,0.001667,1.178400,10S
1217374323.303299,-0.112434,2.473539,-3.371875,2.423535,-11.169336,-0.021395,0.003454,-3.450167,0.001667,1.276600,10S
1217374323.403065,-0.084325,2.417322,-3.266504,2.107422,-10.642480,-0.021395,0.003454,-3.450167,0.001389,1.423900,10S
1217374323.503103,-0.028108,2.417322,-3.161133,2.318164,-11.380078,-0.021395,0.003454,-3.450167,0.001389,1.374800,10S
1217374323.603065,0.028108,2.361105,-2.845020,2.212793,-11.274707,-0.019888,-0.002091,-3.450167,0.001667,1.473000,10S
1217374323.703065,0.084325,2.304889,-2.634277,1.685938,-11.169336,-0.018405,-0.003934,-3.450167,0.003611,1.522100,10S
1217374323.803065,0.000000,2.304889,-2.739648,1.475195,-11.169336,-0.018405,-0.003934,-3.450167,0.003611,1.522100,10S
1217374323.903065,0.000000,2.248672,-3.161133,1.159082,-11.169336,-0.018405,-0.003934,-3.450167,0.003611,1.620300,10S
1217374324.003102,-0.140542,2.304889,-2.845020,1.159082,-11.380078,-0.018357,-0.011341,-3.450167,0.003889,1.522100,10S
1217374324.103070,-0.168650,2.276780,-2.845020,1.053711,-11.590820,-0.018357,-0.011341,-3.450167,0.003889,1.620300,10S
1217374324.203246,-0.196759,2.304889,-2.634277,1.264453,-11.169336,-0.016850,-0.016886,-3.450167,0.003889,1.522100,10S
1217374324.303065,-0.112434,2.332997,-3.266504,1.475195,-11.274707,-0.016850,-0.016886,-3.450167,0.005278,1.571200,10S
1217374324.403302,-0.168650,2.304889,-3.055762,1.264453,-11.590820,-0.016850,-0.016886,-3.450167,0.005278,1.571200,10S
1217374324.503065,-0.168650,2.304889,-3.055762,1.053711,-10.958594,-0.015330,-0.024284,-3.450167,0.003611,1.522100,10S
1217374324.603065,-0.252976,2.389214,-2.950391,1.264453,-10.958594,-0.015330,-0.024284,-3.450167,0.003611,1.571200,10S
1217374324.703065,-0.309192,2.417322,-2.845020,1.264453,-11.169336,-0.010870,-0.031662,-3.450167,0.004167,1.571200,10S
1217374324.803064,-0.309192,2.445431,-3.055762,1.685938,-10.853223,-0.010870,-0.031662,-3.450167,0.004167,1.522100,10S
1217374324.903071,-0.393518,2.501647,-3.161133,1.791309,-10.853223,-0.007917,-0.033494,-3.450167,0.002222,1.522100,10S
1217374325.003074,-0.393518,2.557864,-2.950391,2.318164,-11.485449,-0.007917,-0.033494,-3.450167,0.002222,1.522100,10S
1217374325.103210,-0.365409,2.614081,-2.845020,2.739648,-11.063965,-0.006422,-0.037188,-3.450167,0.002778,1.571200,10S
1217374325.203098,-0.281084,2.614081,-2.634277,3.371875,-11.169336,-0.006422,-0.037188,-3.450167,0.002778,1.571200,10S
1217374325.303144,-0.140542,2.585973,-2.634277,3.687988,-10.958594,-0.006422,-0.037188,-3.450167,0.002778,1.620300,10S
1217374325.403064,-0.084325,2.614081,-2.845020,3.687988,-10.958594,-0.001986,-0.040862,-3.450167,0.002222,1.669400,10S
1217374325.503064,0.028108,2.585973,-2.528906,4.004102,-11.485449,-0.001986,-0.040862,-3.450167,0.002222,1.669400,10S
1217374325.603064,0.112434,2.557864,-2.845020,3.582617,-10.642480,-0.000491,-0.044556,-3.450167,0.005000,1.669400,10S
1217374325.703066,0.224867,2.473539,-2.950391,3.477246,-11.169336,-0.000491,-0.044556,-3.450167,0.005000,1.718500,10S
1217374325.803071,0.309192,2.445431,-2.634277,3.161133,-10.958594,0.001004,-0.048250,-3.450167,0.002500,1.669400,10S
1217374325.903065,0.281084,2.417322,-3.055762,2.318164,-11.063965,0.001004,-0.048250,-3.450167,0.002500,1.620300,10S
1217374326.003102,0.252976,2.389214,-3.161133,2.318164,-11.380078,0.001016,-0.050102,-3.450167,0.002778,1.669400,10S
1217374326.103070,0.309192,2.248672,-2.634277,2.107422,-11.274707,0.001016,-0.050102,-3.450167,0.002778,1.620300,10S
1217374326.203247,0.281084,2.248672,-2.739648,1.791309,-10.958594,0.003969,-0.051934,-3.450167,0.002778,1.718500,10S
1217374326.303065,0.224867,2.164347,-2.845020,1.159082,-11.590820,0.003969,-0.051934,-3.450167,0.002222,1.718500,10S
1217374326.403113,0.168650,2.164347,-2.845020,0.526855,-11.063965,0.003969,-0.051934,-3.450167,0.002222,1.669400,10S
1217374326.503065,0.028108,2.164347,-2.739648,0.105371,-11.906934,0.008417,-0.057461,-3.450167,0.003611,1.718500,10S
1217374326.603065,-0.112434,2.192455,-2.212793,0.210742,-10.958594,0.008417,-0.057461,-3.450167,0.003611,1.718500,10S
1217374326.703064,-0.196759,2.192455,-2.318164,0.316113,-11.485449,0.009900,-0.059303,-3.450167,0.002778,1.767600,10S
1217374326.803064,-0.252976,2.164347,-2.528906,-0.316113,-11.380078,0.009900,-0.059303,-3.450167,0.002778,1.865800,10S
1217374326.903071,-0.393518,2.164347,-2.318164,0.316113,-10.958594,0.012853,-0.061135,-3.450167,0.003056,1.816700,10S
1217374327.003074,-0.421626,2.276780,-2.318164,0.948340,-11.801563,0.012853,-0.061135,-3.450167,0.003056,1.865800,10S
1217374327.103246,-0.421626,2.332997,-2.002051,1.053711,-11.906934,0.018760,-0.064800,-3.450167,0.004167,1.865800,10S
1217374327.203098,-0.449734,2.332997,-2.528906,0.948340,-10.747852,0.018760,-0.064800,-3.450167,0.004167,1.914900,10S
1217374327.303142,-0.477843,2.445431,-2.845020,1.685938,-11.906934,0.018760,-0.064800,-3.450167,0.004167,1.816700,10S
1217374327.403065,-0.393518,2.445431,-2.634277,2.212793,-11.063965,0.024678,-0.070317,-3.450167,0.007222,1.865800,10S
1217374327.503065,-0.365409,2.557864,-2.634277,2.423535,-11.485449,0.024678,-0.070317,-3.450167,0.007222,1.816700,10S
1217374327.603065,-0.281084,2.585973,-2.739648,2.950391,-11.380078,0.027656,-0.075853,-3.450167,0.006111,1.816700,10S
1217374327.703065,-0.196759,2.585973,-2.318164,3.161133,-11.485449,0.027656,-0.075853,-3.450167,0.006111,1.816700,10S
1217374327.803065,-12.733104,2.557864,-2.107422,2.950391,-10.853223,0.032104,-0.081379,-3.450167,0.005278,1.865800,10S
1217374327.903065,-0.056217,2.557864,-2.845020,2.845020,-11.906934,0.032104,-0.081379,-3.450167,0.005278,1.865800,10S
1217374328.003217,-0.084325,2.557864,-2.318164,2.739648,-11.274707,0.032116,-0.083231,-3.450167,0.003611,1.914900,10S
1217374328.103098,-0.056217,2.529756,-2.212793,2.950391,-11.590820,0.032116,-0.083231,-3.450167,0.003611,1.914900,10S
1217374328.203297,0.056217,2.529756,-2.318164,3.055762,-11.063965,0.032116,-0.083231,-3.450167,0.003611,1.914900,10S
1217374328.303065,0.084325,2.473539,-2.423535,2.634277,-10.853223,0.033611,-0.086925,-3.450167,0.005278,1.865800,10S
1217374328.403103,0.084325,2.473539,-2.739648,2.739648,-11.801563,0.033611,-0.086925,-3.450167,0.005278,1.865800,10S
1217374328.503066,0.056217,2.501647,-2.845020,2.634277,-11.485449,0.039518,-0.090589,-3.450167,0.005278,1.816700,10S
1217374328.603065,0.084325,2.473539,-2.423535,2.423535,-11.169336,0.039518,-0.090589,-3.450167,0.005278,1.816700,10S
1217374328.703064,0.084325,2.473539,-2.528906,2.212793,-11.906934,0.042471,-0.092422,-3.450167,0.004444,1.865800,10S
1217374328.803064,0.056217,2.445431,-2.318164,2.423535,-11.380078,0.042471,-0.092422,-3.450167,0.004444,1.816700,10S
1217374328.903100,0.112434,2.389214,-2.107422,2.002051,-11.590820,0.046919,-0.097948,-3.450167,0.006111,1.865800,10S
1217374329.003072,0.056217,2.417322,-2.845020,1.791309,-11.063965,0.046919,-0.097948,-3.450167,0.006111,1.914900,10S
1217374329.103246,0.056217,2.304889,-2.528906,1.791309,-11.380078,0.052813,-0.099761,-3.450167,0.006111,1.914900,10S
1217374329.203065,0.112434,2.332997,-2.212793,1.580566,-11.801563,0.052813,-0.099761,-3.450167,0.007500,1.865800,10S
1217374329.303311,0.084325,2.248672,-2.107422,1.580566,-11.696191,0.052813,-0.099761,-3.450167,0.007500,1.914900,10S
1217374329.403065,-0.028108,2.304889,-2.002051,1.264453,-11.274707,0.058708,-0.101574,-3.450167,0.006944,1.964000,10S
1217374329.503065,-0.056217,2.248672,-2.002051,1.264453,-11.274707,0.058708,-0.101574,-3.450167,0.006944,1.914900,10S
1217374329.603064,-0.084325,2.220563,-1.685938,1.159082,-11.906934,0.063131,-0.103397,-3.450167,0.005833,1.914900,10S
1217374329.703064,-0.168650,2.304889,-2.107422,1.159082,-11.590820,0.063131,-0.103397,-3.450167,0.005833,1.964000,10S
1217374329.803070,-0.252976,2.276780,-2.634277,1.264453,-10.958594,0.069038,-0.107062,-3.450167,0.006389,1.964000,10S
1217374329.903073,-0.196759,2.276780,-2.528906,1.369824,-11.485449,0.069038,-0.107062,-3.450167,0.006389,1.964000,10S
1217374330.003215,-0.252976,2.332997,-2.318164,1.580566,-11.590820,0.074944,-0.110727,-3.450167,0.008889,2.013100,10S
1217374330.103098,-0.224867,2.361105,-1.580566,1.685938,-11.274707,0.074944,-0.110727,-3.450167,0.008889,2.013100,10S
1217374330.203304,-0.224867,2.361105,-2.212793,1.580566,-11.485449,0.074944,-0.110727,-3.450167,0.008889,2.013100,10S
1217374330.303065,-0.224867,2.389214,-2.423535,1.685938,-11.801563,0.091169,-0.118028,-3.450167,0.215278,2.062200,10S
1217374330.403065,-0.252976,2.445431,-2.107422,2.002051,-11.380078,0.091169,-0.118028,-3.450167,0.215278,2.013100,10S
1217374330.503065,-0.252976,2.473539,-2.107422,2.107422,-11.063965,0.211949,-0.146864,-3.450167,0.351667,2.062200,10S
1217374330.603064,-0.168650,2.473539,-1.791309,2.212793,-11.696191,0.211949,-0.146864,-3.450167,0.351667,2.062200,10S
1217374330.703071,-0.168650,2.557864,-2.002051,2.528906,-12.117676,0.332801,-0.186811,-3.450167,0.616111,2.111300,10S
1217374330.803066,-0.140542,2.557864,-2.107422,2.634277,-10.747852,0.332801,-0.186811,-3.450167,0.616111,2.062200,10S
1217374330.903100,-0.168650,2.501647,-2.002051,2.739648,-11.696191,0.471069,-0.191458,-3.450167,0.681389,2.111300,10S
1217374331.003072,-0.028108,2.557864,-2.318164,2.739648,-12.328418,0.471069,-0.191458,-3.450167,0.681389,2.062200,10S
1217374331.103247,-0.084325,2.529756,-2.002051,2.634277,-11.063965,0.645882,-0.162533,-3.450167,0.681389,2.013100,10S
1217374331.203064,-0.056217,2.557864,-2.212793,2.739648,-10.115625,0.645882,-0.162533,-3.450167,0.884722,2.062200,10S
1217374331.303108,0.084325,2.445431,-2.002051,2.950391,-11.801563,0.645882,-0.162533,-3.450167,0.884722,2.111300,10S
1217374331.403064,0.000000,2.501647,-2.318164,2.002051,-11.906934,0.806330,-0.185553,-3.450167,0.806667,2.062200,10S
1217374331.503065,0.084325,2.445431,-1.580566,2.107422,-10.537109,0.806330,-0.185553,-3.450167,0.806667,2.062200,10S
1217374331.603064,0.140542,2.332997,-1.475195,2.423535,-11.485449,0.934560,-0.229155,-3.450167,0.673611,2.062200,10S
1217374331.703064,0.168650,2.248672,-2.107422,1.685938,-11.485449,0.934560,-0.229155,-3.450167,0.673611,2.111300,10S
1217374331.803071,0.112434,2.220563,-2.002051,1.685938,-11.063965,1.081736,-0.246707,-3.450167,0.726389,2.111300,10S
1217374331.903072,0.168650,2.192455,-2.107422,1.264453,-10.642480,1.081736,-0.246707,-3.450167,0.726389,2.062200,10S
1217374332.003222,0.112434,2.164347,-3.055762,0.842969,-11.696191,1.277562,-0.282458,-3.450167,0.990556,2.062200,10S
1217374332.103098,0.140542,2.108130,-2.845020,0.842969,-11.801563,1.277562,-0.282458,-3.450167,0.990556,2.013100,10S
1217374332.203144,0.056217,2.136238,-1.896680,0.105371,-10.853223,1.277562,-0.282458,-3.450167,0.990556,1.964000,10S
1217374332.303064,-0.140542,2.136238,-2.002051,-0.210742,-11.485449,1.436880,-0.357337,-3.450167,0.820556,1.914900,10S
1217374332.403065,-0.252976,2.136238,-2.002051,0.000000,-11.485449,1.436880,-0.357337,-3.450167,0.820556,1.964000,10S
1217374332.503064,-0.337301,2.192455,-2.212793,0.210742,-11.063965,1.922697,-0.659699,-0.269304,1.203889,1.964000,10S
1217374332.603065,-0.421626,2.248672,-2.002051,0.842969,-11.380078,1.922697,-0.659699,-0.269304,1.203889,2.013100,10S
1217374332.703065,-0.365409,2.248672,-2.002051,0.948340,-12.117676,2.398840,-1.056569,-0.300895,1.236667,2.013100,10S
1217374332.803065,-0.421626,2.361105,-2.423535,1.264453,-11.380078,2.398840,-1.056569,-0.300895,1.236667,2.062200,10S
1217374332.903211,-0.393518,2.389214,-1.791309,1.791309,-11.274707,2.678609,-1.110286,-0.300895,0.921111,2.062200,10S
1217374333.003100,-0.365409,2.417322,-2.423535,1.685938,-11.380078,2.678609,-1.110286,-0.300895,0.921111,2.013100,10S
1217374333.103307,-0.393518,2.501647,-2.318164,2.002051,-11.590820,2.678609,-1.110286,-0.300895,0.921111,2.062200,10S
1217374333.203064,-0.337301,2.557864,-2.107422,2.528906,-11.169336,2.934947,-1.178973,-0.300895,0.936111,2.013100,10S
1217374333.303103,-0.281084,2.501647,-2.318164,2.739648,-11.485449,2.934947,-1.178973,-0.300895,0.936111,2.062200,10S
1217374333.403065,-0.252976,2.557864,-2.318164,3.371875,-11.801563,3.101775,-1.277876,-0.075398,1.031111,2.013100,10S
1217374333.503065,-0.196759,2.585973,-2.212793,3.055762,-10.853223,3.101775,-1.277876,-0.075398,1.031111,1.964000,10S
1217374333.603064,-0.084325,2.557864,-2.739648,3.055762,-10.853223,3.365697,-1.381698,-0.075398,0.857500,2.013100,10S
1217374333.703065,-0.056217,2.557864,-1.896680,2.739648,-11.274707,3.365697,-1.381698,-0.075398,0.857500,2.062200,10S
1217374333.803100,0.000000,2.585973,-2.318164,3.266504,-11.906934,3.700168,-1.479500,-0.075398,0.735556,2.062200,10S
1217374333.903070,0.056217,2.389214,-1.896680,2.845020,-10.431738,3.700168,-1.479500,-0.075398,0.735556,2.013100,10S
1217374334.003251,0.140542,2.417322,-2.002051,2.423535,-10.853223,3.922695,-1.550260,-0.075398,0.735556,2.062200,10S
1217374334.103065,0.084325,2.361105,-2.423535,2.212793,-11.801563,3.922695,-1.550260,-0.075398,0.800278,2.062200,10S
1217374334.203304,0.196759,2.276780,-1.685938,2.212793,-11.590820,3.922695,-1.550260,-0.075398,0.800278,2.062200,10S
1217374334.303065,0.196759,2.248672,-2.107422,1.580566,-10.853223,4.062531,-1.569712,-0.075398,0.706667,2.062200,10S
1217374334.403065,0.224867,2.192455,-2.002051,1.580566,-12.012305,4.062531,-1.569712,-0.075398,0.706667,2.111300,10S
1217374334.503065,0.168650,2.136238,-2.107422,0.632227,-12.328418,4.362389,-1.547373,-0.075398,0.781111,2.111300,10S
1217374334.603065,0.112434,2.080021,-1.475195,0.632227,-10.537109,4.362389,-1.547373,-0.075398,0.781111,2.111300,10S
1217374334.703070,0.000000,2.080021,-2.107422,-0.210742,-11.485449,4.509639,-1.576035,-0.075398,0.734444,2.111300,10S
1217374334.803072,-0.168650,2.051913,-2.002051,-0.316113,-11.485449,4.509639,-1.576035,-0.075398,0.734444,2.062200,10S
1217374334.903211,-0.252976,2.051913,-1.580566,-0.210742,-11.485449,4.655333,-1.591745,-0.075398,0.715556,2.111300,10S
1217374335.003101,-0.393518,2.051913,-1.791309,-0.105371,-10.853223,4.655333,-1.591745,-0.075398,0.715556,2.062200,10S
1217374335.103145,-0.477843,2.108130,-2.528906,0.210742,-11.801563,4.655333,-1.591745,-0.075398,0.715556,2.111300,10S
1217374335.203065,-0.477843,2.192455,-2.107422,0.737598,-11.590820,4.799568,-1.609316,-0.075398,0.705000,2.062200,10S
1217374335.303065,-0.534060,2.248672,-2.107422,0.842969,-11.169336,4.799568,-1.609316,-0.075398,0.705000,2.062200,10S
1217374335.403064,-0.421626,2.220563,-1.685938,1.264453,-11.063965,5.108967,-1.696172,-6.250896,1.021667,2.062200,10S
1217374335.503065,-0.393518,2.304889,-1.791309,1.580566,-11.590820,5.108967,-1.696172,-6.250896,1.021667,2.111300,10S
1217374335.603071,-0.337301,2.304889,-2.318164,1.896680,-11.274707,5.422912,-2.027441,-0.012741,1.015278,2.062200,10S
1217374335.703065,-0.252976,2.276780,-1.791309,1.580566,-11.063965,5.422912,-2.027441,-0.012741,1.015278,2.062200,10S
1217374335.803100,-0.168650,2.304889,-2.212793,1.580566,-11.274707,5.683322,-2.268321,-0.012741,0.894444,2.111300,10S
1217374335.903070,-0.196759,2.389214,-1.685938,1.791309,-12.117676,5.683322,-2.268321,-0.012741,0.894444,2.062200,10S
1217374336.003251,-0.140542,2.332997,-2.212793,1.791309,-10.958594,6.017843,-2.597602,-0.012741,0.894444,2.062200,10S
1217374336.103064,-0.168650,2.332997,-1.791309,2.002051,-11.696191,6.017843,-2.597602,-0.012741,0.843611,2.111300,10S
1217374336.203109,-0.140542,2.276780,-2.528906,1.475195,-11.590820,6.017843,-2.597602,-0.012741,0.843611,2.062200,10S
1217374336.303064,-0.084325,2.248672,-1.685938,1.580566,-10.642480,6.487703,-2.933402,-0.012741,0.779722,2.062200,10S
1217374336.403065,-0.084325,2.248672,-2.212793,1.475195,-11.063965,6.487703,-2.933402,-0.012741,0.779722,2.013100,10S
1217374336.503064,-0.084325,2.248672,-1.896680,1.369824,-11.485449,6.617063,-2.925145,-0.012741,0.635556,2.111300,10S
1217374336.603065,-0.028108,2.220563,-2.423535,1.264453,-10.853223,6.617063,-2.925145,-0.012741,0.635556,2.062200,10S
1217374336.703070,-0.056217,2.192455,-2.423535,1.264453,-11.063965,6.772953,-2.925973,-0.012741,0.771667,2.111300,10S
1217374336.803072,-0.028108,2.248672,-1.159082,1.264453,-11.590820,6.772953,-2.925973,-0.012741,0.771667,2.062200,10S
1217374336.903219,0.028108,2.108130,-2.212793,1.053711,-12.012305,6.932028,-2.963817,-0.012741,0.805556,2.062200,10S
1217374337.003100,0.028108,2.136238,-1.053711,0.948340,-11.696191,6.932028,-2.963817,-0.012741,0.805556,2.160400,10S
1217374337.103142,0.056217,2.080021,-1.685938,0.948340,-11.906934,6.932028,-2.963817,-0.012741,0.805556,2.160400,10S
1217374337.203064,0.028108,2.051913,-1.685938,0.105371,-10.958594,7.076263,-2.981388,-0.012741,0.712222,2.209500,10S
1217374337.303065,-0.112434,2.051913,-1.475195,0.105371,-10.642480,7.076263,-2.981388,-0.012741,0.712222,2.160400,10S
1217374337.403064,-0.168650,2.051913,-2.212793,0.000000,-11.590820,7.258538,-2.969080,-0.012741,0.890833,2.209500,10S
1217374337.503064,-0.252976,2.080021,-2.107422,-0.210742,-12.328418,7.258538,-2.969080,-0.012741,0.890833,2.160400,10S
1217374337.603065,-0.393518,2.080021,-2.002051,0.105371,-10.220996,7.652877,-3.225747,-0.107338,1.010833,2.209500,10S
1217374337.703065,-0.505951,2.192455,-1.896680,0.421484,-11.380078,7.652877,-3.225747,-0.107338,1.010833,2.111300,10S
1217374337.803210,-0.477843,2.192455,-2.528906,1.053711,-12.539160,8.056574,-3.339762,-0.300022,1.040556,2.160400,10S
1217374337.903098,-0.449734,2.276780,-2.002051,1.053711,-11.485449,8.056574,-3.339762,-0.300022,1.040556,2.062200,10S
1217374338.003306,-0.449734,2.276780,-1.369824,1.264453,-10.958594,8.056574,-3.339762,-0.300022,1.040556,2.111300,10S
1217374338.103065,-0.449734,2.361105,-1.580566,1.580566,-11.063965,8.297587,-3.538177,-0.300022,0.788889,2.111300,10S
1217374338.203103,-0.337301,2.389214,-2.212793,1.896680,-11.169336,8.297587,-3.538177,-0.300022,0.788889,2.062200,10S
1217374338.303065,-0.281084,2.332997,-2.423535,2.423535,-11.274707,8.971234,-4.002267,-0.300022,0.947778,2.111300,10S
1217374338.403064,-0.168650,2.389214,-1.791309,2.107422,-10.747852,8.971234,-4.002267,-0.300022,0.947778,2.111300,10S
1217374338.503065,-0.140542,2.361105,-2.318164,1.791309,-11.380078,9.155187,-4.021429,-0.300022,0.915556,2.111300,10S
1217374338.603064,-0.140542,2.417322,-2.423535,1.791309,-11.906934,9.155187,-4.021429,-0.300022,0.915556,2.062200,10S
1217374338.703100,-0.112434,2.389214,-1.896680,1.896680,-10.747852,9.293601,-4.048297,-0.300022,0.691944,2.062200,10S
1217374338.803070,-0.084325,2.332997,-1.791309,1.791309,-10.853223,9.293601,-4.048297,-0.300022,0.691944,2.062200,10S
1217374338.903247,0.000000,2.304889,-2.212793,1.896680,-12.012305,9.426048,-4.062242,-0.300022,0.691944,2.062200,10S
1217374339.003067,0.056217,2.248672,-2.107422,1.475195,-11.063965,9.426048,-4.062242,-0.300022,0.656944,2.013100,10S
1217374339.103303,0.084325,2.164347,-2.318164,1.369824,-11.485449,9.426048,-4.062242,-0.300022,0.656944,2.013100,10S
1217374339.203065,0.084325,2.108130,-2.423535,0.842969,-11.590820,9.589449,-4.087094,-0.300022,0.824444,1.964000,10S
1217374339.303065,0.000000,2.108130,-2.107422,0.632227,-10.537109,9.589449,-4.087094,-0.300022,0.824444,2.013100,10S
1217374339.403065,0.000000,2.108130,-2.845020,0.421484,-11.274707,9.720766,-4.152898,-0.300022,0.743611,1.964000,10S
1217374339.503065,-0.028108,2.136238,-2.107422,0.632227,-12.223047,9.720766,-4.152898,-0.300022,0.743611,1.914900,10S
1217374339.603070,-0.084325,2.080021,-2.107422,0.316113,-10.853223,9.862169,-4.187154,-0.300022,0.727500,2.013100,10S
1217374339.703072,-0.112434,2.051913,-2.002051,0.316113,-10.642480,9.862169,-4.187154,-0.300022,0.727500,1.964000,10S
1217374339.803210,-0.196759,2.051913,-2.423535,-0.105371,-12.012305,10.018315,-4.226869,-0.300022,0.784722,1.964000,10S
1217374339.903098,-0.281084,2.051913,-2.107422,0.000000,-12.012305,10.018315,-4.226869,-0.300022,0.784722,2.013100,10S
1217374340.003309,-0.309192,2.080021,-1.791309,0.105371,-10.220996,10.018315,-4.226869,-0.300022,0.784722,2.013100,10S
1217374340.103064,-0.337301,2.164347,-1.896680,0.316113,-11.380078,10.189325,-4.290560,-0.300022,0.828611,2.013100,10S
1217374340.203065,-0.421626,2.164347,-2.528906,0.421484,-12.012305,10.189325,-4.290560,-0.300022,0.828611,1.964000,10S
1217374340.303064,-0.337301,2.164347,-2.423535,1.053711,-11.274707,10.707298,-4.339009,-0.164585,1.003889,2.013100,10S
1217374340.403065,-0.309192,2.192455,-1.685938,0.948340,-10.853223,10.707298,-4.339009,-0.164585,1.003889,1.964000,10S
1217374340.503071,-0.224867,2.192455,-2.423535,1.369824,-12.117676,10.928367,-4.411631,-0.164585,0.915833,1.914900,10S
1217374340.603065,-0.224867,2.220563,-2.634277,0.632227,-10.431738,10.928367,-4.411631,-0.164585,0.915833,1.914900,10S
1217374340.703100,-0.168650,2.108130,-2.212793,0.632227,-11.169336,11.152304,-4.473122,-0.164585,0.847778,1.914900,10S
1217374340.803070,-0.196759,2.192455,-1.791309,0.737598,-11.696191,11.152304,-4.473122,-0.164585,0.847778,1.914900,10S
1217374340.903246,-0.196759,2.192455,-2.107422,0.948340,-10.537109,11.405835,-4.562197,-0.164585,0.847778,1.865800,10S
1217374341.003066,-0.168650,2.192455,-2.634277,1.159082,-12.012305,11.405835,-4.562197,-0.164585,0.747500,1.964000,10S
1217374341.103114,-0.168650,2.108130,-2.212793,0.842969,-10.958594,11.405835,-4.562197,-0.164585,0.747500,1.964000,10S
1217374341.203065,-0.168650,2.164347,-2.318164,0.842969,-10.747852,11.582775,-4.633256,-0.164585,0.946667,1.964000,10S
1217374341.303067,-0.168650,2.108130,-2.107422,0.948340,-10.642480,11.582775,-4.633256,-0.164585,0.946667,1.964000,10S
1217374341.403064,-0.168650,2.136238,-2.423535,0.526855,-11.169336,11.718613,-4.715697,-0.164585,0.780278,1.964000,10S
1217374341.503065,-0.196759,2.164347,-2.739648,0.421484,-10.853223,11.718613,-4.715697,-0.164585,0.780278,1.964000,10S
1217374341.603071,-0.252976,2.192455,-1.896680,0.526855,-11.274707,11.869156,-4.798041,-0.164585,0.852500,1.914900,10S
1217374341.703073,-0.168650,2.136238,-2.318164,0.737598,-11.485449,11.869156,-4.798041,-0.164585,0.852500,1.964000,10S
1217374341.803216,-0.056217,2.080021,-2.634277,0.842969,-10.747852,12.038768,-4.872852,-0.164585,0.915833,1.964000,10S
1217374341.903098,-0.140542,2.108130,-2.950391,0.526855,-11.485449,12.038768,-4.872852,-0.164585,0.915833,1.914900,10S
1217374342.003148,-0.056217,2.023805,-2.212793,0.210742,-11.906934,12.038768,-4.872852,-0.164585,0.915833,1.964000,10S
1217374342.103064,-0.140542,1.939479,-1.896680,0.210742,-11.063965,12.180525,-4.960809,-0.164585,0.838889,1.914900,10S
1217374342.203065,-0.028108,2.108130,-2.212793,0.421484,-11.590820,12.180525,-4.960809,-0.164585,0.838889,1.914900,10S
1217374342.303065,-0.112434,2.136238,-1.896680,-0.316113,-11.801563,12.487627,-5.145827,-0.164585,0.962500,1.865800,10S
1217374342.403065,-0.196759,2.192455,-2.318164,0.105371,-10.853223,12.487627,-5.145827,-0.164585,0.962500,1.865800,10S
1217374342.503071,-0.224867,2.080021,-2.212793,0.000000,-11.274707,12.614703,-5.237584,-0.164585,0.781111,1.865800,10S
1217374342.603065,-0.224867,2.108130,-2.634277,-0.105371,-11.380078,12.614703,-5.237584,-0.164585,0.781111,1.865800,10S
1217374342.703096,-0.281084,2.192455,-2.845020,0.316113,-11.274707,12.727292,-5.362769,-0.164585,0.842222,1.865800,10S
1217374342.803070,-0.252976,2.164347,-2.634277,0.421484,-11.380078,12.727292,-5.362769,-0.164585,0.842222,1.914900,10S
1217374342.903318,-0.337301,2.248672,-2.318164,0.737598,-11.801563,12.727292,-5.362769,-0.164585,0.842222,1.865800,10S
1217374343.003066,-0.365409,2.304889,-2.634277,0.948340,-11.169336,12.889733,-5.465405,-0.164585,0.952778,1.914900,10S
1217374343.103107,-0.309192,2.332997,-2.528906,0.948340,-11.801563,12.889733,-5.465405,-0.164585,0.952778,1.914900,10S
1217374343.203065,-0.196759,2.276780,-2.528906,1.475195,-11.380078,13.016711,-5.542348,-0.164585,0.730278,1.914900,10S
1217374343.303065,-0.140542,2.276780,-2.107422,1.264453,-11.485449,13.016711,-5.542348,-0.164585,0.730278,1.914900,10S
1217374343.403065,-0.140542,2.248672,-2.002051,1.685938,-11.485449,13.158626,-5.654378,-0.164585,0.903611,1.964000,10S
1217374343.503065,-0.056217,2.248672,-2.212793,1.475195,-11.274707,13.158626,-5.654378,-0.164585,0.903611,1.964000,10S
1217374343.603101,-0.084325,2.276780,-2.212793,1.264453,-12.012305,13.305086,-5.786748,-0.164585,0.990833,1.964000,10S
1217374343.703070,-0.084325,2.248672,-1.369824,0.948340,-10.747852,13.305086,-5.786748,-0.164585,0.990833,1.964000,10S
1217374343.803248,-0.084325,2.220563,-2.528906,0.948340,-11.380078,13.417529,-5.889712,-0.164585,0.990833,2.013100,10S
1217374343.903065,-0.112434,2.220563,-2.739648,0.632227,-12.433789,13.417529,-5.889712,-0.164585,0.769444,1.964000,10S
1217374344.003308,-0.168650,2.164347,-2.002051,0.948340,-10.642480,13.417529,-5.889712,-0.164585,0.769444,1.964000,10S
1217374344.103064,-0.112434,2.164347,-2.318164,0.948340,-11.485449,13.521319,-6.018659,-0.164585,0.841944,2.013100,10S