
1217283828.603307,-0.000005,0.000000,0.000000,0.000000,-0.002474,-0.523598,0.000000,0.000000,0.863490,1.522729,-1.878043,-0.264503,2.316639
1217283828.703307,-0.000020,-0.000001,0.000000,0.000000,-0.014057,-0.523595,0.000000,0.000000,0.863488,1.522729,-1.878043,-0.264503,2.316639
1217283828.803485,-0.000026,-0.000000,-0.000000,-0.000000,-0.033570,-0.523599,0.000000,-0.000000,0.863483,1.522729,-1.878043,-0.264503,2.316639
1217283828.903299,0.000001,0.000010,0.000000,0.000000,-0.059027,-0.523604,0.000001,-0.000001,0.863475,1.522729,-1.878042,-0.264503,2.316639
1217283829.003548,0.000051,0.000037,-0.000000,-0.000000,-0.090017,-0.523597,0.000005,-0.000003,0.863464,1.522731,-1.878041,-0.264503,2.316641
1217283829.103299,0.000098,0.000077,-0.000000,-0.000000,-0.123469,-0.523589,0.000014,-0.000008,0.863450,1.522732,-1.878038,-0.264502,2.316646
1217283829.203299,0.000107,0.000116,-0.000000,-0.000000,-0.159905,-0.523581,0.000026,-0.000015,0.863433,1.522739,-1.878036,-0.264502,2.316653
1217283829.303299,0.000070,0.000139,-0.000000,-0.000000,-0.189887,-0.523570,0.000041,-0.000023,0.863416,1.522750,-1.878032,-0.264502,2.316660
1217283829.403299,-0.000010,0.000137,-0.000000,-0.000000,-0.215281,-0.523559,0.000053,-0.000031,0.863398,1.522766,-1.878028,-0.264501,2.316672
1217283829.503300,-0.000142,0.000094,-0.000000,-0.000000,-0.237206,-0.523546,0.000057,-0.000033,0.863379,1.522785,-1.878024,-0.264500,2.316684
1217283829.603300,-0.000265,0.000042,-0.000000,-0.000000,-0.255997,-0.523532,0.000058,-0.000034,0.863359,1.522811,-1.878021,-0.264499,2.316698
1217283829.703463,-0.000333,0.000015,-0.000000,-0.000000,-0.268214,-0.523517,0.000067,-0.000039,0.863340,1.522841,-1.878017,-0.264498,2.316714
1217283829.803331,-0.000257,0.000091,-0.000000,-0.000000,-0.270978,-0.523500,0.000112,-0.000065,0.863325,1.522872,-1.878015,-0.264497,2.316728
1217283829.903538,-0.000048,0.000302,-0.000000,-0.000000,-0.271861,-0.523482,0.000219,-0.000127,0.863309,1.522911,-1.878013,-0.264496,2.316742
1217283830.003301,0.000515,0.000884,-0.000000,-0.000000,-0.265763,-0.523463,0.000501,-0.000289,0.863297,1.522950,-1.878010,-0.264494,2.316756
1217283830.103318,0.001276,0.001773,-0.000000,-0.000000,-0.263025,-0.523443,0.000969,-0.000560,0.863283,1.522986,-1.878008,-0.264493,2.316771
1217283830.203299,0.002374,0.003157,-0.000000,-0.000000,-0.256930,-0.523421,0.001748,-0.001009,0.863270,1.523020,-1.878006,-0.264491,2.316786
1217283830.303299,0.003915,0.005246,-0.000000,-0.000000,-0.251881,-0.523398,0.003001,-0.001732,0.863256,1.523053,-1.878004,-0.264489,2.316799
1217283830.403305,0.005798,0.008019,-0.000000,-0.000000,-0.247700,-0.523374,0.004791,-0.002765,0.863241,1.523082,-1.878002,-0.264487,2.316813
1217283830.503300,0.007972,0.011486,-0.000000,-0.000000,-0.244242,-0.523348,0.007197,-0.004154,0.863225,1.523098,-1.878000,-0.264485,2.316826
1217283830.603334,0.010587,0.015908,-0.000000,-0.000000,-0.238303,-0.523322,0.010454,-0.006034,0.863211,1.523121,-1.878001,-0.264482,2.316835
1217283830.703304,0.013527,0.021234,-0.000000,-0.000000,-0.232609,-0.523294,0.014633,-0.008445,0.863196,1.523129,-1.878000,-0.264480,2.316844
1217283830.803485,0.016678,0.027373,-0.000000,-0.000000,-0.228660,-0.523264,0.019769,-0.011409,0.863180,1.523128,-1.877998,-0.264478,2.316855
1217283830.903299,0.020176,0.034580,-0.000000,-0.000000,-0.225402,-0.523234,0.026132,-0.015080,0.863163,1.523137,-1.877996,-0.264476,2.316864
1217283831.003353,0.023887,0.042713,-0.000000,-0.000000,-0.222716,-0.523202,0.033731,-0.019465,0.863146,1.523136,-1.877995,-0.264474,2.316873
1217283831.103300,0.027935,0.052040,-0.000000,-0.000000,-0.221292,-0.523169,0.042878,-0.024742,0.863127,1.523127,-1.877993,-0.264473,2.316885
1217283831.203299,0.032173,0.062370,-0.000000,-0.000000,-0.220139,-0.523134,0.053541,-0.030893,0.863107,1.523122,-1.877992,-0.264471,2.316900
1217283831.303299,0.036923,0.074331,-0.000000,-0.000000,-0.219230,-0.523099,0.066361,-0.038288,0.863086,1.523112,-1.877991,-0.264469,2.316913
1217283831.403299,0.041690,0.087074,-0.000000,-0.000000,-0.213101,-0.523062,0.080759,-0.046592,0.863070,1.523105,-1.877989,-0.264467,2.316921
1217283831.503305,0.046751,0.101183,-0.000000,-0.000000,-0.210338,-0.523023,0.097358,-0.056165,0.863050,1.523097,-1.877989,-0.264466,2.316928
1217283831.603307,0.051699,0.115893,-0.000000,-0.000000,-0.206540,-0.522984,0.115582,-0.066674,0.863031,1.523076,-1.877985,-0.264464,2.316936
1217283831.703464,0.057114,0.132381,-0.000000,-0.000000,-0.205724,-0.522943,0.136644,-0.078819,0.863009,1.523054,-1.877985,-0.264464,2.316954
1217283831.803331,0.062325,0.149323,-0.000000,-0.000000,-0.205846,-0.522901,0.159404,-0.091941,0.862986,1.523046,-1.877985,-0.264463,2.316968
1217283831.903371,0.067785,0.167623,-0.000000,-0.000000,-0.202906,-0.522857,0.184837,-0.106603,0.862965,1.523051,-1.877985,-0.264464,2.316988
1217283832.003302,0.073418,0.187203,-0.000000,-0.000000,-0.202039,-0.522812,0.213012,-0.122843,0.862941,1.523053,-1.877986,-0.264465,2.317015
1217283832.103299,0.078735,0.206945,-0.000000,-0.000000,-0.199802,-0.522766,0.242832,-0.140030,0.862919,1.523082,-1.877986,-0.264466,2.317040
1217283832.203299,0.084158,0.227801,-0.000000,-0.000000,-0.199547,-0.522719,0.275402,-0.158799,0.862894,1.523115,-1.877982,-0.264467,2.317072
1217283832.303299,0.089661,0.249730,-0.000000,-0.000000,-0.201691,-0.522670,0.310790,-0.179189,0.862865,1.523185,-1.877980,-0.264467,2.317105
1217283832.403305,0.094788,0.271522,-0.000000,-0.000000,-0.197292,-0.522620,0.347643,-0.200420,0.862844,1.523270,-1.877981,-0.264466,2.317140
1217283832.503300,0.100228,0.294910,-0.000000,-0.000000,-0.193689,-0.522569,0.388077,-0.223711,0.862822,1.523339,-1.877980,-0.264465,2.317181
1217283832.603334,0.105406,0.318468,-0.000000,-0.000000,-0.189981,-0.522516,0.430483,-0.248134,0.862800,1.523437,-1.877974,-0.264464,2.317222
1217283832.703305,0.110292,0.342066,-0.000000,-0.000000,-0.189183,-0.522462,0.474720,-0.273608,0.862774,1.523545,-1.877973,-0.264462,2.317265
1217283832.803560,0.115194,0.366416,-0.000000,-0.000000,-0.184723,-0.522407,0.521701,-0.300656,0.862753,1.523647,-1.877968,-0.264460,2.317303
1217283832.903300,0.119774,0.390621,-0.000000,-0.000000,-0.180258,-0.522350,0.570321,-0.328644,0.862732,1.523752,-1.877963,-0.264457,2.317346
1217283833.003346,0.123963,0.414480,-0.000000,-0.000001,-0.181185,-0.522292,0.620330,-0.357424,0.862704,1.523859,-1.877957,-0.264453,2.317386
1217283833.103299,0.127760,0.437906,-0.000000,-0.000001,-0.186592,-0.522232,0.671579,-0.386911,0.862667,1.523958,-1.877953,-0.264450,2.317428
1217283833.203299,0.130684,0.459302,-0.000000,-0.000001,-0.185671,-0.522171,0.721736,-0.415761,0.862639,1.524065,-1.877951,-0.264445,2.317462
1217283833.303299,0.133245,0.480102,-0.000000,-0.000001,-0.186525,-0.522109,0.772723,-0.445081,0.862608,1.524148,-1.877941,-0.264441,2.317501
1217283833.403299,0.135786,0.501203,-0.000000,-0.000001,-0.187947,-0.522045,0.825774,-0.475581,0.862576,1.524218,-1.877940,-0.264437,2.317538
1217283833.503309,0.137713,0.520796,-0.000000,-0.000001,-0.186831,-0.521980,0.878231,-0.505730,0.862546,1.524258,-1.877937,-0.264434,2.317576
1217283833.603307,0.139627,0.540614,-0.000000,-0.000001,-0.185160,-0.521913,0.932582,-0.536960,0.862517,1.524303,-1.877932,-0.264432,2.317618
1217283833.703489,0.141553,0.560688,-0.000000,-0.000001,-0.180679,-0.521845,0.988872,-0.569297,0.862493,1.524378,-1.877927,-0.264431,2.317660
1217283833.803299,0.143141,0.579986,-0.000000,-0.000001,-0.177697,-0.521776,1.045551,-0.601846,0.862467,1.524481,-1.877924,-0.264430,2.317706
1217283833.903545,0.145302,0.601316,-0.000000,-0.000001,-0.176027,-0.521704,1.106972,-0.637116,0.862438,1.524586,-1.877919,-0.264428,2.317766
1217283834.003301,0.147151,0.621882,-0.000000,-0.000002,-0.171499,-0.521632,1.168805,-0.672610,0.862414,1.524705,-1.877919,-0.264425,2.317817
1217283834.103299,0.148956,0.642552,-0.000000,-0.000002,-0.167013,-0.521558,1.232419,-0.709117,0.862391,1.524826,-1.877913,-0.264422,2.317865
1217283834.203299,0.150382,0.662285,-0.000000,-0.000002,-0.166354,-0.521482,1.296150,-0.745678,0.862361,1.524931,-1.877907,-0.264419,2.317915
1217283834.303299,0.151786,0.682119,-0.000000,-0.000002,-0.165064,-0.521405,1.361614,-0.783223,0.862332,1.525020,-1.877898,-0.264415,2.317962
1217283834.403300,0.152557,0.700056,-0.000000,-0.000002,-0.166170,-0.521326,1.425488,-0.819837,0.862297,1.525110,-1.877902,-0.264411,2.318004
1217283834.503300,0.153047,0.717135,-0.000001,-0.000002,-0.165566,-0.521246,1.489369,-0.856441,0.862266,1.525196,-1.877903,-0.264407,2.318043
1217283834.603463,0.153561,0.734340,-0.000001,-0.000002,-0.163591,-0.521164,1.554889,-0.893972,0.862237,1.525282,-1.877896,-0.264402,2.318079
1217283834.703332,0.153487,0.749648,-0.000001,-0.000003,-0.163418,-0.521081,1.618581,-0.930435,0.862204,1.525338,-1.877895,-0.264397,2.318115
1217283834.803564,0.153162,0.764105,-0.000001,-0.000003,-0.163998,-0.520996,1.682131,-0.966800,0.862169,1.525395,-1.877898,-0.264393,2.318149
1217283834.903300,0.152979,0.778862,-0.000001,-0.000003,-0.157531,-0.520909,1.747413,-1.004144,0.862148,1.525452,-1.877900,-0.264389,2.318190
1217283835.003338,0.152837,0.793760,-0.000001,-0.000003,-0.151490,-0.520820,1.814261,-1.042372,0.862128,1.525483,-1.877888,-0.264386,2.318221
1217283835.103299,0.152761,0.808845,-0.000001,-0.000003,-0.146362,-0.520730,1.882733,-1.081513,0.862107,1.525542,-1.877885,-0.264385,2.318253
1217283835.203299,0.153025,0.825098,-0.000001,-0.000003,-0.144265,-0.520637,1.954612,-1.122595,0.862079,1.525609,-1.877899,-0.264384,2.318300
1217283835.303305,0.152686,0.839380,-0.000001,-0.000003,-0.145665,-0.520543,2.024362,-1.162432,0.862044,1.525656,-1.877904,-0.264383,2.318348
1217283835.403299,0.152470,0.853936,-0.000001,-0.000003,-0.141464,-0.520446,2.095811,-1.203223,0.862021,1.525732,-1.877904,-0.264383,2.318408
1217283835.503334,0.151707,0.866604,-0.000001,-0.000004,-0.138787,-0.520347,2.165129,-1.242768,0.861995,1.525839,-1.877893,-0.264384,2.318476
1217283835.603305,0.151013,0.879463,-0.000001,-0.000004,-0.139566,-0.520246,2.236034,-1.283203,0.861962,1.525985,-1.877892,-0.264384,2.318542
1217283835.703487,0.149877,0.890605,-0.000001,-0.000004,-0.136257,-0.520142,2.304907,-1.322445,0.861937,1.526163,-1.877899,-0.264382,2.318613
1217283835.803299,0.148487,0.900878,-0.000001,-0.000005,-0.139026,-0.520037,2.373426,-1.361461,0.861899,1.526313,-1.877889,-0.264378,2.318680
1217283835.903353,0.146690,0.909491,-0.000001,-0.000005,-0.138172,-0.519930,2.439901,-1.399279,0.861868,1.526457,-1.877884,-0.264374,2.318749
1217283836.003301,0.145035,0.918434,-0.000001,-0.000005,-0.139711,-0.519820,2.508042,-1.438029,0.861831,1.526603,-1.877888,-0.264368,2.318822
1217283836.103299,0.142962,0.925712,-0.000001,-0.000006,-0.140193,-0.519708,2.574096,-1.475556,0.861796,1.526727,-1.877891,-0.264363,2.318897
1217283836.203299,0.141073,0.933400,-0.000001,-0.000006,-0.139146,-0.519595,2.641878,-1.514049,0.861764,1.526820,-1.877880,-0.264359,2.318976
1217283836.303299,0.138763,0.939435,-0.000001,-0.000006,-0.139750,-0.519479,2.707559,-1.551310,0.861728,1.526956,-1.877873,-0.264353,2.319049
1217283836.403305,0.136673,0.945957,-0.000001,-0.000007,-0.140840,-0.519360,2.775023,-1.589567,0.861690,1.527076,-1.877893,-0.264348,2.319121
1217283836.503307,0.134237,0.950957,-0.000001,-0.000007,-0.137152,-0.519240,2.840471,-1.626641,0.861663,1.527198,-1.877904,-0.264343,2.319195
1217283836.603466,0.131989,0.956412,-0.000001,-0.000007,-0.134943,-0.519118,2.907668,-1.664691,0.861634,1.527322,-1.877897,-0.264339,2.319266
1217283836.703332,0.129915,0.962305,-0.000001,-0.000008,-0.136168,-0.518993,2.976605,-1.703712,0.861596,1.527464,-1.877892,-0.264333,2.319337
1217283836.803375,0.127500,0.966706,-0.000001,-0.000008,-0.134059,-0.518867,3.043535,-1.741552,0.861566,1.527582,-1.877889,-0.264327,2.319409
1217283836.903299,0.125008,0.970606,-0.000001,-0.000008,-0.133781,-0.518737,3.110349,-1.779295,0.861531,1.527701,-1.877892,-0.264320,2.319467
1217283837.003301,0.122481,0.974079,-0.000001,-0.000009,-0.131953,-0.518606,3.177093,-1.816967,0.861499,1.527795,-1.877902,-0.264314,2.319527
1217283837.103300,0.120146,0.978052,-0.000001,-0.000009,-0.132853,-0.518472,3.245611,-1.855627,0.861461,1.527872,-1.877889,-0.264309,2.319577
1217283837.203299,0.117758,0.981584,-0.000001,-0.000009,-0.134994,-0.518338,3.314044,-1.894209,0.861419,1.527913,-1.877902,-0.264303,2.319608
1217283837.303306,0.115049,0.983698,-0.000001,-0.000010,-0.133746,-0.518200,3.380517,-1.931634,0.861385,1.527954,-1.877899,-0.264299,2.319655
1217283837.403300,0.112272,0.985367,-0.000001,-0.000010,-0.136516,-0.518061,3.446908,-1.968982,0.861339,1.527996,-1.877901,-0.264296,2.319687
1217283837.503333,0.109544,0.986781,-0.000001,-0.000010,-0.132630,-0.517918,3.513324,-2.006309,0.861312,1.528039,-1.877903,-0.264296,2.319735
1217283837.603304,0.106748,0.987768,-0.000002,-0.000010,-0.132514,-0.517774,3.579667,-2.043561,0.861275,1.528082,-1.877892,-0.264297,2.319793
1217283837.703544,0.104245,0.989468,-0.000002,-0.000011,-0.132329,-0.517626,3.647883,-2.081851,0.861237,1.528193,-1.877898,-0.264300,2.319868
1217283837.803299,0.101727,0.990836,-0.000002,-0.000011,-0.131392,-0.517475,3.716067,-2.120083,0.861201,1.528335,-1.877902,-0.264303,2.319943
1217283837.903343,0.099184,0.991869,-0.000002,-0.000012,-0.130615,-0.517320,3.784213,-2.158258,0.861164,1.528537,-1.877900,-0.264303,2.320040
1217283838.003301,0.096949,0.993656,-0.000002,-0.000013,-0.126901,-0.517163,3.854219,-2.197456,0.861137,1.528742,-1.877890,-0.264303,2.320143
1217283838.103299,0.094657,0.995069,-0.000002,-0.000013,-0.126113,-0.517002,3.924156,-2.236578,0.861101,1.528979,-1.877876,-0.264300,2.320242
1217283838.203299,0.092355,0.996192,-0.000002,-0.000014,-0.125382,-0.516838,3.994062,-2.275640,0.861065,1.529228,-1.877877,-0.264293,2.320331
1217283838.303299,0.090614,0.999047,-0.000002,-0.000015,-0.125559,-0.516672,4.067620,-2.316750,0.861026,1.529439,-1.877875,-0.264286,2.320421
1217283838.403305,0.088561,1.000583,-0.000002,-0.000016,-0.123376,-0.516503,4.139270,-2.356732,0.860994,1.529621,-1.877869,-0.264278,2.320501
1217283838.503308,0.086454,1.001777,-0.000002,-0.000016,-0.124604,-0.516334,4.210853,-2.396637,0.860951,1.529762,-1.877869,-0.264269,2.320582
1217283838.603488,0.084288,1.002627,-0.000002,-0.000017,-0.128738,-0.516161,4.282372,-2.436461,0.860898,1.529863,-1.877859,-0.264261,2.320658
1217283838.703300,0.081543,1.001202,-0.000002,-0.000017,-0.132073,-0.515986,4.350223,-2.474154,0.860846,1.529932,-1.877872,-0.264255,2.320734
1217283838.803547,0.079130,1.000619,-0.000002,-0.000018,-0.132616,-0.515809,4.419897,-2.512847,0.860802,1.530013,-1.877859,-0.264252,2.320806
1217283838.903299,0.076454,0.998837,-0.000002,-0.000018,-0.132961,-0.515629,4.487762,-2.550462,0.860758,1.530138,-1.877873,-0.264252,2.320895
1217283839.003301,0.073811,0.996889,-0.000002,-0.000019,-0.133232,-0.515446,4.555632,-2.588040,0.860713,1.530265,-1.877886,-0.264252,2.320986
1217283839.103299,0.071521,0.995845,-0.000002,-0.000020,-0.130412,-0.515260,4.625307,-2.626603,0.860678,1.530404,-1.877882,-0.264249,2.321083
1217283839.203299,0.069229,0.994596,-0.000003,-0.000021,-0.129591,-0.515071,4.694954,-2.665109,0.860638,1.530555,-1.877876,-0.264246,2.321187
1217283839.303300,0.067575,0.995272,-0.000003,-0.000021,-0.127352,-0.514880,4.768138,-2.705584,0.860601,1.530742,-1.877876,-0.264243,2.321286
1217283839.403300,0.065948,0.995799,-0.000003,-0.000022,-0.123120,-0.514686,4.841267,-2.745984,0.860572,1.530930,-1.877890,-0.264239,2.321385
1217283839.503466,0.064283,0.996079,-0.000003,-0.000023,-0.120409,-0.514490,4.914321,-2.786294,0.860539,1.531109,-1.877876,-0.264233,2.321480
1217283839.603332,0.062615,0.996172,-0.000003,-0.000024,-0.118878,-0.514291,4.987309,-2.826524,0.860503,1.531300,-1.877874,-0.264225,2.321557
1217283839.703544,0.060945,0.996085,-0.000003,-0.000025,-0.116849,-0.514093,5.060229,-2.866676,0.860469,1.531400,-1.877856,-0.264216,2.321640
1217283839.803299,0.059241,0.995774,-0.000003,-0.000026,-0.118978,-0.513891,5.133076,-2.906740,0.860420,1.531560,-1.877849,-0.264208,2.321718
1217283839.903336,0.057612,0.995413,-0.000003,-0.000026,-0.116077,-0.513688,5.205868,-2.946732,0.860388,1.531661,-1.877859,-0.264198,2.321791
1217283840.003301,0.055656,0.993821,-0.000003,-0.000027,-0.117463,-0.513484,5.276862,-2.985659,0.860341,1.531727,-1.877883,-0.264192,2.321845
1217283840.103299,0.054081,0.993233,-0.000003,-0.000028,-0.113992,-0.513280,5.349526,-3.025491,0.860311,1.531757,-1.877905,-0.264189,2.321918
1217283840.203299,0.052467,0.992438,-0.000003,-0.000028,-0.114207,-0.513072,5.422109,-3.065233,0.860268,1.531836,-1.877908,-0.264186,2.321973
1217283840.303299,0.050857,0.991503,-0.000003,-0.000029,-0.114413,-0.512862,5.494616,-3.104886,0.860225,1.531928,-1.877889,-0.264186,2.322048
1217283840.403465,0.049562,0.991486,-0.000003,-0.000030,-0.115338,-0.512649,5.568746,-3.145405,0.860179,1.532046,-1.877881,-0.264186,2.322137
1217283840.503304,0.048603,0.992424,-0.000003,-0.000031,-0.114524,-0.512432,5.644473,-3.186778,0.860139,1.532203,-1.877902,-0.264186,2.322239
1217283840.603484,0.047324,0.992164,-0.000004,-0.000032,-0.114598,-0.512213,5.718406,-3.227087,0.860095,1.532361,-1.877922,-0.264187,2.322343
1217283840.703299,0.046079,0.991829,-0.000004,-0.000033,-0.111583,-0.511990,5.792243,-3.267292,0.860063,1.532546,-1.877928,-0.264185,2.322461
1217283840.803349,0.044805,0.991325,-0.000004,-0.000034,-0.111396,-0.511765,5.865976,-3.307389,0.860020,1.532758,-1.877918,-0.264182,2.322573
1217283840.903299,0.043513,0.990674,-0.000004,-0.000036,-0.113550,-0.511536,5.939607,-3.347368,0.859969,1.533011,-1.877905,-0.264177,2.322686
1217283841.003301,0.041932,0.988891,-0.000004,-0.000037,-0.116089,-0.511306,6.011477,-3.386311,0.859915,1.533213,-1.877900,-0.264172,2.322793
1217283841.103299,0.040448,0.987148,-0.000004,-0.000038,-0.112796,-0.511074,6.083253,-3.425147,0.859882,1.533391,-1.877892,-0.264164,2.322900
1217283841.203299,0.038954,0.985291,-0.000004,-0.000040,-0.113880,-0.510838,6.154931,-3.463877,0.859833,1.533610,-1.877898,-0.264157,2.323016
1217283841.303305,0.037505,0.983405,-0.000004,-0.000041,-0.114754,-0.510600,6.226505,-3.502496,0.859784,1.533844,-1.877923,-0.264147,2.323104
1217283841.403307,0.035803,0.980464,-0.000004,-0.000042,-0.113931,-0.510363,6.296338,-3.540097,0.859741,1.534012,-1.877937,-0.264140,2.323192
1217283841.503463,0.034115,0.977456,-0.000004,-0.000044,-0.114060,-0.510126,6.366070,-3.577600,0.859695,1.534140,-1.877899,-0.264130,2.323267
1217283841.603331,0.032785,0.975496,-0.000005,-0.000045,-0.117178,-0.509886,6.437321,-3.615905,0.859635,1.534311,-1.877940,-0.264120,2.323364
1217283841.703375,0.031210,0.972504,-0.000005,-0.000046,-0.115194,-0.509647,6.506833,-3.653200,0.859595,1.534400,-1.877913,-0.264112,2.323447
1217283841.803299,0.029962,0.970522,-0.000005,-0.000047,-0.118120,-0.509408,6.577840,-3.691289,0.859535,1.534489,-1.877944,-0.264104,2.323509
1217283841.903299,0.028515,0.967591,-0.000005,-0.000048,-0.115139,-0.509170,6.647109,-3.728368,0.859498,1.534510,-1.877975,-0.264095,2.323563
1217283842.003301,0.026775,0.963578,-0.000005,-0.000048,-0.115724,-0.508931,6.714659,-3.764435,0.859447,1.534558,-1.877998,-0.264091,2.323626
1217283842.103299,0.025702,0.961679,-0.000005,-0.000049,-0.114715,-0.508690,6.785280,-3.802184,0.859402,1.534607,-1.877982,-0.264086,2.323681
1217283842.203305,0.025010,0.960887,-0.000005,-0.000050,-0.110012,-0.508449,6.857350,-3.840700,0.859373,1.534613,-1.877970,-0.264084,2.323745
1217283842.303301,0.024320,0.960046,-0.000005,-0.000051,-0.108372,-0.508204,6.929273,-3.879081,0.859333,1.534663,-1.877994,-0.264082,2.323831
1217283842.403333,0.024280,0.961303,-0.000005,-0.000052,-0.103174,-0.507955,7.004206,-3.919090,0.859308,1.534742,-1.878000,-0.264082,2.323903
1217283842.503304,0.024214,0.962467,-0.000005,-0.000053,-0.098835,-0.507706,7.078972,-3.958958,0.859282,1.534821,-1.878000,-0.264081,2.323991
1217283842.603542,0.024388,0.964521,-0.000005,-0.000054,-0.099074,-0.507451,7.155149,-3.999560,0.859237,1.534961,-1.878015,-0.264081,2.324080
1217283842.703300,0.024510,0.966437,-0.000005,-0.000056,-0.100819,-0.507193,7.231150,-4.040004,0.859184,1.535130,-1.878027,-0.264081,2.324192
1217283842.803342,0.024898,0.969276,-0.000005,-0.000057,-0.101538,-0.506934,7.308541,-4.081179,0.859136,1.535301,-1.878006,-0.264080,2.324290
1217283842.903299,0.024686,0.969985,-0.000005,-0.000059,-0.099008,-0.506667,7.382630,-4.120436,0.859101,1.535549,-1.878010,-0.264078,2.324404
1217283843.003301,0.024430,0.970573,-0.000006,-0.000061,-0.099216,-0.506403,7.456547,-4.159561,0.859055,1.535752,-1.878004,-0.264073,2.324511
1217283843.103299,0.024187,0.971128,-0.000006,-0.000063,-0.097079,-0.506138,7.530283,-4.198546,0.859019,1.535957,-1.877983,-0.264067,2.324610
1217283843.203299,0.023599,0.970525,-0.000006,-0.000065,-0.097607,-0.505873,7.602293,-4.236532,0.858973,1.536133,-1.877943,-0.264059,2.324719
1217283843.303308,0.023310,0.970909,-0.000006,-0.000066,-0.099594,-0.505608,7.675680,-4.275238,0.858918,1.536310,-1.877915,-0.264050,2.324803
1217283843.403307,0.022718,0.970207,-0.000006,-0.000068,-0.103514,-0.505348,7.747333,-4.312958,0.858853,1.536394,-1.877956,-0.264040,2.324888
1217283843.503487,0.022171,0.969529,-0.000006,-0.000069,-0.102944,-0.505083,7.818814,-4.350520,0.858807,1.536510,-1.877959,-0.264036,2.324990
1217283843.603299,0.021921,0.969839,-0.000006,-0.000070,-0.103259,-0.504819,7.891658,-4.388801,0.858757,1.536627,-1.877947,-0.264033,2.325067
1217283843.703547,0.021374,0.969073,-0.000006,-0.000072,-0.102737,-0.504555,7.962777,-4.426089,0.858710,1.536713,-1.877928,-0.264030,2.325162
1217283843.803299,0.020851,0.968306,-0.000006,-0.000074,-0.101522,-0.504286,8.033716,-4.463221,0.858667,1.536880,-1.877916,-0.264029,2.325258
1217283843.903299,0.020312,0.967479,-0.000006,-0.000075,-0.103582,-0.504018,8.104470,-4.500219,0.858608,1.537015,-1.877922,-0.264024,2.325354
1217283844.003301,0.019802,0.966659,-0.000007,-0.000077,-0.103001,-0.503749,8.175038,-4.537070,0.858561,1.537167,-1.877893,-0.264018,2.325459
1217283844.103299,0.019585,0.966834,-0.000007,-0.000079,-0.104833,-0.503481,8.246946,-4.574636,0.858502,1.537288,-1.877880,-0.264011,2.325539
1217283844.203299,0.019083,0.965958,-0.000007,-0.000081,-0.105568,-0.503209,8.317137,-4.611191,0.858447,1.537459,-1.877884,-0.264007,2.325619
1217283844.303299,0.018634,0.965136,-0.000007,-0.000083,-0.104613,-0.502936,8.387133,-4.647599,0.858399,1.537630,-1.877934,-0.263998,2.325700
1217283844.403462,0.018494,0.965336,-0.000007,-0.000084,-0.103832,-0.502663,8.458461,-4.684707,0.858350,1.537803,-1.877971,-0.263989,2.325763
1217283844.503332,0.018018,0.964414,-0.000007,-0.000086,-0.104724,-0.502399,8.528059,-4.720861,0.858294,1.537860,-1.877975,-0.263980,2.325819
1217283844.603552,0.017274,0.962479,-0.000007,-0.000086,-0.103148,-0.502145,8.595923,-4.756059,0.858250,1.537816,-1.877952,-0.263974,2.325857
1217283844.703299,0.016526,0.960513,-0.000007,-0.000087,-0.104153,-0.501895,8.663583,-4.791134,0.858193,1.537721,-1.877904,-0.263970,2.325921
1217283844.803335,0.015489,0.957507,-0.000007,-0.000088,-0.107285,-0.501632,8.729547,-4.825188,0.858124,1.537796,-1.877870,-0.263970,2.325960
1217283844.903299,0.014838,0.955658,-0.000007,-0.000089,-0.108350,-0.501368,8.796824,-4.859928,0.858063,1.537854,-1.877874,-0.263971,2.326025
1217283845.003301,0.014235,0.953867,-0.000007,-0.000091,-0.107693,-0.501101,8.863900,-4.894516,0.858011,1.537930,-1.877871,-0.263974,2.326118
1217283845.103306,0.013344,0.951046,-0.000007,-0.000092,-0.108672,-0.500836,8.929247,-4.928124,0.857950,1.537989,-1.877871,-0.263980,2.326212
1217283845.203300,0.012792,0.949312,-0.000007,-0.000094,-0.109505,-0.500565,8.995913,-4.962404,0.857889,1.538101,-1.877847,-0.263986,2.326343
1217283845.303334,0.012610,0.948717,-0.000008,-0.000097,-0.107116,-0.500281,9.063896,-4.997334,0.857844,1.538335,-1.877837,-0.263988,2.326484
1217283845.403305,0.012466,0.948170,-0.000008,-0.000100,-0.102036,-0.499996,9.131672,-5.032109,0.857815,1.538589,-1.877809,-0.263986,2.326626
1217283845.503486,0.012603,0.948625,-0.000008,-0.000103,-0.100119,-0.499706,9.200757,-5.067555,0.857771,1.538844,-1.877787,-0.263983,2.326816
1217283845.603299,0.012715,0.949031,-0.000008,-0.000106,-0.100062,-0.499415,9.269638,-5.102853,0.857717,1.539119,-1.877770,-0.263979,2.326978
1217283845.703352,0.012526,0.948390,-0.000008,-0.000110,-0.100762,-0.499120,9.336804,-5.137161,0.857659,1.539431,-1.877795,-0.263971,2.327150
1217283845.803299,0.012334,0.947736,-0.000009,-0.000113,-0.102121,-0.498825,9.403750,-5.171327,0.857598,1.539744,-1.877810,-0.263961,2.327295
1217283845.903299,0.012154,0.947090,-0.000009,-0.000117,-0.101723,-0.498532,9.470480,-5.205355,0.857544,1.540023,-1.877774,-0.263950,2.327460
1217283846.003301,0.012010,0.946494,-0.000009,-0.000120,-0.099839,-0.498236,9.536994,-5.239227,0.857499,1.540340,-1.877759,-0.263937,2.327606
1217283846.103299,0.011872,0.945905,-0.000009,-0.000124,-0.099032,-0.497948,9.603280,-5.272979,0.857448,1.540585,-1.877763,-0.263922,2.327744
1217283846.203305,0.011390,0.944204,-0.000009,-0.000126,-0.101445,-0.497674,9.667822,-5.305811,0.857380,1.540703,-1.877719,-0.263907,2.327862
1217283846.303308,0.011531,0.944614,-0.000010,-0.000128,-0.105786,-0.497401,9.735161,-5.340149,0.857299,1.540821,-1.877734,-0.263893,2.327952
1217283846.403467,0.010766,0.941894,-0.000010,-0.000130,-0.110141,-0.497131,9.797752,-5.371881,0.857216,1.540921,-1.877769,-0.263882,2.328032
1217283846.503332,0.010390,0.940349,-0.000010,-0.000132,-0.109163,-0.496856,9.861632,-5.404273,0.857160,1.541059,-1.877765,-0.263872,2.328103
1217283846.603371,0.009720,0.937781,-0.000010,-0.000134,-0.110642,-0.496589,9.923775,-5.435723,0.857090,1.541141,-1.877785,-0.263862,2.328175
1217283846.703299,0.008798,0.934258,-0.000010,-0.000135,-0.111860,-0.496340,9.984151,-5.466264,0.857020,1.541073,-1.877816,-0.263853,2.328236
1217283846.803299,0.007980,0.930904,-0.000010,-0.000136,-0.106708,-0.496085,10.044310,-5.496635,0.856986,1.541079,-1.877774,-0.263847,2.328258
1217283846.903299,0.007493,0.928652,-0.000010,-0.000137,-0.104726,-0.495832,10.105743,-5.527690,0.856937,1.541048,-1.877747,-0.263843,2.328330
1217283847.003301,0.006996,0.926399,-0.000010,-0.000139,-0.108467,-0.495570,10.166970,-5.558573,0.856855,1.541094,-1.877771,-0.263845,2.328403
1217283847.103305,0.006230,0.923171,-0.000010,-0.000141,-0.113117,-0.495296,10.226478,-5.588458,0.856765,1.541236,-1.877822,-0.263849,2.328476
1217283847.203300,0.005812,0.921070,-0.000010,-0.000144,-0.116245,-0.495020,10.287271,-5.619012,0.856681,1.541379,-1.877822,-0.263853,2.328591
1217283847.303335,0.005423,0.919027,-0.000010,-0.000147,-0.118088,-0.494734,10.347851,-5.649382,0.856602,1.541582,-1.877779,-0.263857,2.328726
1217283847.403305,0.005132,0.917153,-0.000010,-0.000151,-0.114219,-0.494441,10.408212,-5.679585,0.856555,1.541825,-1.877736,-0.263860,2.328873
1217283847.503538,0.004521,0.914233,-0.000011,-0.000156,-0.116375,-0.494136,10.466861,-5.708787,0.856475,1.542148,-1.877736,-0.263862,2.329041
1217283847.603299,0.004282,0.912483,-0.000011,-0.000162,-0.116640,-0.493803,10.526832,-5.738571,0.856404,1.542652,-1.877749,-0.263858,2.329231
1217283847.703344,0.003773,0.909765,-0.000012,-0.000167,-0.115306,-0.493489,10.585037,-5.767456,0.856342,1.543018,-1.877717,-0.263850,2.329421
1217283847.803299,0.003569,0.908119,-0.000012,-0.000173,-0.118062,-0.493175,10.644517,-5.797020,0.856256,1.543387,-1.877705,-0.263837,2.329581
1217283847.903299,0.003130,0.905559,-0.000012,-0.000177,-0.117262,-0.492869,10.702245,-5.825652,0.856189,1.543696,-1.877689,-0.263822,2.329731
1217283848.003301,0.002717,0.903068,-0.000012,-0.000182,-0.117364,-0.492566,10.759737,-5.854151,0.856117,1.543987,-1.877661,-0.263808,2.329860
1217283848.103299,0.002395,0.900748,-0.000013,-0.000186,-0.114357,-0.492276,10.816978,-5.882548,0.856064,1.544197,-1.877665,-0.263794,2.329969
1217283848.203307,0.002067,0.898454,-0.000013,-0.000189,-0.115705,-0.491997,10.873966,-5.910849,0.855986,1.544327,-1.877682,-0.263785,2.330088
1217283848.303307,0.001435,0.895145,-0.000013,-0.000193,-0.119906,-0.491701,10.929242,-5.938139,0.855888,1.544560,-1.877683,-0.263779,2.330230
1217283848.403485,0.001203,0.893061,-0.000013,-0.000197,-0.119564,-0.491408,10.985787,-5.966115,0.855816,1.544773,-1.877675,-0.263770,2.330362
1217283848.503300,0.000986,0.891034,-0.000013,-0.000201,-0.120822,-0.491111,11.042108,-5.993937,0.855734,1.545009,-1.877667,-0.263763,2.330494
1217283848.603540,0.000830,0.889138,-0.000013,-0.000204,-0.119555,-0.490833,11.098168,-6.021683,0.855666,1.545120,-1.877659,-0.263756,2.330637
1217283848.703299,0.000722,0.887350,-0.000014,-0.000208,-0.116952,-0.490540,11.154019,-6.049241,0.855607,1.545315,-1.877651,-0.263753,2.330815
1217283848.803299,0.000953,0.886697,-0.000014,-0.000213,-0.114791,-0.490236,11.211167,-6.077440,0.855546,1.545575,-1.877677,-0.263746,2.330949
1217283848.903299,0.000855,0.884994,-0.000014,-0.000219,-0.115291,-0.489913,11.266607,-6.104620,0.855470,1.545941,-1.877677,-0.263741,2.331105
1217283849.003301,0.000778,0.883359,-0.000015,-0.000224,-0.115709,-0.489600,11.321798,-6.131699,0.855394,1.546246,-1.877660,-0.263731,2.331229
1217283849.103300,0.000434,0.880773,-0.000015,-0.000229,-0.115272,-0.489283,11.375268,-6.157791,0.855322,1.546552,-1.877634,-0.263720,2.331364
1217283849.203300,0.000142,0.878308,-0.000015,-0.000235,-0.115679,-0.488957,11.428521,-6.183716,0.855245,1.546902,-1.877665,-0.263705,2.331489
1217283849.303464,0.000130,0.876892,-0.000015,-0.000239,-0.121436,-0.488663,11.483022,-6.210403,0.855133,1.547038,-1.877701,-0.263690,2.331614
1217283849.403332,-0.000191,0.874460,-0.000015,-0.000243,-0.129321,-0.488367,11.535781,-6.236129,0.855002,1.547196,-1.877741,-0.263675,2.331717
1217283849.503544,-0.000362,0.872295,-0.000016,-0.000246,-0.125867,-0.488086,11.588285,-6.261768,0.854940,1.547268,-1.877737,-0.263664,2.331821
1217283849.603299,-0.000548,0.870150,-0.000016,-0.000247,-0.125297,-0.487817,11.640569,-6.287270,0.854861,1.547231,-1.877679,-0.263660,2.331925
1217283849.703338,-0.000939,0.867156,-0.000016,-0.000249,-0.120174,-0.487543,11.691114,-6.311803,0.854813,1.547237,-1.877640,-0.263655,2.331994
1217283849.803299,-0.000984,0.865321,-0.000016,-0.000252,-0.118225,-0.487252,11.743000,-6.336921,0.854746,1.547288,-1.877676,-0.263657,2.332099
1217283849.903300,-0.001013,0.863556,-0.000016,-0.000254,-0.117370,-0.486971,11.794642,-6.361935,0.854672,1.547294,-1.877708,-0.263660,2.332193
1217283850.003301,-0.000749,0.862857,-0.000016,-0.000258,-0.118212,-0.486659,11.847629,-6.387512,0.854588,1.547435,-1.877690,-0.263665,2.332310
1217283850.103299,-0.001038,0.860195,-0.000016,-0.000263,-0.115029,-0.486328,11.897382,-6.411266,0.854530,1.547665,-1.877650,-0.263672,2.332451
1217283850.203333,-0.001026,0.858618,-0.000016,-0.000270,-0.115472,-0.485972,11.948465,-6.435624,0.854449,1.548009,-1.877600,-0.263678,2.332628
1217283850.303305,-0.001299,0.856071,-0.000017,-0.000277,-0.118147,-0.485601,11.997826,-6.458985,0.854352,1.548422,-1.877600,-0.263679,2.332806
1217283850.403486,-0.001523,0.853645,-0.000017,-0.000286,-0.120382,-0.485211,12.046995,-6.482145,0.854257,1.548904,-1.877619,-0.263676,2.333008
1217283850.503299,-0.002018,0.850270,-0.000018,-0.000294,-0.121460,-0.484834,12.094395,-6.504403,0.854167,1.549321,-1.877573,-0.263672,2.333199
1217283850.603349,-0.002437,0.847064,-0.000018,-0.000302,-0.121588,-0.484460,12.141562,-6.526541,0.854083,1.549716,-1.877560,-0.263664,2.333367
1217283850.703299,-0.002509,0.845019,-0.000019,-0.000310,-0.121705,-0.484075,12.190052,-6.549291,0.853998,1.550136,-1.877532,-0.263656,2.333535
1217283850.803299,-0.003171,0.840964,-0.000019,-0.000317,-0.123321,-0.483698,12.235257,-6.570318,0.853902,1.550511,-1.877491,-0.263645,2.333716
1217283850.903299,-0.003800,0.837016,-0.000019,-0.000326,-0.127757,-0.483306,12.280249,-6.591179,0.853786,1.550957,-1.877458,-0.263635,2.333886
1217283851.003301,-0.004635,0.832231,-0.000020,-0.000334,-0.129904,-0.482934,12.323458,-6.611167,0.853682,1.551313,-1.877445,-0.263619,2.334032
1217283851.103305,-0.005737,0.826520,-0.000020,-0.000341,-0.135541,-0.482561,12.364920,-6.630212,0.853551,1.551669,-1.877426,-0.263603,2.334178
1217283851.203307,-0.006746,0.821018,-0.000020,-0.000348,-0.140243,-0.482196,12.406142,-6.649158,0.853423,1.551980,-1.877393,-0.263589,2.334312
1217283851.303464,-0.007960,0.814695,-0.000021,-0.000354,-0.144153,-0.481858,12.445575,-6.667243,0.853296,1.552174,-1.877365,-0.263576,2.334423
1217283851.403332,-0.009348,0.807602,-0.000021,-0.000360,-0.147406,-0.481507,12.483281,-6.684349,0.853171,1.552417,-1.877385,-0.263562,2.334546
1217283851.503386,-0.010583,0.800824,-0.000021,-0.000367,-0.146253,-0.481142,12.520786,-6.701283,0.853075,1.552708,-1.877376,-0.263554,2.334670
1217283851.603299,-0.011407,0.795339,-0.000022,-0.000373,-0.144521,-0.480793,12.559570,-6.718953,0.852983,1.552928,-1.877343,-0.263545,2.334769
1217283851.703299,-0.012442,0.789041,-0.000022,-0.000378,-0.143834,-0.480450,12.596597,-6.735709,0.852884,1.553125,-1.877334,-0.263534,2.334855
1217283851.803299,-0.013422,0.782917,-0.000022,-0.000383,-0.146340,-0.480118,12.633385,-6.752378,0.852762,1.553275,-1.877295,-0.263527,2.334943
1217283851.903299,-0.013993,0.778087,-0.000022,-0.000389,-0.148445,-0.479777,12.671496,-6.769704,0.852641,1.553450,-1.877271,-0.263518,2.335017
1217283852.003307,-0.014782,0.772438,-0.000022,-0.000394,-0.150967,-0.479428,12.707876,-6.786072,0.852514,1.553649,-1.877277,-0.263514,2.335118
1217283852.103300,-0.015815,0.765929,-0.000023,-0.000400,-0.155367,-0.479078,12.742509,-6.801510,0.852372,1.553850,-1.877253,-0.263509,2.335219
1217283852.203334,-0.016663,0.759804,-0.000023,-0.000406,-0.152862,-0.478730,12.776939,-6.816815,0.852276,1.554026,-1.877233,-0.263508,2.335333
1217283852.303304,-0.017115,0.754967,-0.000023,-0.000412,-0.150778,-0.478372,12.812701,-6.832774,0.852179,1.554228,-1.877209,-0.263508,2.335447
1217283852.403544,-0.017223,0.751335,-0.000023,-0.000420,-0.152919,-0.477984,12.849829,-6.849316,0.852051,1.554529,-1.877215,-0.263507,2.335575
1217283852.503300,-0.017535,0.746912,-0.000024,-0.000428,-0.150827,-0.477561,12.885459,-6.864532,0.851952,1.554807,-1.877195,-0.263505,2.335703
1217283852.603342,-0.017166,0.744787,-0.000024,-0.000437,-0.146777,-0.477105,12.923996,-6.881128,0.851869,1.555185,-1.877135,-0.263508,2.335844
1217283852.703299,-0.017070,0.741764,-0.000025,-0.000447,-0.144940,-0.476619,12.960970,-6.896510,0.851772,1.555564,-1.877110,-0.263506,2.336025
1217283852.803299,-0.016645,0.739923,-0.000025,-0.000457,-0.145743,-0.476114,12.999298,-6.912516,0.851656,1.555995,-1.877110,-0.263505,2.336220
1217283852.903299,-0.016489,0.737185,-0.000026,-0.000467,-0.144848,-0.475630,13.035851,-6.927684,0.851552,1.556352,-1.877065,-0.263501,2.336415
1217283853.003301,-0.015989,0.735644,-0.000026,-0.000479,-0.144117,-0.475106,13.073795,-6.943403,0.851446,1.556837,-1.877024,-0.263498,2.336611
1217283853.103308,-0.015485,0.734201,-0.000027,-0.000491,-0.145833,-0.474573,13.111541,-6.958991,0.851322,1.557348,-1.877004,-0.263493,2.336808
1217283853.203307,-0.015264,0.731835,-0.000027,-0.000504,-0.147253,-0.474038,13.147550,-6.973654,0.851199,1.557862,-1.876968,-0.263487,2.337005
1217283853.303487,-0.014988,0.729645,-0.000028,-0.000515,-0.147673,-0.473522,13.183320,-6.988283,0.851082,1.558300,-1.876947,-0.263479,2.337216
1217283853.403300,-0.014708,0.727549,-0.000028,-0.000528,-0.150342,-0.472974,13.218938,-7.002688,0.850946,1.558843,-1.876922,-0.263470,2.337415
1217283853.503552,-0.014373,0.725624,-0.000029,-0.000541,-0.149474,-0.472445,13.254322,-7.017048,0.850836,1.559311,-1.876849,-0.263457,2.337600
1217283853.603299,-0.014621,0.721740,-0.000030,-0.000554,-0.151831,-0.471894,13.286462,-7.029631,0.850701,1.559857,-1.876844,-0.263443,2.337786
1217283853.703299,-0.014471,0.719138,-0.000030,-0.000567,-0.150722,-0.471362,13.319911,-7.042968,0.850590,1.560328,-1.876829,-0.263427,2.337960
1217283853.803299,-0.014269,0.716706,-0.000031,-0.000578,-0.148248,-0.470852,13.353131,-7.056267,0.850491,1.560722,-1.876792,-0.263413,2.338093
1217283853.903299,-0.014087,0.714335,-0.000031,-0.000588,-0.151593,-0.470353,13.386134,-7.069495,0.850347,1.561065,-1.876771,-0.263401,2.338253
1217283854.003302,-0.013846,0.712139,-0.000032,-0.000600,-0.152067,-0.469828,13.418984,-7.082533,0.850223,1.561489,-1.876729,-0.263393,2.338401
1217283854.103300,-0.013880,0.709032,-0.000032,-0.000611,-0.153224,-0.469328,13.450062,-7.094746,0.850092,1.561834,-1.876681,-0.263382,2.338535
1217283854.203468,-0.013589,0.707094,-0.000032,-0.000620,-0.157299,-0.468837,13.482472,-7.107684,0.849937,1.562128,-1.876660,-0.263373,2.338697
1217283854.303332,-0.013816,0.703290,-0.000033,-0.000631,-0.156043,-0.468330,13.511639,-7.118864,0.849821,1.562476,-1.876622,-0.263367,2.338860
1217283854.403550,-0.013686,0.700702,-0.000033,-0.000643,-0.155006,-0.467800,13.542189,-7.130662,0.849703,1.562878,-1.876579,-0.263362,2.339009
1217283854.503299,-0.013879,0.697132,-0.000034,-0.000654,-0.159532,-0.467296,13.570965,-7.141666,0.849542,1.563202,-1.876531,-0.263359,2.339187
1217283854.603336,-0.014252,0.692797,-0.000034,-0.000667,-0.158671,-0.466747,13.598086,-7.151617,0.849419,1.563660,-1.876499,-0.263352,2.339351
1217283854.703299,-0.014594,0.688607,-0.000035,-0.000679,-0.161036,-0.466236,13.624948,-7.161653,0.849271,1.564013,-1.876455,-0.263349,2.339516
1217283854.803299,-0.014852,0.684636,-0.000036,-0.000694,-0.162243,-0.465667,13.651715,-7.171391,0.849130,1.564529,-1.876428,-0.263344,2.339666
1217283854.903299,-0.015063,0.680836,-0.000036,-0.000709,-0.164017,-0.465098,13.678289,-7.181115,0.848982,1.565046,-1.876374,-0.263339,2.339860
1217283855.003301,-0.015542,0.676146,-0.000037,-0.000721,-0.168577,-0.464574,13.703069,-7.190094,0.848810,1.565429,-1.876330,-0.263335,2.340055
1217283855.103334,-0.015626,0.672735,-0.000037,-0.000736,-0.170850,-0.464014,13.729266,-7.199664,0.848652,1.565895,-1.876275,-0.263332,2.340292
1217283855.203305,-0.015626,0.669544,-0.000038,-0.000755,-0.170433,-0.463382,13.755392,-7.208895,0.848513,1.566554,-1.876225,-0.263325,2.340502
1217283855.303484,-0.015542,0.666582,-0.000039,-0.000769,-0.167773,-0.462810,13.781220,-7.218194,0.848393,1.567023,-1.876186,-0.263319,2.340727
1217283855.403299,-0.014811,0.665858,-0.000040,-0.000788,-0.165580,-0.462167,13.810066,-7.228736,0.848271,1.567659,-1.876153,-0.263311,2.340966
1217283855.503592,-0.014384,0.664180,-0.000040,-0.000806,-0.163732,-0.461540,13.837164,-7.238442,0.848147,1.568242,-1.876085,-0.263301,2.341206
1217283855.603299,-0.013360,0.664659,-0.000041,-0.000823,-0.165312,-0.460921,13.867139,-7.249628,0.847994,1.568771,-1.876040,-0.263290,2.341447
1217283855.703299,-0.012328,0.665231,-0.000042,-0.000841,-0.165093,-0.460276,13.896976,-7.260626,0.847855,1.569357,-1.875995,-0.263280,2.341674
1217283855.803299,-0.011264,0.665926,-0.000043,-0.000860,-0.161055,-0.459615,13.926643,-7.271448,0.847748,1.569974,-1.875944,-0.263267,2.341887
1217283855.903299,-0.010257,0.666612,-0.000043,-0.000877,-0.161553,-0.458970,13.956107,-7.282224,0.847606,1.570536,-1.875904,-0.263252,2.342071
1217283856.003307,-0.009243,0.667384,-0.000044,-0.000892,-0.161206,-0.458367,13.985345,-7.293003,0.847470,1.570958,-1.875887,-0.263239,2.342271
1217283856.103307,-0.007960,0.669212,-0.000045,-0.000909,-0.160929,-0.457736,14.015996,-7.304372,0.847333,1.571439,-1.875829,-0.263223,2.342441
1217283856.203464,-0.007329,0.668957,-0.000045,-0.000924,-0.163774,-0.457120,14.043395,-7.314061,0.847169,1.571864,-1.875806,-0.263207,2.342627
1217283856.303332,-0.006676,0.668804,-0.000046,-0.000937,-0.164609,-0.456541,14.070569,-7.323779,0.847020,1.572177,-1.875777,-0.263195,2.342814
1217283856.403375,-0.006032,0.668696,-0.000046,-0.000954,-0.165307,-0.455890,14.097686,-7.333153,0.846871,1.572662,-1.875725,-0.263188,2.343016
1217283856.503299,-0.005355,0.668715,-0.000047,-0.000970,-0.164353,-0.455225,14.124735,-7.342282,0.846734,1.573120,-1.875696,-0.263188,2.343263
1217283856.603300,-0.004638,0.668852,-0.000048,-0.000990,-0.159699,-0.454510,14.151696,-7.351142,0.846631,1.573694,-1.875661,-0.263186,2.343495
1217283856.703299,-0.003658,0.670021,-0.000049,-0.001013,-0.157371,-0.453717,14.180174,-7.360376,0.846510,1.574414,-1.875603,-0.263187,2.343788
1217283856.803299,-0.002369,0.672295,-0.000050,-0.001038,-0.152356,-0.452889,14.210089,-7.370178,0.846415,1.575194,-1.875532,-0.263181,2.344067
1217283856.903305,-0.000852,0.675550,-0.000051,-0.001062,-0.152051,-0.452060,14.241394,-7.380650,0.846282,1.575948,-1.875502,-0.263174,2.344346
1217283857.003302,0.000576,0.678709,-0.000052,-0.001086,-0.154121,-0.451236,14.272526,-7.391034,0.846127,1.576674,-1.875455,-0.263163,2.344611
1217283857.103334,0.001988,0.681868,-0.000053,-0.001113,-0.151996,-0.450366,14.303540,-7.401176,0.846008,1.577490,-1.875395,-0.263146,2.344907
1217283857.203304,0.003649,0.686026,-0.000054,-0.001136,-0.151014,-0.449546,14.335869,-7.412159,0.845880,1.578162,-1.875371,-0.263128,2.345173
1217283857.303546,0.004931,0.689051,-0.000055,-0.001159,-0.150191,-0.448734,14.366475,-7.422284,0.845751,1.578807,-1.875323,-0.263110,2.345440
1217283857.403299,0.005830,0.690936,-0.000056,-0.001181,-0.151814,-0.447921,14.395375,-7.431539,0.845601,1.579453,-1.875263,-0.263088,2.345677
1217283857.503342,0.007032,0.693889,-0.000057,-0.001204,-0.150870,-0.447095,14.425692,-7.441425,0.845471,1.580101,-1.875226,-0.263066,2.345914
1217283857.603299,0.007883,0.695752,-0.000057,-0.001226,-0.150075,-0.446296,14.454271,-7.450552,0.845342,1.580692,-1.875184,-0.263046,2.346106
1217283857.703300,0.008979,0.698593,-0.000058,-0.001244,-0.151745,-0.445548,14.484171,-7.460526,0.845189,1.581135,-1.875148,-0.263026,2.346282
1217283857.803299,0.010032,0.701381,-0.000059,-0.001264,-0.153144,-0.444767,14.513974,-7.470300,0.845038,1.581640,-1.875123,-0.263009,2.346491
1217283857.903299,0.011361,0.705184,-0.000059,-0.001280,-0.151247,-0.444050,14.545088,-7.480960,0.844914,1.581965,-1.875044,-0.262994,2.346700
1217283858.003307,0.012937,0.709948,-0.000060,-0.001296,-0.148909,-0.443324,14.577601,-7.492289,0.844796,1.582292,-1.874982,-0.262983,2.346909
1217283858.103307,0.014473,0.714653,-0.000060,-0.001313,-0.146178,-0.442566,14.610009,-7.503397,0.844682,1.582680,-1.875026,-0.262973,2.347104
1217283858.203469,0.016254,0.720304,-0.000061,-0.001333,-0.140831,-0.441755,14.643898,-7.515014,0.844595,1.583160,-1.875038,-0.262962,2.347314
1217283858.303332,0.018233,0.726833,-0.000062,-0.001350,-0.135622,-0.440984,14.679135,-7.527424,0.844511,1.583520,-1.875007,-0.262952,2.347525
1217283858.403375,0.020390,0.734193,-0.000062,-0.001366,-0.131301,-0.440230,14.715750,-7.540545,0.844423,1.583820,-1.874938,-0.262938,2.347705
1217283858.503299,0.022415,0.741330,-0.000062,-0.001379,-0.128474,-0.439514,14.752153,-7.553719,0.844326,1.584029,-1.874875,-0.262932,2.347885
1217283858.603299,0.024591,0.749241,-0.000063,-0.001397,-0.129978,-0.438712,14.790082,-7.567257,0.844189,1.584392,-1.874888,-0.262928,2.348097
1217283858.703299,0.026348,0.755887,-0.000064,-0.001416,-0.128929,-0.437888,14.826333,-7.579824,0.844076,1.584787,-1.874844,-0.262931,2.348342
1217283858.803299,0.027688,0.761275,-0.000064,-0.001434,-0.128815,-0.437062,14.860877,-7.591500,0.843954,1.585182,-1.874818,-0.262932,2.348571
1217283858.903301,0.029216,0.767476,-0.000065,-0.001456,-0.130281,-0.436173,14.896903,-7.603571,0.843818,1.585672,-1.874799,-0.262936,2.348817
1217283859.003303,0.031013,0.774617,-0.000066,-0.001477,-0.124591,-0.435274,14.934366,-7.616255,0.843747,1.586131,-1.874729,-0.262941,2.349128
1217283859.103466,0.032973,0.782528,-0.000067,-0.001503,-0.121394,-0.434278,14.973381,-7.629218,0.843657,1.586747,-1.874691,-0.262944,2.349487
1217283859.203332,0.034503,0.789131,-0.000068,-0.001532,-0.117949,-0.433205,15.010790,-7.641027,0.843573,1.587521,-1.874646,-0.262941,2.349831
1217283859.303549,0.036468,0.797485,-0.000069,-0.001565,-0.118973,-0.432066,15.051256,-7.654004,0.843449,1.588391,-1.874582,-0.262930,2.350143
1217283859.403299,0.038010,0.804541,-0.000070,-0.001596,-0.118287,-0.430941,15.090011,-7.666090,0.843341,1.589200,-1.874498,-0.262909,2.350472
1217283859.503337,0.039768,0.812433,-0.000071,-0.001625,-0.116162,-0.429831,15.130159,-7.678854,0.843246,1.589949,-1.874478,-0.262879,2.350752
1217283859.603299,0.041098,0.819011,-0.000072,-0.001653,-0.114373,-0.428744,15.168568,-7.690759,0.843150,1.590636,-1.874478,-0.262845,2.350984
1217283859.703299,0.042265,0.825269,-0.000073,-0.001673,-0.118278,-0.427788,15.206644,-7.702985,0.843000,1.591040,-1.874498,-0.262806,2.351151
1217283859.803299,0.043342,0.831311,-0.000073,-0.001688,-0.120777,-0.426910,15.244470,-7.715332,0.842860,1.591255,-1.874505,-0.262771,2.351320
1217283859.903299,0.044342,0.837156,-0.000073,-0.001695,-0.120578,-0.426176,15.281951,-7.728042,0.842744,1.591183,-1.874460,-0.262751,2.351373
1217283860.003336,0.044947,0.841732,-0.000073,-0.001703,-0.121153,-0.425423,15.317768,-7.739766,0.842620,1.591143,-1.874454,-0.262733,2.351410
1217283860.103305,0.045460,0.846083,-0.000073,-0.001709,-0.122430,-0.424704,15.353401,-7.751486,0.842489,1.591007,-1.874401,-0.262725,2.351480
1217283860.203484,0.045620,0.849222,-0.000073,-0.001716,-0.121936,-0.423943,15.387394,-7.762094,0.842374,1.590935,-1.874355,-0.262730,2.351551
1217283860.303300,0.045773,0.852274,-0.000073,-0.001724,-0.119181,-0.423168,15.421301,-7.772539,0.842281,1.590863,-1.874356,-0.262742,2.351672
1217283860.403542,0.045863,0.855141,-0.000073,-0.001734,-0.116896,-0.422331,15.455152,-7.782645,0.842186,1.590887,-1.874323,-0.262764,2.351826
1217283860.503299,0.045809,0.857682,-0.000074,-0.001759,-0.122698,-0.421206,15.489307,-7.791434,0.842013,1.591397,-1.874304,-0.262794,2.352081
1217283860.603299,0.046148,0.861308,-0.000075,-0.001788,-0.115976,-0.419975,15.525048,-7.800461,0.841958,1.592071,-1.874277,-0.262817,2.352352
1217283860.703299,0.046630,0.865647,-0.000076,-0.001820,-0.117359,-0.418656,15.562392,-7.809653,0.841829,1.592812,-1.874184,-0.262832,2.352725
1217283860.803299,0.047050,0.869788,-0.000078,-0.001858,-0.118481,-0.417219,15.599754,-7.818285,0.841700,1.593751,-1.874150,-0.262833,2.353098
1217283860.903305,0.047104,0.872702,-0.000079,-0.001895,-0.119412,-0.415761,15.635498,-7.825741,0.841573,1.594659,-1.874104,-0.262825,2.353489
1217283861.003309,0.047792,0.877658,-0.000080,-0.001931,-0.113268,-0.414306,15.674249,-7.834546,0.841514,1.595503,-1.874050,-0.262803,2.353864
1217283861.103466,0.048410,0.882417,-0.000081,-0.001963,-0.107361,-0.412866,15.712891,-7.843008,0.841460,1.596251,-1.874002,-0.262773,2.354171
1217283861.203332,0.048853,0.886816,-0.000082,-0.001995,-0.110157,-0.411449,15.751355,-7.851397,0.841323,1.596935,-1.873941,-0.262740,2.354462
1217283861.303375,0.049506,0.892018,-0.000083,-0.002024,-0.114807,-0.410048,15.791226,-7.860432,0.841164,1.597553,-1.873908,-0.262704,2.354719
1217283861.403299,0.049790,0.895993,-0.000084,-0.002044,-0.118678,-0.408796,15.829244,-7.868846,0.841007,1.597841,-1.873874,-0.262671,2.354909
1217283861.503300,0.049722,0.898763,-0.000084,-0.002059,-0.121882,-0.407629,15.865443,-7.876689,0.840854,1.597963,-1.873868,-0.262642,2.355100
1217283861.603299,0.049638,0.901414,-0.000084,-0.002073,-0.122999,-0.406459,15.901572,-7.884068,0.840718,1.598018,-1.873882,-0.262627,2.355256
1217283861.703299,0.049206,0.902863,-0.000085,-0.002084,-0.124684,-0.405325,15.935938,-7.890709,0.840574,1.598006,-1.873904,-0.262619,2.355396
1217283861.803305,0.048494,0.903205,-0.000085,-0.002099,-0.121464,-0.404100,15.968769,-7.895841,0.840481,1.598095,-1.873884,-0.262618,2.355536
1217283861.903300,0.048038,0.904424,-0.000085,-0.002117,-0.121116,-0.402794,16.003150,-7.901266,0.840360,1.598286,-1.873829,-0.262629,2.355710
1217283862.003336,0.047864,0.906554,-0.000086,-0.002141,-0.120072,-0.401306,16.039282,-7.906299,0.840246,1.598679,-1.873753,-0.262641,2.355955
1217283862.103304,0.047977,0.909615,-0.000087,-0.002168,-0.118399,-0.399751,16.076955,-7.911659,0.840139,1.599141,-1.873746,-0.262654,2.356234
1217283862.203546,0.048018,0.912463,-0.000088,-0.002200,-0.117786,-0.398080,16.114644,-7.916439,0.840023,1.599773,-1.873712,-0.262662,2.356531
1217283862.303300,0.048355,0.916246,-0.000089,-0.002231,-0.112690,-0.396324,16.154010,-7.920777,0.839954,1.600373,-1.873606,-0.262664,2.356828
1217283862.403343,0.048639,0.919844,-0.000090,-0.002270,-0.109129,-0.394409,16.193450,-7.924362,0.839872,1.601214,-1.873642,-0.262657,2.357143
1217283862.503299,0.049138,0.924270,-0.000091,-0.002305,-0.106995,-0.392524,16.234371,-7.928228,0.839780,1.601885,-1.873572,-0.262645,2.357441
1217283862.603299,0.049562,0.928478,-0.000093,-0.002342,-0.105955,-0.390559,16.275263,-7.931619,0.839678,1.602661,-1.873558,-0.262629,2.357757
1217283862.703300,0.049896,0.932455,-0.000094,-0.002378,-0.106645,-0.388573,16.316118,-7.934339,0.839559,1.603369,-1.873516,-0.262608,2.358038
1217283862.803299,0.050191,0.936289,-0.000095,-0.002409,-0.106421,-0.386674,16.356725,-7.937214,0.839448,1.603906,-1.873524,-0.262582,2.358303
1217283862.903305,0.050128,0.938906,-0.000095,-0.002437,-0.106220,-0.384795,16.395657,-7.938840,0.839337,1.604341,-1.873532,-0.262555,2.358496
1217283863.003309,0.050341,0.942452,-0.000096,-0.002456,-0.105295,-0.383064,16.435849,-7.941567,0.839234,1.604499,-1.873533,-0.262531,2.358655
1217283863.103469,0.050484,0.945797,-0.000096,-0.002474,-0.106801,-0.381287,16.476056,-7.943465,0.839105,1.604623,-1.873599,-0.262507,2.358796
1217283863.203331,0.050272,0.947938,-0.000096,-0.002487,-0.108068,-0.379623,16.514393,-7.944906,0.838977,1.604572,-1.873621,-0.262497,2.358902
1217283863.303377,0.049989,0.949873,-0.000097,-0.002503,-0.112210,-0.377893,16.552685,-7.945936,0.838816,1.604591,-1.873644,-0.262494,2.359062
1217283863.403299,0.049414,0.950685,-0.000097,-0.002522,-0.111816,-0.376033,16.589521,-7.945080,0.838701,1.604715,-1.873623,-0.262499,2.359240
1217283863.503299,0.049160,0.952479,-0.000097,-0.002543,-0.107664,-0.374117,16.627900,-7.944541,0.838626,1.604874,-1.873544,-0.262511,2.359473
1217283863.603299,0.048571,0.953082,-0.000098,-0.002571,-0.104175,-0.371989,16.664940,-7.941751,0.838549,1.605245,-1.873471,-0.262527,2.359742
1217283863.703300,0.048248,0.954570,-0.000099,-0.002608,-0.102801,-0.369668,16.703694,-7.938732,0.838452,1.605864,-1.873420,-0.262539,2.360065
1217283863.803300,0.047561,0.954824,-0.000101,-0.002650,-0.105461,-0.367151,16.741074,-7.933480,0.838312,1.606661,-1.873436,-0.262546,2.360406
1217283863.903299,0.046865,0.954977,-0.000102,-0.002695,-0.106943,-0.364568,16.778403,-7.927785,0.838182,1.607531,-1.873378,-0.262539,2.360747
1217283864.003468,0.046519,0.956164,-0.000104,-0.002742,-0.105065,-0.361863,16.817438,-7.921522,0.838086,1.608438,-1.873386,-0.262523,2.361070
1217283864.103333,0.045867,0.956250,-0.000105,-0.002781,-0.101973,-0.359314,16.854544,-7.914989,0.838006,1.609097,-1.873320,-0.262498,2.361377
1217283864.203544,0.045496,0.957267,-0.000106,-0.002822,-0.100934,-0.356716,16.893169,-7.908758,0.837906,1.609793,-1.873269,-0.262464,2.361665
1217283864.303300,0.045070,0.958129,-0.000107,-0.002857,-0.104673,-0.354084,16.931791,-7.900999,0.837754,1.610312,-1.873263,-0.262425,2.361917
1217283864.403335,0.044338,0.957887,-0.000108,-0.002885,-0.108540,-0.351604,16.968478,-7.892964,0.837596,1.610615,-1.873279,-0.262388,2.362114
1217283864.503299,0.043608,0.957589,-0.000108,-0.002907,-0.112547,-0.349176,17.004981,-7.884355,0.837432,1.610739,-1.873272,-0.262352,2.362257
1217283864.603299,0.042624,0.956263,-0.000109,-0.002927,-0.113541,-0.346814,17.039653,-7.875143,0.837297,1.610791,-1.873304,-0.262325,2.362326
1217283864.703299,0.041364,0.953875,-0.000109,-0.002944,-0.114359,-0.344436,17.072614,-7.864422,0.837163,1.610770,-1.873320,-0.262300,2.362376
1217283864.803299,0.040126,0.951480,-0.000109,-0.002956,-0.115843,-0.342159,17.105306,-7.853928,0.837021,1.610604,-1.873253,-0.262283,2.362390
1217283864.903334,0.038925,0.949093,-0.000109,-0.002967,-0.118601,-0.339852,17.137906,-7.842549,0.836862,1.610364,-1.873224,-0.262280,2.362423
1217283865.003307,0.037806,0.946792,-0.000109,-0.002977,-0.117808,-0.337555,17.170370,-7.831044,0.836739,1.610087,-1.873195,-0.262284,2.362494
1217283865.103482,0.037049,0.945582,-0.000109,-0.002984,-0.115604,-0.335218,17.204353,-7.819272,0.836632,1.609737,-1.873173,-0.262299,2.362583
1217283865.203299,0.036211,0.944170,-0.000109,-0.003007,-0.120702,-0.332547,17.238612,-7.805985,0.836445,1.609825,-1.873159,-0.262323,2.362728
1217283865.303544,0.035760,0.943882,-0.000110,-0.003035,-0.119565,-0.329758,17.274510,-7.792697,0.836322,1.610024,-1.873137,-0.262349,2.362929
1217283865.403299,0.034991,0.942447,-0.000111,-0.003076,-0.118608,-0.326623,17.309047,-7.776616,0.836199,1.610592,-1.873084,-0.262377,2.363186
1217283865.503299,0.034568,0.942084,-0.000112,-0.003120,-0.116261,-0.323389,17.345192,-7.760596,0.836091,1.611234,-1.873062,-0.262391,2.363500
1217283865.603299,0.034176,0.941696,-0.000114,-0.003175,-0.110441,-0.319858,17.381482,-7.742645,0.836026,1.612173,-1.873024,-0.262395,2.363812
1217283865.703299,0.033750,0.941225,-0.000116,-0.003230,-0.109421,-0.316310,17.417637,-7.724423,0.835911,1.613115,-1.873033,-0.262381,2.364106
1217283865.803305,0.033622,0.941767,-0.000117,-0.003276,-0.109374,-0.312878,17.455008,-7.706607,0.835787,1.613797,-1.872971,-0.262352,2.364362
1217283865.903307,0.033213,0.941272,-0.000118,-0.003320,-0.107007,-0.309510,17.490526,-7.688212,0.835689,1.614407,-1.872902,-0.262313,2.364562
1217283866.003470,0.032779,0.940732,-0.000119,-0.003351,-0.109645,-0.306369,17.525483,-7.670076,0.835536,1.614643,-1.872872,-0.262275,2.364726
1217283866.103332,0.032052,0.939167,-0.000119,-0.003370,-0.113382,-0.303506,17.558324,-7.652267,0.835367,1.614543,-1.872826,-0.262243,2.364814
1217283866.203545,0.031050,0.936573,-0.000120,-0.003392,-0.117242,-0.300582,17.589478,-7.633406,0.835192,1.614518,-1.872827,-0.262223,2.364922
1217283866.303299,0.029482,0.931915,-0.000120,-0.003413,-0.121213,-0.297605,17.617048,-7.612001,0.835012,1.614454,-1.872805,-0.262212,2.365030
1217283866.403299,0.028023,0.927419,-0.000120,-0.003434,-0.122960,-0.294617,17.644493,-7.590387,0.834852,1.614390,-1.872838,-0.262209,2.365138
1217283866.503299,0.026321,0.921955,-0.000121,-0.003458,-0.125183,-0.291539,17.670150,-7.567196,0.834685,1.614363,-1.872824,-0.262217,2.365305
1217283866.603299,0.024725,0.916638,-0.000121,-0.003489,-0.124722,-0.288286,17.695880,-7.543128,0.834546,1.614526,-1.872777,-0.262240,2.365509
1217283866.703306,0.023185,0.911380,-0.000122,-0.003530,-0.126631,-0.284753,17.721645,-7.517315,0.834379,1.614954,-1.872779,-0.262263,2.365732
1217283866.803300,0.021451,0.905249,-0.000124,-0.003578,-0.125892,-0.281075,17.745818,-7.490149,0.834241,1.615535,-1.872764,-0.262277,2.366013
1217283866.903334,0.019800,0.899235,-0.000126,-0.003634,-0.125274,-0.277167,17.769947,-7.461481,0.834102,1.616307,-1.872702,-0.262289,2.366333
1217283867.003306,0.018211,0.893316,-0.000128,-0.003701,-0.126297,-0.273005,17.794217,-7.431604,0.833944,1.617349,-1.872615,-0.262288,2.366671
1217283867.103482,0.017036,0.888629,-0.000130,-0.003767,-0.127144,-0.268800,17.819824,-7.401630,0.833786,1.618353,-1.872584,-0.262272,2.367009
1217283867.203299,0.015640,0.883075,-0.000131,-0.003827,-0.127839,-0.264754,17.843444,-7.371585,0.833629,1.619167,-1.872513,-0.262248,2.367329
1217283867.303347,0.014062,0.876708,-0.000133,-0.003883,-0.126084,-0.260781,17.865173,-7.341124,0.833500,1.619906,-1.872425,-0.262223,2.367591
1217283867.403299,0.012826,0.871487,-0.000134,-0.003932,-0.130797,-0.256929,17.888006,-7.311270,0.833295,1.620453,-1.872354,-0.262197,2.367774
1217283867.503299,0.011369,0.865374,-0.000136,-0.003988,-0.135480,-0.252939,17.909190,-7.280133,0.833084,1.621155,-1.872315,-0.262166,2.367937
1217283867.603299,0.010025,0.859511,-0.000137,-0.004029,-0.140159,-0.249248,17.929653,-7.249836,0.832866,1.621471,-1.872259,-0.262132,2.368102
1217283867.703299,0.008179,0.851782,-0.000138,-0.004068,-0.144034,-0.245605,17.946618,-7.218510,0.832653,1.621748,-1.872187,-0.262110,2.368268
1217283867.803305,0.006513,0.844371,-0.000139,-0.004110,-0.142630,-0.241891,17.963255,-7.186546,0.832499,1.622065,-1.872099,-0.262100,2.368434
1217283867.903308,0.005611,0.839366,-0.000140,-0.004151,-0.139923,-0.238166,17.983055,-7.155507,0.832360,1.622342,-1.872108,-0.262097,2.368600
1217283868.003474,0.004429,0.833376,-0.000141,-0.004200,-0.139963,-0.234243,18.000962,-7.122767,0.832192,1.622816,-1.872044,-0.262097,2.368765
1217283868.103332,0.003663,0.828684,-0.000142,-0.004246,-0.139232,-0.230354,18.020337,-7.090588,0.832031,1.623212,-1.871988,-0.262098,2.368951
1217283868.203376,0.002970,0.824184,-0.000144,-0.004292,-0.139389,-0.226467,18.039568,-7.058306,0.831861,1.623568,-1.871931,-0.262097,2.369197
1217283868.303299,0.002313,0.819735,-0.000145,-0.004351,-0.141058,-0.222208,18.058978,-7.023551,0.831670,1.624201,-1.871957,-0.262099,2.369442
1217283868.403299,0.002074,0.816589,-0.000147,-0.004406,-0.138602,-0.217982,18.079858,-6.989332,0.831528,1.624755,-1.871950,-0.262098,2.369708
1217283868.503299,0.001834,0.813479,-0.000149,-0.004471,-0.138865,-0.213509,18.100841,-6.953606,0.831355,1.625508,-1.871910,-0.262095,2.369952
1217283868.603299,0.001365,0.809514,-0.000150,-0.004536,-0.136756,-0.209029,18.120007,-6.917215,0.831210,1.626261,-1.871836,-0.262086,2.370196
1217283868.703305,0.001205,0.806673,-0.000152,-0.004604,-0.139637,-0.204415,18.140851,-6.880334,0.831006,1.627055,-1.871770,-0.262071,2.370501
1217283868.803300,0.000818,0.802994,-0.000154,-0.004668,-0.140486,-0.199917,18.159743,-6.843320,0.830823,1.627731,-1.871704,-0.262055,2.370787
1217283868.903330,0.000483,0.799465,-0.000156,-0.004732,-0.141966,-0.195359,18.178552,-6.805654,0.830631,1.628407,-1.871647,-0.262039,2.371073
1217283869.003307,-0.000336,0.794118,-0.000158,-0.004797,-0.138542,-0.190818,18.193849,-6.766962,0.830498,1.629084,-1.871606,-0.262022,2.371339
1217283869.103543,-0.001141,0.788873,-0.000159,-0.004864,-0.140310,-0.186219,18.209015,-6.727931,0.830304,1.629802,-1.871506,-0.262008,2.371585
1217283869.203299,-0.001563,0.784868,-0.000161,-0.004933,-0.144113,-0.181502,18.225813,-6.688501,0.830082,1.630561,-1.871524,-0.261989,2.371830
1217283869.303340,-0.002512,0.779008,-0.000163,-0.004995,-0.145717,-0.177008,18.238882,-6.648983,0.829882,1.631120,-1.871432,-0.261975,2.372056
1217283869.403300,-0.003678,0.772313,-0.000165,-0.005062,-0.147810,-0.172339,18.250312,-6.607942,0.829674,1.631800,-1.871349,-0.261960,2.372344
1217283869.503299,-0.004417,0.766942,-0.000167,-0.005135,-0.148795,-0.167543,18.263367,-6.566733,0.829477,1.632561,-1.871316,-0.261941,2.372631
1217283869.603299,-0.005413,0.760677,-0.000169,-0.005211,-0.151915,-0.162629,18.274686,-6.524247,0.829251,1.633404,-1.871232,-0.261922,2.372897
1217283869.703299,-0.006287,0.754712,-0.000171,-0.005282,-0.153745,-0.157823,18.285729,-6.482147,0.829037,1.634127,-1.871148,-0.261903,2.373143
1217283869.803333,-0.006774,0.750022,-0.000173,-0.005355,-0.156827,-0.152934,18.298381,-6.439843,0.828803,1.634850,-1.871089,-0.261886,2.373431
1217283869.903304,-0.007157,0.745614,-0.000174,-0.005419,-0.158628,-0.148250,18.310669,-6.398329,0.828581,1.635371,-1.871048,-0.261863,2.373679
1217283870.003486,-0.007743,0.740401,-0.000176,-0.005488,-0.157029,-0.143408,18.321267,-6.355427,0.828400,1.636015,-1.870989,-0.261848,2.373906
1217283870.103299,-0.007944,0.736460,-0.000178,-0.005561,-0.154930,-0.138472,18.333459,-6.312471,0.828226,1.636700,-1.870903,-0.261833,2.374152
1217283870.203544,-0.008085,0.732734,-0.000180,-0.005628,-0.154723,-0.133640,18.345394,-6.269887,0.828031,1.637263,-1.870844,-0.261821,2.374422
1217283870.303299,-0.007897,0.730180,-0.000182,-0.005698,-0.157654,-0.128681,18.358957,-6.226699,0.827794,1.637868,-1.870828,-0.261806,2.374648
1217283870.403345,-0.007953,0.726762,-0.000184,-0.005773,-0.157771,-0.123599,18.370783,-6.182326,0.827590,1.638555,-1.870777,-0.261796,2.374895
1217283870.503299,-0.007886,0.723680,-0.000185,-0.005833,-0.154011,-0.118853,18.382178,-6.139313,0.827435,1.638914,-1.870726,-0.261779,2.375167
1217283870.603299,-0.007539,0.721653,-0.000187,-0.005915,-0.154745,-0.113549,18.395528,-6.094215,0.827225,1.639727,-1.870701,-0.261764,2.375455
1217283870.703305,-0.007150,0.719801,-0.000189,-0.005990,-0.154586,-0.108390,18.408570,-6.049510,0.827026,1.640375,-1.870641,-0.261745,2.375724
1217283870.803307,-0.006724,0.718111,-0.000191,-0.006064,-0.153683,-0.103246,18.421428,-6.004776,0.826836,1.640982,-1.870563,-0.261730,2.376014
1217283870.903463,-0.005971,0.717581,-0.000193,-0.006140,-0.152947,-0.098008,18.435850,-5.959800,0.826644,1.641632,-1.870520,-0.261708,2.376241
1217283871.003334,-0.005560,0.716043,-0.000195,-0.006217,-0.156183,-0.092759,18.448402,-5.914328,0.826402,1.642282,-1.870459,-0.261684,2.376488
1217283871.103545,-0.005389,0.713641,-0.000197,-0.006296,-0.155788,-0.087461,18.459112,-5.868190,0.826202,1.642974,-1.870398,-0.261659,2.376715
1217283871.203299,-0.005198,0.711391,-0.000199,-0.006364,-0.158549,-0.082417,18.469458,-5.822980,0.825961,1.643417,-1.870364,-0.261635,2.376922
1217283871.303300,-0.005247,0.708292,-0.000200,-0.006430,-0.158526,-0.077416,18.477910,-5.777533,0.825753,1.643818,-1.870294,-0.261622,2.377130
1217283871.403305,-0.005263,0.705321,-0.000202,-0.006500,-0.159279,-0.072284,18.486274,-5.731401,0.825535,1.644303,-1.870224,-0.261612,2.377338
1217283871.503299,-0.005237,0.702496,-0.000204,-0.006576,-0.159134,-0.067030,18.494539,-5.684663,0.825326,1.644873,-1.870118,-0.261609,2.377523
1217283871.603305,-0.005509,0.698728,-0.000206,-0.006655,-0.163635,-0.061701,18.500995,-5.637221,0.825056,1.645484,-1.870066,-0.261601,2.377772
1217283871.703300,-0.005684,0.695224,-0.000208,-0.006725,-0.165077,-0.056547,18.507170,-5.590452,0.824820,1.645928,-1.869986,-0.261595,2.378002
1217283871.803334,-0.006127,0.690819,-0.000210,-0.006806,-0.168585,-0.051172,18.511663,-5.542411,0.824555,1.646540,-1.869934,-0.261595,2.378295
1217283871.903305,-0.006167,0.687680,-0.000212,-0.006898,-0.166890,-0.045487,18.517876,-5.493250,0.824353,1.647363,-1.869836,-0.261601,2.378586
1217283872.003501,-0.006178,0.684679,-0.000215,-0.006997,-0.167019,-0.039659,18.524019,-5.443509,0.824128,1.648272,-1.869738,-0.261605,2.378941
1217283872.103299,-0.006168,0.681791,-0.000218,-0.007107,-0.168669,-0.033536,18.530174,-5.392440,0.823882,1.649393,-1.869630,-0.261604,2.379294
1217283872.203346,-0.005770,0.680175,-0.000221,-0.007218,-0.166974,-0.027386,18.537850,-5.341722,0.823678,1.650515,-1.869532,-0.261594,2.379648
1217283872.303299,-0.005011,0.679799,-0.000223,-0.007323,-0.163258,-0.021330,18.546988,-5.291572,0.823502,1.651512,-1.869442,-0.261576,2.379980
1217283872.403299,-0.004299,0.679434,-0.000226,-0.007431,-0.164019,-0.015176,18.555976,-5.240914,0.823271,1.652551,-1.869343,-0.261549,2.380334
1217283872.503299,-0.003843,0.678168,-0.000229,-0.007547,-0.160785,-0.008888,18.563094,-5.189529,0.823092,1.653720,-1.869253,-0.261516,2.380643
1217283872.603299,-0.003407,0.677007,-0.000232,-0.007642,-0.163493,-0.003052,18.569771,-5.140004,0.822837,1.654505,-1.869171,-0.261476,2.380890
1217283872.703305,-0.002947,0.675968,-0.000234,-0.007735,-0.165758,0.002718,18.576192,-5.090889,0.822584,1.655248,-1.869099,-0.261429,2.381050
1217283872.803307,-0.002761,0.674037,-0.000236,-0.007818,-0.167640,0.008286,18.580638,-5.042326,0.822333,1.655820,-1.869008,-0.261386,2.381212
1217283872.903472,-0.003134,0.670210,-0.000238,-0.007893,-0.170733,0.013565,18.581333,-4.994777,0.822063,1.656221,-1.868973,-0.261351,2.381311
1217283873.003334,-0.003469,0.666541,-0.000239,-0.007963,-0.176403,0.018773,18.581843,-4.947475,0.821752,1.656535,-1.868947,-0.261321,2.381410
1217283873.103377,-0.003970,0.662147,-0.000240,-0.008027,-0.174947,0.023826,18.580445,-4.900562,0.821532,1.656720,-1.868865,-0.261298,2.381510
1217283873.203299,-0.004405,0.657965,-0.000242,-0.008088,-0.175274,0.028814,18.578858,-4.854203,0.821288,1.656862,-1.868811,-0.261280,2.381612
1217283873.303299,-0.004866,0.653823,-0.000243,-0.008159,-0.182491,0.034020,18.577217,-4.806873,0.820949,1.657132,-1.868729,-0.261276,2.381778
1217283873.403299,-0.004856,0.651107,-0.000244,-0.008220,-0.182355,0.039031,18.577094,-4.760786,0.820699,1.657230,-1.868675,-0.261278,2.381968