
1217283828.603307,-0.168650,2.304889,-0.421484,2.212793,-13.171387,0.013174,0.031440,-5.204048,0.000556,0.147300,10S
1217283828.703307,-0.281084,2.304889,-2.634277,1.475195,-12.539160,0.013174,0.031440,-5.204048,0.000556,1.080200,10S
1217283828.803485,-0.252976,2.220563,-3.898730,1.791309,-11.590820,0.016079,0.037015,-5.204048,0.000556,1.473000,10S
1217283828.903299,-0.140542,2.361105,-4.847070,1.369824,-10.642480,0.016079,0.037015,-5.204048,0.000556,1.669400,10S
1217283829.003548,-0.140542,2.529756,-5.900781,2.002051,-10.220996,0.016079,0.037015,-5.204048,0.000556,1.522100,10S
1217283829.103299,-0.112434,2.726515,-6.638379,1.685938,-9.799512,0.014609,0.037005,-5.204048,0.000556,1.178400,10S
1217283829.203299,-0.084325,2.838948,-7.586719,2.423535,-9.694141,0.014609,0.037005,-5.204048,0.000556,0.834700,10S
1217283829.303299,-0.056217,2.754623,-7.270605,2.950391,-9.483398,0.013138,0.036995,-5.204048,0.000556,0.491000,10S
1217283829.403299,0.112434,2.951382,-7.165234,3.266504,-9.483398,0.013138,0.036995,-5.204048,0.000556,0.294600,10S
1217283829.503300,0.112434,2.951382,-7.165234,3.477246,-9.694141,0.011667,0.036986,-5.204048,0.000556,0.147300,10S
1217283829.603300,0.196759,2.951382,-7.165234,3.898730,-10.431738,0.011667,0.036986,-5.204048,0.000556,0.147300,10S
1217283829.703463,0.168650,2.979490,-6.638379,4.004102,-9.904883,0.011680,0.035134,-5.204048,0.000278,0.196400,10S
1217283829.803331,0.196759,2.838948,-5.584668,3.898730,-10.853223,0.011680,0.035134,-5.204048,0.000278,0.294600,10S
1217283829.903538,0.252976,2.838948,-5.373926,4.320215,-10.958594,0.011680,0.035134,-5.204048,0.000278,0.392800,10S
1217283830.003301,0.196759,2.782731,-4.425586,4.109473,-10.853223,0.010209,0.035124,-5.204048,0.000278,0.638300,10S
1217283830.103318,0.224867,2.782731,-4.741699,3.793359,-11.063965,0.010209,0.035124,-5.204048,0.000278,0.736500,10S
1217283830.203299,0.281084,2.754623,-4.214844,3.477246,-11.063965,0.011692,0.033282,-5.204048,0.000556,0.883800,10S
1217283830.303299,0.252976,2.670298,-4.214844,3.371875,-11.063965,0.011692,0.033282,-5.204048,0.000556,1.080200,10S
1217283830.403305,0.281084,2.698406,-4.214844,3.055762,-11.063965,0.014633,0.033301,-5.204048,0.001389,1.178400,10S
1217283830.503300,0.309192,2.642189,-4.214844,2.318164,-11.380078,0.014633,0.033301,-5.204048,0.001389,1.227500,10S
1217283830.603334,0.281084,2.529756,-3.793359,2.634277,-11.906934,0.014621,0.035153,-5.204048,0.000833,1.325700,10S
1217283830.703304,0.281084,2.501647,-3.687988,1.896680,-11.380078,0.014621,0.035153,-5.204048,0.000833,1.374800,10S
1217283830.803485,0.196759,2.557864,-3.793359,1.475195,-11.274707,0.016079,0.037015,-5.204048,0.000833,1.374800,10S
1217283830.903299,0.168650,2.501647,-3.793359,1.896680,-11.380078,0.016079,0.037015,-5.204048,0.001111,1.423900,10S
1217283831.003353,0.084325,2.501647,-3.793359,1.475195,-11.485449,0.016079,0.037015,-5.204048,0.001111,1.423900,10S
1217283831.103300,0.028108,2.557864,-3.898730,1.159082,-11.274707,0.017550,0.037024,-5.204048,0.001389,1.473000,10S
1217283831.203299,0.056217,2.585973,-3.898730,1.369824,-11.485449,0.017550,0.037024,-5.204048,0.001389,1.473000,10S
1217283831.303299,0.028108,2.557864,-3.898730,1.159082,-11.485449,0.020479,0.038895,-5.204048,0.001667,1.571200,10S
1217283831.403299,0.056217,2.445431,-3.161133,1.264453,-11.380078,0.020479,0.038895,-5.204048,0.001667,1.522100,10S
1217283831.503305,-0.028108,2.445431,-3.477246,1.264453,-11.801563,0.023420,0.038915,-5.204048,0.001389,1.571200,10S
1217283831.603307,-0.028108,2.445431,-3.266504,0.842969,-11.063965,0.023420,0.038915,-5.204048,0.001389,1.522100,10S
1217283831.703464,-0.140542,2.585973,-3.582617,0.842969,-11.696191,0.027819,0.040795,-5.204048,0.001667,1.620300,10S
1217283831.803331,-0.224867,2.529756,-3.687988,1.264453,-11.696191,0.027819,0.040795,-5.204048,0.001667,1.571200,10S
1217283831.903371,-0.337301,2.614081,-3.266504,1.685938,-11.696191,0.027819,0.040795,-5.204048,0.001667,1.620300,10S
1217283832.003302,-0.365409,2.698406,-3.477246,1.580566,-11.801563,0.030760,0.040815,-5.204048,0.003889,1.669400,10S
1217283832.103299,-0.421626,2.670298,-3.266504,2.318164,-11.696191,0.030760,0.040815,-5.204048,0.003889,1.620300,10S
1217283832.203299,-0.393518,2.754623,-3.477246,2.423535,-11.274707,0.033726,0.037130,-5.204048,0.002222,1.669400,10S
1217283832.303299,-0.365409,2.754623,-3.793359,3.371875,-11.380078,0.033726,0.037130,-5.204048,0.002222,1.718500,10S
1217283832.403305,-0.140542,2.754623,-2.950391,3.687988,-11.906934,0.041103,0.033475,-5.204048,0.003056,1.669400,10S
1217283832.503300,-0.140542,2.838948,-2.950391,3.266504,-11.590820,0.041103,0.033475,-5.204048,0.003056,1.767600,10S
1217283832.603334,-0.140542,2.810840,-2.845020,3.898730,-10.958594,0.046973,0.035366,-5.204048,0.004722,1.767600,10S
1217283832.703305,0.028108,2.838948,-3.161133,4.109473,-11.590820,0.046973,0.035366,-5.204048,0.004722,1.767600,10S
1217283832.803560,-0.028108,2.754623,-2.634277,3.898730,-11.169336,0.046973,0.035366,-5.204048,0.004722,1.816700,10S
1217283832.903300,0.112434,2.810840,-2.528906,3.898730,-11.063965,0.051384,0.035395,-5.204048,0.002500,1.816700,10S
1217283833.003346,0.084325,2.754623,-3.161133,3.898730,-11.063965,0.051384,0.035395,-5.204048,0.002500,1.816700,10S
1217283833.103299,0.112434,2.782731,-3.793359,3.687988,-11.274707,0.051384,0.035395,-5.204048,0.001667,1.816700,10S
1217283833.203299,0.224867,2.670298,-3.055762,3.793359,-11.485449,0.051384,0.035395,-5.204048,0.001667,1.718500,10S
1217283833.303299,0.196759,2.726515,-3.266504,3.266504,-10.747852,0.052867,0.033552,-5.204048,0.001111,1.718500,10S
1217283833.403299,0.168650,2.698406,-3.371875,2.950391,-11.590820,0.052867,0.033552,-5.204048,0.001111,1.767600,10S
1217283833.503309,0.056217,2.698406,-3.055762,2.318164,-11.380078,0.052879,0.031701,-5.204048,0.001111,1.718500,10S
1217283833.603307,-0.112434,2.726515,-2.950391,2.423535,-11.169336,0.052879,0.031701,-5.204048,0.001111,1.767600,10S
1217283833.703489,-0.140542,2.726515,-2.528906,2.950391,-11.274707,0.055820,0.031720,-5.204048,0.001111,1.816700,10S
1217283833.803299,-0.168650,2.754623,-2.634277,3.477246,-11.380078,0.055820,0.031720,-5.204048,0.001389,1.816700,10S
1217283833.903545,-0.112434,2.867057,-2.739648,3.477246,-11.274707,0.055820,0.031720,-5.204048,0.001389,1.964000,10S
1217283834.003301,0.056217,2.782731,-2.318164,3.687988,-11.696191,0.058761,0.031739,-5.204048,0.002500,1.964000,10S
1217283834.103299,-0.028108,2.754623,-2.212793,3.687988,-11.169336,0.058761,0.031739,-5.204048,0.002500,2.013100,10S
1217283834.203299,0.028108,2.754623,-2.634277,3.371875,-11.169336,0.060232,0.031749,-5.204048,0.002500,2.013100,10S
1217283834.303299,0.056217,2.726515,-2.528906,3.055762,-10.958594,0.060232,0.031749,-5.204048,0.002500,2.062200,10S
1217283834.403300,0.084325,2.670298,-2.845020,3.055762,-12.012305,0.061715,0.029907,-5.204048,0.001389,2.013100,10S
1217283834.503300,0.056217,2.642189,-2.634277,2.950391,-11.801563,0.061715,0.029907,-5.204048,0.001389,2.013100,10S
1217283834.603463,0.140542,2.614081,-2.423535,2.950391,-11.169336,0.063173,0.031768,-5.204048,0.001944,2.062200,10S
1217283834.703332,0.112434,2.614081,-2.634277,2.423535,-11.590820,0.063173,0.031768,-5.204048,0.001944,2.013100,10S
1217283834.803564,0.084325,2.585973,-2.739648,2.423535,-11.906934,0.063173,0.031768,-5.204048,0.001944,2.013100,10S
1217283834.903300,0.028108,2.642189,-1.791309,2.423535,-11.906934,0.069031,0.035510,-5.204048,0.001111,2.062200,10S
1217283835.003338,-0.056217,2.557864,-1.685938,2.002051,-10.747852,0.069031,0.035510,-5.204048,0.001111,2.111300,10S
1217283835.103299,-0.140542,2.557864,-1.685938,2.423535,-11.485449,0.071948,0.039233,-5.204048,0.001944,2.160400,10S
1217283835.203299,-0.224867,2.670298,-2.002051,2.528906,-12.749902,0.071948,0.039233,-5.204048,0.001944,2.258600,10S
1217283835.303305,-0.140542,2.670298,-2.423535,2.212793,-12.012305,0.074840,0.046660,-5.204048,0.002778,2.209500,10S
1217283835.403299,-0.281084,2.754623,-1.685938,2.634277,-11.696191,0.074840,0.046660,-5.204048,0.002778,2.258600,10S
1217283835.503334,-0.337301,2.810840,-1.791309,3.055762,-10.958594,0.077757,0.050382,-5.204048,0.004444,2.209500,10S
1217283835.603305,-0.252976,2.782731,-2.212793,3.582617,-11.590820,0.077757,0.050382,-5.204048,0.004444,2.258600,10S
1217283835.703487,-0.140542,2.810840,-1.685938,4.004102,-12.223047,0.080674,0.054105,-5.204048,0.004444,2.209500,10S
1217283835.803299,-0.028108,2.782731,-2.423535,3.582617,-10.958594,0.080674,0.054105,-5.204048,0.003889,2.209500,10S
1217283835.903353,0.056217,2.782731,-2.002051,3.477246,-11.380078,0.080674,0.054105,-5.204048,0.003889,2.160400,10S
1217283836.003301,0.084325,2.810840,-2.318164,3.477246,-11.906934,0.083591,0.057828,-5.204048,0.002222,2.209500,10S
1217283836.103299,0.084325,2.810840,-2.212793,3.161133,-11.906934,0.083591,0.057828,-5.204048,0.002222,2.160400,10S
1217283836.203299,0.028108,2.838948,-2.002051,2.739648,-10.958594,0.088002,0.057857,-5.204048,0.002778,2.209500,10S
1217283836.303299,0.084325,2.782731,-2.212793,3.266504,-11.274707,0.088002,0.057857,-5.204048,0.002778,2.160400,10S
1217283836.403305,0.084325,2.782731,-2.318164,3.055762,-12.960645,0.089461,0.059718,-5.204048,0.001944,2.209500,10S
1217283836.503307,0.000000,2.782731,-1.685938,3.055762,-12.328418,0.089461,0.059718,-5.204048,0.001944,2.160400,10S
1217283836.603466,0.028108,2.754623,-1.791309,3.055762,-11.274707,0.092414,0.057886,-5.204048,0.001667,2.209500,10S
1217283836.703332,0.084325,2.754623,-2.212793,3.266504,-11.380078,0.092414,0.057886,-5.204048,0.001667,2.258600,10S
1217283836.803375,0.084325,2.754623,-1.791309,2.950391,-11.485449,0.092414,0.057886,-5.204048,0.001667,2.209500,10S
1217283836.903299,0.140542,2.670298,-2.002051,2.950391,-11.906934,0.096801,0.061619,-5.204048,0.001944,2.209500,10S
1217283837.003301,0.112434,2.670298,-1.791309,2.634277,-12.223047,0.096801,0.061619,-5.204048,0.001944,2.209500,10S
1217283837.103300,0.028108,2.614081,-2.107422,2.423535,-10.958594,0.096801,0.061619,-5.204048,0.000556,2.258600,10S
1217283837.203299,0.084325,2.501647,-2.318164,2.002051,-12.433789,0.096801,0.061619,-5.204048,0.000556,2.258600,10S
1217283837.303306,-0.028108,2.585973,-1.896680,2.002051,-11.485449,0.098260,0.063480,-5.204048,0.000556,2.209500,10S
1217283837.403300,-0.112434,2.501647,-2.423535,2.002051,-11.801563,0.098260,0.063480,-5.204048,0.000556,2.209500,10S
1217283837.503333,-0.281084,2.585973,-1.580566,2.002051,-11.801563,0.099706,0.067193,-5.204048,0.000556,2.209500,10S
1217283837.603304,-0.309192,2.642189,-2.002051,2.002051,-11.063965,0.099706,0.067193,-5.204048,0.000556,2.209500,10S
1217283837.703544,-0.421626,2.726515,-2.002051,2.739648,-12.012305,0.099706,0.067193,-5.204048,0.000556,2.258600,10S
1217283837.803299,-0.421626,2.726515,-1.896680,3.055762,-11.906934,0.101152,0.070906,-5.204048,0.002222,2.258600,10S
1217283837.903343,-0.281084,2.838948,-1.896680,3.687988,-11.590820,0.101152,0.070906,-5.204048,0.002222,2.258600,10S
1217283838.003301,-0.252976,2.867057,-1.475195,3.687988,-11.169336,0.104081,0.072777,-5.204048,0.002500,2.307700,10S
1217283838.103299,-0.084325,2.838948,-1.791309,4.004102,-10.958594,0.104081,0.072777,-5.204048,0.002500,2.307700,10S
1217283838.203299,0.056217,2.782731,-1.791309,4.109473,-11.696191,0.105527,0.076491,-5.204048,0.002222,2.307700,10S
1217283838.303299,0.112434,2.782731,-1.896680,3.687988,-11.590820,0.105527,0.076491,-5.204048,0.002222,2.405900,10S
1217283838.403305,0.140542,2.726515,-1.580566,3.371875,-11.380078,0.105515,0.078342,-5.204048,0.001944,2.356800,10S
1217283838.503308,0.168650,2.726515,-2.002051,2.950391,-11.696191,0.105515,0.078342,-5.204048,0.001944,2.356800,10S
1217283838.603488,0.168650,2.698406,-2.423535,2.528906,-11.169336,0.108432,0.082065,-5.204048,0.001944,2.356800,10S
1217283838.703300,0.028108,2.698406,-2.423535,2.212793,-12.328418,0.108432,0.082065,-5.204048,0.001389,2.258600,10S
1217283838.803547,-0.140542,2.670298,-2.107422,2.318164,-11.063965,0.108432,0.082065,-5.204048,0.001389,2.307700,10S
1217283838.903299,-0.252976,2.754623,-2.107422,2.739648,-12.328418,0.109890,0.083927,-5.204048,0.000556,2.258600,10S
1217283839.003301,-0.252976,2.754623,-2.107422,2.739648,-12.328418,0.109890,0.083927,-5.204048,0.000556,2.258600,10S
1217283839.103299,-0.140542,2.782731,-1.685938,2.845020,-11.485449,0.111361,0.083936,-5.204048,0.001667,2.307700,10S
1217283839.203299,-0.140542,2.810840,-1.896680,2.950391,-11.380078,0.111361,0.083936,-5.204048,0.001667,2.307700,10S
1217283839.303300,-0.084325,2.782731,-1.685938,3.266504,-11.696191,0.111361,0.083936,-5.204048,0.001389,2.405900,10S
1217283839.403300,-0.084325,2.782731,-1.369824,3.266504,-12.328418,0.111361,0.083936,-5.204048,0.001389,2.405900,10S
1217283839.503466,0.000000,2.754623,-1.475195,3.161133,-11.063965,0.111349,0.085788,-5.204048,0.000556,2.405900,10S
1217283839.603332,0.084325,2.670298,-1.580566,3.266504,-11.590820,0.111349,0.085788,-5.204048,0.000556,2.405900,10S
1217283839.703544,0.140542,2.698406,-1.475195,2.423535,-10.853223,0.111349,0.085788,-5.204048,0.000556,2.405900,10S
1217283839.803299,0.112434,2.670298,-2.002051,2.950391,-11.380078,0.111349,0.085788,-5.204048,0.000278,2.405900,10S
1217283839.903336,0.168650,2.642189,-1.369824,2.423535,-12.117676,0.111349,0.085788,-5.204048,0.000278,2.405900,10S
1217283840.003301,0.000000,2.557864,-1.896680,2.107422,-12.749902,0.111336,0.087640,-5.204048,0.000556,2.356800,10S
1217283840.103299,-0.140542,2.642189,-1.264453,1.791309,-12.644531,0.111336,0.087640,-5.204048,0.000556,2.405900,10S
1217283840.203299,-0.168650,2.557864,-1.685938,2.212793,-11.801563,0.112819,0.085798,-5.204048,0.000556,2.405900,10S
1217283840.303299,-0.224867,2.642189,-1.685938,2.318164,-10.853223,0.112819,0.085798,-5.204048,0.000556,2.405900,10S
1217283840.403465,-0.281084,2.698406,-1.791309,2.528906,-11.380078,0.115760,0.085817,-5.204048,0.000556,2.455000,10S
1217283840.503304,-0.281084,2.754623,-1.580566,2.845020,-12.539160,0.115760,0.085817,-5.204048,0.000556,2.504100,10S
1217283840.603484,-0.281084,2.754623,-1.685938,2.845020,-12.539160,0.117231,0.085827,-5.204048,0.000556,2.455000,10S
1217283840.703299,-0.196759,2.810840,-1.264453,3.055762,-11.906934,0.117231,0.085827,-5.204048,0.000556,2.455000,10S
1217283840.803349,-0.140542,2.782731,-1.580566,3.266504,-11.274707,0.117231,0.085827,-5.204048,0.000556,2.455000,10S
1217283840.903299,-0.056217,2.782731,-1.896680,3.582617,-11.169336,0.115736,0.089520,-5.204048,0.001667,2.455000,10S
1217283841.003301,-0.056217,2.754623,-2.002051,3.161133,-11.485449,0.115736,0.089520,-5.204048,0.001667,2.405900,10S
1217283841.103299,0.056217,2.754623,-1.264453,2.950391,-11.380078,0.114241,0.093214,-5.204048,0.002778,2.405900,10S
1217283841.203299,0.000000,2.782731,-1.791309,3.266504,-11.906934,0.114241,0.093214,-5.204048,0.002778,2.405900,10S
1217283841.303305,0.112434,2.670298,-1.791309,3.371875,-12.644531,0.112758,0.095056,-5.204048,0.002222,2.405900,10S
1217283841.403307,0.028108,2.670298,-1.580566,2.845020,-12.223047,0.112758,0.095056,-5.204048,0.002222,2.356800,10S
1217283841.503463,0.112434,2.614081,-1.685938,2.528906,-10.220996,0.114229,0.095066,-5.204048,0.000556,2.356800,10S
1217283841.603331,0.112434,2.698406,-2.107422,2.845020,-13.276758,0.114229,0.095066,-5.204048,0.000556,2.405900,10S
1217283841.703375,0.056217,2.642189,-1.475195,2.212793,-10.642480,0.114229,0.095066,-5.204048,0.000556,2.356800,10S
1217283841.803299,0.028108,2.557864,-2.107422,2.212793,-12.855273,0.112746,0.096908,-5.204048,0.000833,2.405900,10S
1217283841.903299,0.056217,2.529756,-1.369824,1.685938,-12.855273,0.112746,0.096908,-5.204048,0.000833,2.356800,10S
1217283842.003301,-0.084325,2.557864,-1.791309,1.896680,-12.539160,0.112746,0.096908,-5.204048,0.000833,2.307700,10S
1217283842.103299,-0.084325,2.529756,-1.580566,1.896680,-11.063965,0.112746,0.096908,-5.204048,0.000833,2.405900,10S
1217283842.203305,-0.196759,2.557864,-1.053711,1.580566,-11.274707,0.112734,0.098760,-5.204048,0.000556,2.455000,10S
1217283842.303301,-0.196759,2.642189,-1.369824,1.896680,-12.539160,0.112734,0.098760,-5.204048,0.000556,2.455000,10S
1217283842.403333,-0.252976,2.585973,-0.842969,2.107422,-11.906934,0.109769,0.102444,-5.204048,0.002500,2.553200,10S
1217283842.503304,-0.252976,2.642189,-0.842969,2.107422,-11.696191,0.109769,0.102444,-5.204048,0.002500,2.553200,10S
1217283842.603542,-0.252976,2.642189,-1.369824,2.528906,-12.223047,0.109769,0.102444,-5.204048,0.002500,2.602300,10S
1217283842.703300,-0.252976,2.726515,-1.580566,2.739648,-12.117676,0.105333,0.106119,-5.204048,0.002222,2.602300,10S
1217283842.803342,-0.224867,2.670298,-1.475195,2.739648,-10.958594,0.105333,0.106119,-5.204048,0.002222,2.651400,10S
1217283842.903299,-0.196759,2.726515,-1.053711,3.266504,-11.801563,0.105320,0.107970,-5.204048,0.001389,2.553200,10S
1217283843.003301,-0.112434,2.698406,-1.369824,2.950391,-11.485449,0.105320,0.107970,-5.204048,0.001389,2.553200,10S
1217283843.103299,-0.056217,2.670298,-1.053711,2.950391,-10.958594,0.103850,0.107961,-5.204048,0.001111,2.553200,10S
1217283843.203299,0.000000,2.698406,-1.369824,2.739648,-10.326367,0.103850,0.107961,-5.204048,0.001111,2.504100,10S
1217283843.303308,0.056217,2.614081,-1.580566,2.739648,-10.747852,0.102367,0.109803,-5.204048,0.001389,2.553200,10S
1217283843.403307,0.056217,2.614081,-1.896680,2.107422,-13.066016,0.102367,0.109803,-5.204048,0.001389,2.504100,10S
1217283843.503487,-0.112434,2.670298,-1.369824,2.318164,-11.801563,0.102355,0.111655,-5.204048,0.001389,2.504100,10S
1217283843.603299,-0.168650,2.585973,-1.475195,2.318164,-11.274707,0.102355,0.111655,-5.204048,0.002778,2.553200,10S
1217283843.703547,-0.168650,2.642189,-1.369824,2.107422,-11.063965,0.102355,0.111655,-5.204048,0.002778,2.504100,10S
1217283843.803299,-0.224867,2.642189,-1.264453,2.634277,-11.274707,0.100884,0.111645,-5.204048,0.001389,2.504100,10S
1217283843.903299,-0.112434,2.642189,-1.685938,2.423535,-11.906934,0.100884,0.111645,-5.204048,0.001389,2.504100,10S
1217283844.003301,-0.056217,2.670298,-1.369824,2.528906,-10.747852,0.100884,0.111645,-5.204048,0.000833,2.504100,10S
1217283844.103299,-0.056217,2.585973,-1.685938,2.318164,-11.274707,0.100884,0.111645,-5.204048,0.000833,2.553200,10S
1217283844.203299,-0.112434,2.585973,-1.580566,2.634277,-11.801563,0.099402,0.113487,-5.204048,0.000833,2.504100,10S
1217283844.303299,0.000000,2.585973,-1.369824,2.634277,-13.276758,0.099402,0.113487,-5.204048,0.000833,2.504100,10S
1217283844.403462,0.028108,2.529756,-1.369824,2.634277,-12.855273,0.099402,0.113487,-5.204048,0.001389,2.553200,10S
1217283844.503332,0.028108,2.501647,-1.580566,1.896680,-11.801563,0.099402,0.113487,-5.204048,0.001389,2.504100,10S
1217283844.603552,-0.084325,2.445431,-1.264453,1.264453,-10.958594,0.099402,0.113487,-5.204048,0.001389,2.455000,10S
1217283844.703299,-0.140542,2.529756,-1.580566,0.948340,-10.220996,0.097931,0.113477,-5.204048,0.001111,2.455000,10S
1217283844.803335,-0.252976,2.445431,-1.896680,2.002051,-10.642480,0.097931,0.113477,-5.204048,0.001111,2.405900,10S
1217283844.903299,-0.309192,2.529756,-1.685938,1.896680,-11.801563,0.096449,0.115319,-5.204048,0.003333,2.455000,10S
1217283845.003301,-0.365409,2.614081,-1.475195,2.002051,-11.590820,0.096449,0.115319,-5.204048,0.003333,2.455000,10S
1217283845.103306,-0.421626,2.614081,-1.685938,1.896680,-11.696191,0.090542,0.118984,-5.204048,0.003333,2.405900,10S
1217283845.203300,-0.449734,2.726515,-1.685938,2.212793,-10.958594,0.090542,0.118984,-5.204048,0.003333,2.455000,10S
1217283845.303334,-0.337301,2.754623,-1.264453,2.950391,-11.380078,0.089071,0.118975,-5.204048,0.004444,2.504100,10S
1217283845.403305,-0.196759,2.754623,-0.842969,3.055762,-10.853223,0.089071,0.118975,-5.204048,0.004444,2.504100,10S
1217283845.503486,-0.168650,2.895165,-1.159082,3.055762,-11.063965,0.087589,0.120817,-5.204048,0.004444,2.553200,10S
1217283845.603299,-0.140542,2.810840,-1.369824,3.161133,-11.169336,0.087589,0.120817,-5.204048,0.007500,2.553200,10S
1217283845.703352,-0.056217,2.838948,-1.475195,3.371875,-12.433789,0.087589,0.120817,-5.204048,0.007500,2.504100,10S
1217283845.803299,0.028108,2.754623,-1.580566,3.371875,-12.117676,0.086118,0.120807,-5.204048,0.003333,2.504100,10S
1217283845.903299,0.056217,2.810840,-1.369824,3.161133,-10.642480,0.086118,0.120807,-5.204048,0.003333,2.504100,10S
1217283846.003301,0.112434,2.754623,-1.159082,3.371875,-11.274707,0.084648,0.120797,-5.204048,0.003056,2.504100,10S
1217283846.103299,0.168650,2.726515,-1.264453,2.950391,-11.801563,0.084648,0.120797,-5.204048,0.003056,2.504100,10S
1217283846.203305,0.168650,2.670298,-1.685938,2.212793,-10.431738,0.084648,0.120797,-5.204048,0.002778,2.455000,10S
1217283846.303308,0.112434,2.585973,-2.002051,2.212793,-12.117676,0.084648,0.120797,-5.204048,0.002778,2.553200,10S
1217283846.403467,0.056217,2.557864,-2.107422,2.107422,-12.644531,0.084648,0.120797,-5.204048,0.001111,2.405900,10S
1217283846.503332,0.000000,2.529756,-1.475195,2.318164,-11.590820,0.084648,0.120797,-5.204048,0.001111,2.455000,10S
1217283846.603371,0.028108,2.529756,-1.791309,2.002051,-12.223047,0.084648,0.120797,-5.204048,0.001111,2.405900,10S
1217283846.703299,-0.028108,2.501647,-1.791309,1.159082,-12.539160,0.081694,0.122630,-5.204048,0.002222,2.356800,10S
1217283846.803299,-0.084325,2.389214,-0.948340,1.580566,-10.537109,0.081694,0.122630,-5.204048,0.002222,2.356800,10S
1217283846.903299,-0.168650,2.529756,-1.264453,1.369824,-10.958594,0.078741,0.124462,-5.204048,0.003611,2.405900,10S
1217283847.003301,-0.309192,2.529756,-2.002051,1.791309,-12.328418,0.078741,0.124462,-5.204048,0.003611,2.405900,10S
1217283847.103305,-0.365409,2.529756,-2.212793,2.318164,-13.066016,0.077271,0.124453,-5.204048,0.005278,2.356800,10S
1217283847.203300,-0.393518,2.642189,-2.107422,2.318164,-11.696191,0.077271,0.124453,-5.204048,0.005278,2.405900,10S
1217283847.303335,-0.365409,2.698406,-2.002051,2.634277,-10.537109,0.075788,0.126295,-5.204048,0.002500,2.405900,10S
1217283847.403305,-0.337301,2.726515,-1.264453,2.845020,-10.537109,0.075788,0.126295,-5.204048,0.002500,2.405900,10S
1217283847.503538,-0.309192,2.782731,-2.002051,3.266504,-11.696191,0.075788,0.126295,-5.204048,0.002500,2.356800,10S
1217283847.603299,-0.168650,2.838948,-1.791309,4.214844,-12.012305,0.075788,0.126295,-5.204048,0.001667,2.405900,10S
1217283847.703344,-0.056217,2.838948,-1.580566,3.477246,-10.853223,0.075788,0.126295,-5.204048,0.001667,2.356800,10S
1217283847.803299,0.084325,2.754623,-2.107422,3.477246,-11.380078,0.074317,0.126285,-5.204048,0.001111,2.405900,10S
1217283847.903299,0.112434,2.726515,-1.685938,3.161133,-11.274707,0.074317,0.126285,-5.204048,0.001111,2.356800,10S
1217283848.003301,0.112434,2.670298,-1.791309,3.055762,-10.958594,0.074317,0.126285,-5.204048,0.000833,2.356800,10S
1217283848.103299,0.084325,2.614081,-1.369824,2.634277,-11.801563,0.074317,0.126285,-5.204048,0.000833,2.356800,10S
1217283848.203307,-0.028108,2.642189,-1.896680,2.212793,-12.117676,0.072847,0.126275,-5.204048,0.001667,2.356800,10S
1217283848.303307,-0.112434,2.698406,-2.318164,2.739648,-11.696191,0.072847,0.126275,-5.204048,0.001667,2.307700,10S
1217283848.403485,-0.056217,2.670298,-1.791309,2.634277,-11.485449,0.071376,0.126266,-5.204048,0.001667,2.356800,10S
1217283848.503300,-0.084325,2.670298,-2.002051,2.739648,-11.485449,0.071376,0.126266,-5.204048,0.001389,2.356800,10S
1217283848.603540,-0.084325,2.698406,-1.685938,2.107422,-11.485449,0.071376,0.126266,-5.204048,0.001389,2.356800,10S
1217283848.703299,-0.196759,2.782731,-1.475195,2.528906,-11.485449,0.069906,0.126256,-5.204048,0.000833,2.356800,10S
1217283848.803299,-0.084325,2.670298,-1.475195,2.845020,-12.328418,0.069906,0.126256,-5.204048,0.000833,2.405900,10S
1217283848.903299,-0.140542,2.726515,-1.791309,3.371875,-11.696191,0.069906,0.126256,-5.204048,0.001111,2.356800,10S
1217283849.003301,-0.028108,2.642189,-1.791309,3.055762,-11.274707,0.069906,0.126256,-5.204048,0.001111,2.356800,10S
1217283849.103300,0.028108,2.670298,-1.685938,3.055762,-11.063965,0.072835,0.128127,-5.204048,0.001111,2.307700,10S
1217283849.203300,0.084325,2.642189,-1.791309,3.266504,-12.433789,0.072835,0.128127,-5.204048,0.001111,2.307700,10S
1217283849.303464,0.112434,2.642189,-2.528906,2.212793,-12.539160,0.074281,0.131840,-5.204048,0.001111,2.356800,10S
1217283849.403332,0.084325,2.585973,-2.950391,2.318164,-12.644531,0.074281,0.131840,-5.204048,0.001111,2.307700,10S
1217283849.503544,0.000000,2.585973,-1.580566,1.896680,-11.590820,0.074281,0.131840,-5.204048,0.001111,2.307700,10S
1217283849.603299,-0.168650,2.585973,-1.896680,1.369824,-10.326367,0.078656,0.137425,-5.204048,0.002778,2.307700,10S
1217283849.703338,-0.140542,2.501647,-1.264453,1.580566,-10.747852,0.078656,0.137425,-5.204048,0.002778,2.258600,10S
1217283849.803299,-0.309192,2.585973,-1.580566,1.791309,-12.539160,0.083043,0.141157,-5.204048,0.000556,2.307700,10S
1217283849.903300,-0.337301,2.557864,-1.685938,1.580566,-12.433789,0.083043,0.141157,-5.204048,0.000556,2.307700,10S
1217283850.003301,-0.393518,2.614081,-1.896680,2.212793,-11.274707,0.083031,0.143009,-5.204048,0.000556,2.356800,10S
1217283850.103299,-0.421626,2.670298,-1.369824,2.634277,-10.747852,0.083031,0.143009,-5.204048,0.000556,2.258600,10S
1217283850.203333,-0.393518,2.754623,-1.791309,3.161133,-10.537109,0.083043,0.141157,-5.204048,0.001944,2.307700,10S
1217283850.303305,-0.281084,2.754623,-2.107422,3.477246,-11.696191,0.083043,0.141157,-5.204048,0.001944,2.258600,10S
1217283850.403486,-0.196759,2.810840,-2.107422,3.793359,-12.117676,0.084514,0.141167,-5.204048,0.001667,2.258600,10S
1217283850.503299,-0.168650,2.782731,-2.002051,3.477246,-10.642480,0.084514,0.141167,-5.204048,0.001667,2.209500,10S
1217283850.603349,-0.084325,2.726515,-1.896680,3.371875,-11.380078,0.084514,0.141167,-5.204048,0.001667,2.209500,10S
1217283850.703299,-0.084325,2.726515,-1.896680,3.477246,-11.063965,0.084490,0.144870,-5.204048,0.000278,2.258600,10S
1217283850.803299,-0.028108,2.754623,-2.107422,3.266504,-10.747852,0.084490,0.144870,-5.204048,0.000278,2.160400,10S
1217283850.903299,-0.028108,2.726515,-2.528906,3.582617,-10.958594,0.083031,0.143009,-5.204048,0.000278,2.160400,10S
1217283851.003301,0.084325,2.670298,-2.318164,3.161133,-11.380078,0.083031,0.143009,-5.204048,0.000278,2.111300,10S
1217283851.103305,0.084325,2.670298,-2.845020,3.161133,-11.274707,0.083031,0.143009,-5.204048,0.001111,2.062200,10S
1217283851.203307,0.056217,2.642189,-2.845020,2.950391,-10.958594,0.083031,0.143009,-5.204048,0.001111,2.062200,10S
1217283851.303464,0.028108,2.585973,-2.845020,2.423535,-11.063965,0.083019,0.144861,-5.204048,0.000833,2.013100,10S
1217283851.403332,0.028108,2.614081,-2.845020,2.634277,-12.117676,0.083019,0.144861,-5.204048,0.000833,1.964000,10S
1217283851.503386,-0.084325,2.614081,-2.318164,2.845020,-11.485449,0.083019,0.144861,-5.204048,0.000833,1.964000,10S
1217283851.603299,-0.056217,2.557864,-2.212793,2.528906,-10.958594,0.083019,0.144861,-5.204048,0.000556,2.013100,10S
1217283851.703299,-0.028108,2.529756,-2.318164,2.423535,-11.485449,0.083019,0.144861,-5.204048,0.000556,1.964000,10S
1217283851.803299,-0.112434,2.529756,-2.739648,2.212793,-10.853223,0.083019,0.144861,-5.204048,0.000278,1.964000,10S
1217283851.903299,-0.084325,2.501647,-2.739648,2.318164,-11.169336,0.083019,0.144861,-5.204048,0.000278,2.013100,10S
1217283852.003307,-0.168650,2.557864,-2.845020,2.423535,-11.801563,0.083019,0.144861,-5.204048,0.000556,1.964000,10S
1217283852.103300,-0.168650,2.557864,-3.161133,2.423535,-11.169336,0.083019,0.144861,-5.204048,0.000556,1.914900,10S
1217283852.203334,-0.224867,2.585973,-2.318164,2.318164,-11.274707,0.084477,0.146722,-5.204048,0.000278,1.914900,10S
1217283852.303304,-0.281084,2.585973,-2.318164,2.423535,-11.169336,0.084477,0.146722,-5.204048,0.000278,1.964000,10S
1217283852.403544,-0.224867,2.614081,-2.845020,2.845020,-11.801563,0.084477,0.146722,-5.204048,0.000278,2.013100,10S
1217283852.503300,-0.224867,2.614081,-2.318164,2.739648,-11.274707,0.110741,0.178376,-5.204048,0.000556,1.964000,10S
1217283852.603342,-0.337301,2.642189,-2.002051,3.161133,-10.431738,0.110741,0.178376,-5.204048,0.000556,2.062200,10S
1217283852.703299,-0.224867,2.726515,-2.212793,3.161133,-11.169336,0.129724,0.198871,-5.204048,0.000833,2.013100,10S
1217283852.803299,-0.224867,2.754623,-2.528906,3.371875,-11.696191,0.129724,0.198871,-5.204048,0.000833,2.062200,10S
1217283852.903299,-0.196759,2.754623,-2.318164,3.055762,-10.747852,0.131207,0.197028,-5.204048,0.000556,2.013100,10S
1217283853.003301,-0.196759,2.754623,-2.318164,3.582617,-10.853223,0.131207,0.197028,-5.204048,0.000556,2.062200,10S
1217283853.103308,-0.168650,2.754623,-2.634277,3.687988,-11.274707,0.131219,0.195177,-5.204048,0.000833,2.062200,10S
1217283853.203307,-0.140542,2.754623,-2.634277,3.687988,-10.958594,0.131219,0.195177,-5.204048,0.000833,2.013100,10S
1217283853.303487,-0.084325,2.782731,-2.528906,3.371875,-11.274707,0.131231,0.193325,-5.204048,0.000833,2.013100,10S
1217283853.403300,-0.084325,2.754623,-2.845020,3.793359,-11.169336,0.131231,0.193325,-5.204048,0.000833,2.013100,10S
1217283853.503552,0.000000,2.726515,-2.423535,3.477246,-10.220996,0.131231,0.193325,-5.204048,0.000833,2.013100,10S
1217283853.603299,0.000000,2.726515,-2.845020,3.793359,-11.590820,0.131243,0.191473,-5.204048,0.000556,1.914900,10S
1217283853.703299,0.056217,2.698406,-2.423535,3.477246,-11.380078,0.131243,0.191473,-5.204048,0.000556,1.964000,10S
1217283853.803299,0.028108,2.614081,-2.212793,3.161133,-10.958594,0.132714,0.191483,-5.204048,0.000556,1.964000,10S
1217283853.903299,-0.028108,2.670298,-2.950391,2.950391,-11.274707,0.132714,0.191483,-5.204048,0.000556,1.964000,10S
1217283854.003302,-0.112434,2.642189,-2.634277,3.266504,-10.853223,0.134196,0.189641,-5.204048,0.000556,1.964000,10S
1217283854.103300,-0.056217,2.614081,-2.739648,2.950391,-10.747852,0.134196,0.189641,-5.204048,0.000556,1.914900,10S
1217283854.203468,-0.084325,2.670298,-3.161133,2.739648,-11.274707,0.134196,0.189641,-5.204048,0.003889,1.964000,10S
1217283854.303332,-0.140542,2.670298,-2.528906,2.950391,-10.958594,0.134196,0.189641,-5.204048,0.003889,1.865800,10S
1217283854.403550,-0.168650,2.642189,-2.528906,3.161133,-10.853223,0.134196,0.189641,-5.204048,0.003889,1.914900,10S
1217283854.503299,-0.196759,2.698406,-3.266504,2.845020,-10.747852,0.135691,0.185947,-5.204048,0.006944,1.865800,10S
1217283854.603336,-0.140542,2.670298,-2.634277,3.371875,-11.063965,0.135691,0.185947,-5.204048,0.006944,1.816700,10S
1217283854.703299,-0.196759,2.670298,-3.055762,2.950391,-10.853223,0.138693,0.176707,-5.204048,0.010278,1.816700,10S
1217283854.803299,-0.168650,2.642189,-2.950391,3.582617,-11.169336,0.138693,0.176707,-5.204048,0.010278,1.816700,10S
1217283854.903299,-0.168650,2.726515,-3.055762,3.582617,-10.642480,0.143190,0.163774,-5.204048,0.022500,1.816700,10S
1217283855.003301,-0.196759,2.726515,-3.477246,3.055762,-10.853223,0.143190,0.163774,-5.204048,0.022500,1.767600,10S
1217283855.103334,-0.196759,2.810840,-3.266504,3.371875,-10.642480,0.141732,0.161913,-5.204048,0.034722,1.816700,10S
1217283855.203305,-0.140542,2.754623,-2.950391,4.109473,-10.747852,0.141732,0.161913,-5.204048,0.034722,1.816700,10S
1217283855.303484,-0.140542,2.782731,-2.634277,3.371875,-10.958594,0.128436,0.171085,-5.204048,0.034722,1.816700,10S
1217283855.403299,-0.112434,2.810840,-2.634277,4.004102,-11.063965,0.128436,0.171085,-5.204048,0.031944,1.914900,10S
1217283855.503592,-0.084325,2.810840,-2.634277,3.793359,-10.431738,0.128436,0.171085,-5.204048,0.031944,1.865800,10S
1217283855.603299,-0.056217,2.810840,-3.055762,3.582617,-10.853223,0.121047,0.176592,-5.204048,0.018889,1.964000,10S
1217283855.703299,-0.084325,2.782731,-2.845020,3.793359,-10.853223,0.121047,0.176592,-5.204048,0.018889,1.964000,10S
1217283855.803299,-0.028108,2.754623,-2.318164,3.898730,-10.747852,0.112187,0.182089,-5.204048,0.017778,1.964000,10S
1217283855.903299,0.028108,2.698406,-2.845020,3.687988,-10.958594,0.112187,0.182089,-5.204048,0.017778,1.964000,10S
1217283856.003307,-0.028108,2.726515,-2.739648,3.161133,-11.380078,0.110680,0.187634,-5.204048,0.015000,1.964000,10S
1217283856.103307,0.028108,2.670298,-2.739648,3.371875,-10.642480,0.110680,0.187634,-5.204048,0.015000,2.013100,10S
1217283856.203464,0.028108,2.698406,-3.161133,3.161133,-11.274707,0.109148,0.196884,-5.204048,0.039444,1.914900,10S
1217283856.303332,-0.056217,2.698406,-2.950391,2.739648,-11.169336,0.109148,0.196884,-5.204048,0.039444,1.914900,10S
1217283856.403375,-0.140542,2.726515,-2.950391,3.371875,-10.747852,0.109148,0.196884,-5.204048,0.039444,1.914900,10S
1217283856.503299,-0.252976,2.810840,-2.739648,3.266504,-11.169336,0.110510,0.213559,-5.204048,0.084444,1.914900,10S
1217283856.603300,-0.224867,2.782731,-2.212793,3.687988,-11.063965,0.110510,0.213559,-5.204048,0.084444,1.914900,10S
1217283856.703299,-0.281084,2.895165,-2.423535,4.214844,-10.642480,0.113414,0.219134,-5.204048,0.065833,1.964000,10S
1217283856.803299,-0.168650,2.867057,-2.002051,4.425586,-10.431738,0.113414,0.219134,-5.204048,0.065833,2.013100,10S
1217283856.903305,-0.140542,2.867057,-2.528906,4.320215,-11.169336,0.111931,0.220976,-5.204048,0.077778,2.062200,10S
1217283857.003302,-0.056217,2.838948,-2.845020,4.214844,-10.853223,0.111931,0.220976,-5.204048,0.077778,2.062200,10S
1217283857.103334,0.028108,2.895165,-2.318164,4.530957,-10.642480,0.113426,0.217282,-5.204048,0.038611,2.062200,10S
1217283857.203304,0.056217,2.838948,-2.423535,4.004102,-11.274707,0.113426,0.217282,-5.204048,0.038611,2.111300,10S
1217283857.303546,0.056217,2.838948,-2.423535,3.898730,-10.853223,0.113426,0.217282,-5.204048,0.038611,2.062200,10S
1217283857.403299,0.112434,2.782731,-2.739648,3.898730,-10.642480,0.117862,0.213607,-5.204048,0.037778,2.013100,10S
1217283857.503342,0.112434,2.782731,-2.423535,3.898730,-11.063965,0.117862,0.213607,-5.204048,0.037778,2.062200,10S
1217283857.603299,0.084325,2.698406,-2.423535,3.687988,-10.958594,0.122310,0.208081,-5.204048,0.052778,2.013100,10S
1217283857.703300,0.084325,2.670298,-2.739648,3.161133,-11.063965,0.122310,0.208081,-5.204048,0.052778,2.062200,10S
1217283857.803299,0.028108,2.726515,-2.739648,3.371875,-11.274707,0.125276,0.204397,-5.204048,0.054444,2.062200,10S
1217283857.903299,0.000000,2.726515,-2.318164,2.739648,-10.326367,0.125276,0.204397,-5.204048,0.054444,2.111300,10S
1217283858.003307,-0.084325,2.726515,-2.212793,2.739648,-10.642480,0.126783,0.198851,-5.204048,0.038611,2.160400,10S
1217283858.103307,-0.084325,2.698406,-2.107422,2.950391,-12.433789,0.126783,0.198851,-5.204048,0.038611,2.160400,10S
1217283858.203469,-0.084325,2.726515,-1.685938,3.266504,-11.906934,0.128278,0.195157,-5.204048,0.042778,2.209500,10S
1217283858.303332,-0.084325,2.726515,-1.580566,2.845020,-11.169336,0.128278,0.195157,-5.204048,0.042778,2.258600,10S
1217283858.403375,-0.028108,2.670298,-1.580566,2.634277,-10.537109,0.128278,0.195157,-5.204048,0.042778,2.307700,10S
1217283858.503299,-0.168650,2.670298,-1.685938,2.318164,-10.642480,0.131267,0.187770,-5.204048,0.038056,2.307700,10S
1217283858.603299,-0.196759,2.726515,-2.212793,2.845020,-11.906934,0.131267,0.187770,-5.204048,0.038056,2.356800,10S
1217283858.703299,-0.309192,2.782731,-1.896680,2.950391,-10.958594,0.129785,0.189612,-5.204048,0.032222,2.307700,10S
1217283858.803299,-0.281084,2.754623,-2.002051,2.950391,-11.274707,0.129785,0.189612,-5.204048,0.032222,2.258600,10S
1217283858.903301,-0.337301,2.782731,-2.212793,3.266504,-11.380078,0.126807,0.195148,-5.204048,0.002500,2.307700,10S
1217283859.003303,-0.337301,2.895165,-1.264453,3.161133,-10.537109,0.126807,0.195148,-5.204048,0.002500,2.356800,10S
1217283859.103466,-0.309192,2.979490,-1.475195,3.687988,-11.063965,0.123830,0.200684,-5.204048,0.002500,2.405900,10S
1217283859.203332,-0.224867,2.951382,-1.369824,4.214844,-10.958594,0.123830,0.200684,-5.204048,0.002500,2.356800,10S
1217283859.303549,-0.084325,2.895165,-1.896680,4.530957,-10.642480,0.123830,0.200684,-5.204048,0.002500,2.455000,10S
1217283859.403299,0.084325,2.923273,-1.685938,4.320215,-10.326367,0.122310,0.208081,-5.204048,0.004722,2.405900,10S
1217283859.503337,0.224867,2.838948,-1.475195,4.109473,-11.380078,0.122310,0.208081,-5.204048,0.004722,2.455000,10S
1217283859.603299,0.281084,2.754623,-1.475195,3.898730,-11.696191,0.119321,0.215469,-5.204048,0.004444,2.405900,10S
1217283859.703299,0.365409,2.642189,-2.212793,2.950391,-12.012305,0.119321,0.215469,-5.204048,0.004444,2.405900,10S
1217283859.803299,0.309192,2.642189,-2.107422,2.318164,-11.801563,0.116355,0.219153,-5.204048,0.001944,2.405900,10S
1217283859.903299,0.056217,2.445431,-1.791309,1.369824,-10.958594,0.116355,0.219153,-5.204048,0.001944,2.405900,10S
1217283860.003336,0.028108,2.417322,-1.896680,1.475195,-11.590820,0.113366,0.226541,-5.204048,0.027500,2.356800,10S
1217283860.103305,-0.140542,2.473539,-2.002051,1.159082,-10.853223,0.113366,0.226541,-5.204048,0.027500,2.356800,10S
1217283860.203484,-0.337301,2.473539,-1.791309,1.369824,-10.958594,0.107386,0.241316,-5.204048,0.027500,2.307700,10S
1217283860.303300,-0.449734,2.557864,-1.475195,1.369824,-11.696191,0.107386,0.241316,-5.204048,0.068333,2.307700,10S
1217283860.403542,-0.618385,2.614081,-1.475195,1.685938,-11.169336,0.107386,0.241316,-5.204048,0.068333,2.307700,10S
1217283860.503299,-0.730818,2.782731,-2.528906,3.266504,-11.380078,0.098368,0.270886,-5.204048,0.103889,2.307700,10S
1217283860.603299,-0.618385,2.810840,-0.948340,3.793359,-11.274707,0.098368,0.270886,-5.204048,0.103889,2.356800,10S
1217283860.703299,-0.505951,2.979490,-1.896680,4.004102,-10.220996,0.090857,0.294911,-5.204048,0.145278,2.405900,10S
1217283860.803299,-0.281084,2.979490,-1.896680,4.636328,-11.169336,0.090857,0.294911,-5.204048,0.145278,2.405900,10S
1217283860.903305,-0.140542,3.007599,-1.896680,4.530957,-10.958594,0.080332,0.330027,-5.204048,0.176944,2.356800,10S
1217283861.003309,0.084325,2.979490,-0.948340,4.320215,-10.853223,0.080332,0.330027,-5.204048,0.176944,2.455000,10S
1217283861.103466,0.196759,2.867057,-0.842969,4.004102,-10.958594,0.066830,0.370678,-5.204048,0.203889,2.455000,10S
1217283861.203332,0.252976,2.838948,-1.896680,3.793359,-10.747852,0.066830,0.370678,-5.204048,0.203889,2.455000,10S
1217283861.303375,0.281084,2.782731,-2.212793,3.582617,-11.169336,0.066830,0.370678,-5.204048,0.203889,2.504100,10S
1217283861.403299,0.252976,2.670298,-2.212793,2.528906,-11.169336,0.051833,0.415024,-5.204048,0.230833,2.455000,10S
1217283861.503300,0.168650,2.670298,-2.212793,2.002051,-11.590820,0.051833,0.415024,-5.204048,0.230833,2.405900,10S
1217283861.603299,-0.028108,2.614081,-2.002051,1.791309,-11.906934,0.036811,0.463073,-5.204048,0.244444,2.405900,10S
1217283861.703299,-0.140542,2.585973,-2.107422,1.580566,-12.012305,0.036811,0.463073,-5.204048,0.244444,2.356800,10S
1217283861.803305,-0.252976,2.585973,-1.475195,1.896680,-11.380078,0.020319,0.511112,-5.204048,0.251667,2.307700,10S
1217283861.903300,-0.421626,2.642189,-1.791309,2.212793,-10.853223,0.020319,0.511112,-5.204048,0.251667,2.356800,10S
1217283862.003336,-0.449734,2.754623,-1.685938,2.845020,-10.537109,0.002344,0.560994,-5.204048,0.273056,2.405900,10S
1217283862.103304,-0.449734,2.810840,-1.580566,3.055762,-11.590820,0.002344,0.560994,-5.204048,0.273056,2.455000,10S
1217283862.203546,-0.393518,2.838948,-1.685938,3.582617,-11.169336,0.002344,0.560994,-5.204048,0.273056,2.455000,10S
1217283862.303300,-0.281084,2.838948,-1.053711,3.477246,-10.115625,-0.036608,0.669996,-5.204048,0.291389,2.504100,10S
1217283862.403343,-0.168650,2.867057,-1.159082,4.214844,-12.223047,-0.036608,0.669996,-5.204048,0.291389,2.504100,10S
1217283862.503299,-0.084325,2.838948,-1.264453,3.687988,-10.642480,-0.057597,0.730969,-5.204048,0.316667,2.553200,10S
1217283862.603299,-0.028108,2.867057,-1.369824,4.004102,-11.485449,-0.057597,0.730969,-5.204048,0.316667,2.553200,10S
1217283862.703300,0.056217,2.810840,-1.580566,3.793359,-11.063965,-0.081563,0.797478,-5.204048,0.341389,2.553200,10S
1217283862.803299,0.112434,2.782731,-1.475195,3.266504,-11.801563,-0.081563,0.797478,-5.204048,0.341389,2.553200,10S
1217283862.903305,0.140542,2.670298,-1.475195,2.950391,-11.801563,-0.107013,0.865828,-5.204048,0.370833,2.504100,10S
1217283863.003309,0.084325,2.614081,-1.369824,2.107422,-11.696191,-0.107013,0.865828,-5.204048,0.370833,2.553200,10S
1217283863.103469,0.084325,2.585973,-1.685938,2.002051,-12.644531,-0.132510,0.941586,-5.204048,0.394167,2.553200,10S
1217283863.203331,-0.112434,2.529756,-1.685938,1.475195,-12.012305,-0.132510,0.941586,-5.204048,0.394167,2.504100,10S
1217283863.303377,-0.224867,2.614081,-2.107422,1.685938,-12.012305,-0.132510,0.941586,-5.204048,0.394167,2.504100,10S
1217283863.403299,-0.337301,2.642189,-1.580566,2.002051,-11.380078,-0.163927,1.022861,-5.204048,0.428056,2.455000,10S
1217283863.503299,-0.421626,2.726515,-1.053711,2.107422,-10.537109,-0.163927,1.022861,-5.204048,0.428056,2.504100,10S
1217283863.603299,-0.505951,2.782731,-1.053711,2.739648,-10.642480,-0.195392,1.111542,-5.204048,0.463611,2.455000,10S
1217283863.703300,-0.421626,2.867057,-1.264453,3.477246,-10.958594,-0.195392,1.111542,-5.204048,0.463611,2.504100,10S
1217283863.803300,-0.365409,2.895165,-1.791309,4.004102,-11.906934,-0.228352,1.203918,-5.204048,0.481944,2.455000,10S
1217283863.903299,-0.168650,2.895165,-1.685938,4.214844,-10.853223,-0.228352,1.203918,-5.204048,0.481944,2.455000,10S
1217283864.003468,-0.028108,2.867057,-1.264453,4.320215,-11.801563,-0.268677,1.298096,-5.204048,0.518056,2.504100,10S
1217283864.103333,0.084325,2.838948,-1.053711,3.582617,-10.747852,-0.268677,1.298096,-5.204048,0.518056,2.455000,10S
1217283864.203544,0.224867,2.810840,-1.264453,3.687988,-10.958594,-0.268677,1.298096,-5.204048,0.518056,2.504100,10S
1217283864.303300,0.281084,2.754623,-1.896680,3.161133,-11.590820,-0.361116,1.490080,-5.204048,0.536944,2.504100,10S
1217283864.403335,0.252976,2.670298,-2.002051,2.528906,-11.906934,-0.361116,1.490080,-5.204048,0.536944,2.455000,10S
1217283864.503299,0.252976,2.585973,-2.107422,2.002051,-11.590820,-0.413217,1.586033,-5.204048,0.548333,2.455000,10S
1217283864.603299,0.112434,2.473539,-1.791309,1.791309,-12.117676,-0.413217,1.586033,-5.204048,0.548333,2.405900,10S
1217283864.703299,0.084325,2.445431,-1.791309,1.580566,-11.906934,-0.468272,1.683819,-5.204048,0.552778,2.356800,10S
1217283864.803299,-0.028108,2.389214,-1.896680,1.159082,-10.747852,-0.468272,1.683819,-5.204048,0.552778,2.356800,10S
1217283864.903334,-0.224867,2.417322,-2.107422,0.948340,-11.274707,-0.526268,1.781586,-5.204048,0.562500,2.356800,10S
1217283865.003307,-0.309192,2.473539,-1.685938,0.842969,-11.274707,-0.526268,1.781586,-5.204048,0.562500,2.356800,10S
1217283865.103482,-0.477843,2.501647,-1.475195,0.632227,-11.380078,-0.585734,1.879342,-5.204048,0.562500,2.405900,10S
1217283865.203299,-0.590276,2.585973,-2.423535,1.896680,-11.485449,-0.585734,1.879342,-5.204048,0.566944,2.405900,10S
1217283865.303544,-0.618385,2.670298,-1.685938,2.212793,-11.380078,-0.585734,1.879342,-5.204048,0.566944,2.455000,10S
1217283865.403299,-0.646493,2.754623,-1.685938,3.266504,-10.958594,-0.652529,1.973347,-5.204048,0.574444,2.405900,10S
1217283865.503299,-0.449734,2.838948,-1.475195,3.477246,-11.380078,-0.652529,1.973347,-5.204048,0.574444,2.455000,10S
1217283865.603299,-0.309192,2.838948,-0.948340,4.320215,-11.169336,-0.723711,2.063620,-5.204048,0.575278,2.455000,10S
1217283865.703299,-0.084325,2.810840,-1.475195,4.320215,-11.801563,-0.723711,2.063620,-5.204048,0.575278,2.455000,10S
1217283865.803305,0.140542,2.754623,-1.580566,3.582617,-10.853223,-0.799293,2.152012,-5.204048,0.579167,2.504100,10S
1217283865.903307,0.252976,2.670298,-1.264453,3.371875,-10.747852,-0.799293,2.152012,-5.204048,0.579167,2.455000,10S
1217283866.003470,0.252976,2.614081,-1.896680,2.318164,-11.274707,-0.876321,2.236690,-5.204048,0.563333,2.455000,10S
1217283866.103332,0.168650,2.501647,-2.107422,1.369824,-11.063965,-0.876321,2.236690,-5.204048,0.563333,2.405900,10S
1217283866.203545,0.000000,2.529756,-2.212793,1.580566,-11.696191,-0.876321,2.236690,-5.204048,0.563333,2.356800,10S
1217283866.303299,-0.112434,2.529756,-2.318164,1.475195,-11.380078,-1.028870,2.400502,-5.204048,0.556111,2.258600,10S
1217283866.403299,-0.224867,2.529756,-2.107422,1.475195,-12.117676,-1.028870,2.400502,-5.204048,0.556111,2.258600,10S
1217283866.503299,-0.365409,2.614081,-2.212793,1.580566,-11.485449,-1.104390,2.479635,-5.204048,0.548056,2.209500,10S
1217283866.603299,-0.562168,2.670298,-1.896680,2.107422,-11.063965,-1.104390,2.479635,-5.204048,0.548056,2.209500,10S
1217283866.703306,-0.562168,2.698406,-2.212793,2.845020,-11.696191,-1.182840,2.556897,-5.204048,0.547222,2.209500,10S
1217283866.803300,-0.449734,2.782731,-1.896680,3.266504,-11.485449,-1.182840,2.556897,-5.204048,0.547222,2.160400,10S
1217283866.903334,-0.421626,2.838948,-1.896680,3.793359,-10.853223,-1.262736,2.630446,-5.204048,0.545000,2.160400,10S
1217283867.003306,-0.252976,2.867057,-2.107422,4.530957,-10.537109,-1.262736,2.630446,-5.204048,0.545000,2.160400,10S
1217283867.103482,-0.056217,2.867057,-2.107422,4.425586,-11.274707,-1.345537,2.698420,-5.204048,0.545000,2.209500,10S
1217283867.203299,0.056217,2.838948,-2.107422,3.898730,-10.747852,-1.345537,2.698420,-5.204048,0.541111,2.160400,10S
1217283867.303347,0.056217,2.754623,-1.791309,3.687988,-10.537109,-1.345537,2.698420,-5.204048,0.541111,2.111300,10S
1217283867.403299,0.084325,2.642189,-2.634277,3.161133,-10.747852,-1.429796,2.764533,-5.204048,0.530833,2.160400,10S
1217283867.503299,0.140542,2.614081,-2.739648,3.582617,-11.169336,-1.429796,2.764533,-5.204048,0.530833,2.111300,10S
1217283867.603299,0.168650,2.614081,-2.845020,2.528906,-10.958594,-1.515489,2.825080,-5.204048,0.520833,2.111300,10S
1217283867.703299,0.028108,2.614081,-2.845020,2.423535,-10.747852,-1.515489,2.825080,-5.204048,0.520833,2.013100,10S
1217283867.803305,-0.140542,2.614081,-2.212793,2.528906,-10.537109,-1.604074,2.878202,-5.204048,0.515000,2.013100,10S
1217283867.903308,-0.224867,2.614081,-2.002051,2.423535,-11.801563,-1.604074,2.878202,-5.204048,0.515000,2.111300,10S
1217283868.003474,-0.252976,2.614081,-2.318164,2.950391,-10.853223,-1.692636,2.927620,-5.204048,0.470278,2.062200,10S
1217283868.103332,-0.281084,2.642189,-2.212793,2.739648,-10.958594,-1.692636,2.927620,-5.204048,0.470278,2.111300,10S
1217283868.203376,-0.252976,2.726515,-2.318164,2.634277,-10.958594,-1.692636,2.927620,-5.204048,0.470278,2.111300,10S
1217283868.303299,-0.281084,2.726515,-2.528906,3.371875,-12.012305,-1.741881,3.036555,-5.204048,0.283889,2.111300,10S
1217283868.403299,-0.252976,2.754623,-2.002051,3.161133,-11.590820,-1.741881,3.036555,-5.204048,0.283889,2.160400,10S
1217283868.503299,-0.224867,2.726515,-2.318164,3.687988,-11.169336,-1.758361,3.082743,-5.204048,0.245833,2.160400,10S
1217283868.603299,-0.140542,2.726515,-2.002051,3.687988,-10.747852,-1.758361,3.082743,-5.204048,0.245833,2.111300,10S
1217283868.703305,-0.084325,2.810840,-2.634277,3.793359,-10.853223,-1.773358,3.127088,-5.204048,0.238056,2.160400,10S
1217283868.803300,-0.056217,2.782731,-2.423535,3.477246,-10.853223,-1.773358,3.127088,-5.204048,0.238056,2.111300,10S
1217283868.903330,-0.056217,2.782731,-2.528906,3.477246,-10.958594,-1.788331,3.167730,-5.204048,0.225000,2.111300,10S
1217283869.003307,-0.056217,2.754623,-1.896680,3.477246,-11.169336,-1.788331,3.167730,-5.204048,0.225000,2.013100,10S
1217283869.103543,-0.084325,2.726515,-2.528906,3.582617,-10.431738,-1.788331,3.167730,-5.204048,0.225000,2.013100,10S
1217283869.203299,-0.028108,2.726515,-2.845020,3.687988,-11.906934,-1.803292,3.206520,-5.204048,0.205556,2.062200,10S
1217283869.303340,-0.084325,2.698406,-2.634277,3.161133,-10.537109,-1.803292,3.206520,-5.204048,0.205556,1.964000,10S
1217283869.403300,-0.084325,2.782731,-2.739648,3.477246,-10.642480,-1.815275,3.239775,-5.204048,0.187222,1.914900,10S
1217283869.503299,-0.028108,2.782731,-2.634277,3.687988,-11.274707,-1.815275,3.239775,-5.204048,0.187222,1.964000,10S
1217283869.603299,-0.028108,2.754623,-2.950391,3.898730,-10.642480,-1.828741,3.274871,-5.204048,0.170556,1.914900,10S
1217283869.703299,-0.028108,2.726515,-2.845020,3.582617,-10.642480,-1.828741,3.274871,-5.204048,0.170556,1.914900,10S
1217283869.803333,-0.056217,2.782731,-3.055762,3.582617,-10.958594,-1.840712,3.306274,-5.204048,0.161667,1.964000,10S
1217283869.903304,0.028108,2.726515,-2.950391,3.055762,-11.169336,-1.840712,3.306274,-5.204048,0.161667,1.964000,10S
1217283870.003486,-0.084325,2.698406,-2.528906,3.371875,-10.958594,-1.851201,3.335834,-5.204048,0.161667,1.914900,10S
1217283870.103299,-0.084325,2.726515,-2.423535,3.477246,-10.642480,-1.851201,3.335834,-5.204048,0.158889,1.964000,10S
1217283870.203544,-0.112434,2.754623,-2.634277,3.161133,-10.958594,-1.851201,3.335834,-5.204048,0.158889,1.964000,10S
1217283870.303299,-0.084325,2.698406,-3.055762,3.266504,-11.485449,-1.873624,3.391242,-5.204048,0.147778,2.013100,10S
1217283870.403345,-0.140542,2.726515,-2.739648,3.477246,-11.063965,-1.881135,3.415267,-5.204048,0.132500,1.964000,10S
1217283870.503299,-0.056217,2.754623,-2.212793,2.634277,-11.063965,-1.881135,3.415267,-5.204048,0.132500,1.964000,10S
1217283870.603299,-0.084325,2.782731,-2.739648,3.793359,-11.380078,-1.881135,3.415267,-5.204048,0.132500,2.013100,10S
1217283870.703305,-0.028108,2.754623,-2.634277,3.371875,-10.958594,-1.890092,3.435578,-5.204048,0.108611,2.013100,10S
1217283870.803307,-0.084325,2.782731,-2.528906,3.266504,-10.747852,-1.890092,3.435578,-5.204048,0.108611,2.013100,10S
1217283870.903463,0.000000,2.698406,-2.528906,3.371875,-11.169336,-1.896071,3.450353,-5.204048,0.094444,2.062200,10S
1217283871.003334,0.028108,2.726515,-3.055762,3.371875,-10.958594,-1.896071,3.450353,-5.204048,0.094444,2.013100,10S
1217283871.103545,0.028108,2.698406,-2.634277,3.477246,-10.958594,-1.896071,3.450353,-5.204048,0.094444,1.964000,10S
1217283871.203299,0.028108,2.670298,-3.055762,2.845020,-11.274707,-1.897615,3.461454,-5.204048,0.067778,1.964000,10S
1217283871.303300,-0.112434,2.670298,-2.739648,2.739648,-10.853223,-1.897615,3.461454,-5.204048,0.067778,1.914900,10S
1217283871.403305,-0.140542,2.670298,-2.845020,2.950391,-10.853223,-1.897651,3.467010,-5.204048,0.042500,1.914900,10S
1217283871.503299,-0.224867,2.642189,-2.739648,3.161133,-10.431738,-1.897651,3.467010,-5.204048,0.042500,1.914900,10S
1217283871.603305,-0.168650,2.726515,-3.371875,3.266504,-11.063965,-1.893240,3.467039,-5.204048,0.020556,1.865800,10S
1217283871.703300,-0.196759,2.698406,-3.055762,2.845020,-10.747852,-1.893240,3.467039,-5.204048,0.020556,1.865800,10S
1217283871.803334,-0.252976,2.782731,-3.371875,3.266504,-11.063965,-1.885850,3.461532,-5.204048,0.050833,1.816700,10S
1217283871.903305,-0.337301,2.782731,-2.739648,3.793359,-10.537109,-1.885850,3.461532,-5.204048,0.050833,1.865800,10S
1217283872.003501,-0.309192,2.867057,-2.950391,4.004102,-10.537109,-1.875459,3.446785,-5.204048,0.050833,1.865800,10S
1217283872.103299,-0.252976,2.867057,-3.161133,4.530957,-10.431738,-1.875459,3.446785,-5.204048,0.115000,1.865800,10S
1217283872.203346,-0.140542,2.867057,-2.739648,4.530957,-10.537109,-1.857533,3.404311,-5.204048,0.125556,1.914900,10S
1217283872.303299,-0.056217,2.838948,-2.423535,4.214844,-10.642480,-1.857533,3.404311,-5.204048,0.125556,1.964000,10S
1217283872.403299,0.056217,2.867057,-2.950391,4.320215,-10.537109,-1.857533,3.404311,-5.204048,0.125556,1.964000,10S
1217283872.503299,0.112434,2.810840,-2.423535,4.636328,-10.642480,-1.849986,3.374731,-5.204048,0.156111,1.914900,10S
1217283872.603299,0.196759,2.726515,-3.161133,3.687988,-10.747852,-1.849986,3.374731,-5.204048,0.156111,1.914900,10S
1217283872.703305,0.281084,2.614081,-3.161133,3.582617,-10.853223,-1.838002,3.341476,-5.204048,0.179444,1.914900,10S
1217283872.803307,0.224867,2.614081,-3.161133,3.161133,-10.642480,-1.838002,3.341476,-5.204048,0.179444,1.865800,10S
1217283872.903472,0.140542,2.529756,-3.371875,2.739648,-11.274707,-1.825971,3.300815,-5.204048,0.221944,1.767600,10S
1217283873.003334,0.084325,2.529756,-3.793359,2.528906,-11.380078,-1.825971,3.300815,-5.204048,0.221944,1.767600,10S
1217283873.103377,0.000000,2.529756,-2.950391,2.212793,-10.747852,-1.825971,3.300815,-5.204048,0.221944,1.718500,10S
1217283873.203299,-0.056217,2.529756,-3.161133,2.107422,-11.063965,-1.810949,3.252766,-5.204048,0.251667,1.718500,10S
1217283873.303299,-0.224867,2.614081,-4.109473,2.423535,-10.747852,-1.810949,3.252766,-5.204048,0.251667,1.718500,10S
1217283873.403299,-0.281084,2.642189,-3.266504,2.002051,-11.063965,-1.792986,3.204736,-5.204048,0.265278,1.767600,10S